0 0.917018 0.939206 0.0587723 0.120943 0.949115
0 0.845422 0.455217 0.0567213 0.177949 0.762963
0 0.469679 0.83072 0.0330211 0.0902237 0.752715
0 0.338113 0.526246 0.0660932 0.174163 0.728542
0 0.721815 0.327698 0.0422463 0.150767 0.688655
0 0.0608439 0.608691 0.051736 0.173375 0.647978
0 0.218247 0.847479 0.0432151 0.115175 0.573761
0 0.0779429 0.828059 0.0341823 0.0906201 0.560867
0 0.67552 0.222522 0.0350701 0.131196 0.559318
0 0.46324 0.735747 0.0378837 0.156931 0.557313
0 0.691742 0.676439 0.0763725 0.179957 0.448929
0 0.441884 0.302441 0.038471 0.141179 0.40543
0 0.366937 0.105066 0.0236165 0.0472773 0.399567
0 0.453757 0.752346 0.0564967 0.140596 0.390716
0 0.14877 0.796954 0.050777 0.220742 0.365754
0 0.184763 0.816054 0.0355626 0.153679 0.353809
0 0.444431 0.478648 0.0592605 0.173365 0.341069
0 0.0265321 0.839791 0.050118 0.134803 0.331898
0 0.01848 0.690734 0.0342725 0.0947165 0.328541
0 0.0179841 0.728543 0.035911 0.169985 0.317738
0 0.105185 0.8643 0.0346713 0.0865275 0.306568
0 0.309606 0.852281 0.0358447 0.0739 0.281786
0 0.729877 0.291489 0.0248208 0.0789501 0.275224
0 0.47199 0.682924 0.0179626 0.0543346 0.262076
0 0.464265 0.69998 0.0339381 0.0885706 0.260131
