0 0.259295 0.281149 0.0409932 0.171561 0.617252
0 0.402079 0.134331 0.0301705 0.0570417 0.48727
0 0.892382 0.571902 0.0360069 0.189826 0.47466
0 0.489616 0.371099 0.0372091 0.202562 0.472635
0 0.436934 0.799498 0.0504298 0.134081 0.471494
0 0.575787 0.439625 0.0324421 0.227017 0.469011
0 0.430773 0.586686 0.0395582 0.215571 0.445516
0 0.22149 0.181527 0.028999 0.0643515 0.368847
0 0.532216 0.278184 0.0280514 0.165912 0.366816
0 0.573148 0.308853 0.0325093 0.095846 0.364868
0 0.803719 0.945307 0.0581165 0.109356 0.359187
0 0.573758 0.34239 0.0352326 0.16473 0.329698
0 0.544903 0.361926 0.0306623 0.185781 0.327532
0 0.264365 0.124409 0.0186217 0.0656912 0.305747
0 0.282777 0.117526 0.0219057 0.063756 0.302051
0 0.851205 0.932641 0.0447365 0.13465 0.296779
0 0.374911 0.137171 0.0254624 0.0645209 0.291676
0 0.909949 0.786322 0.0288574 0.0956358 0.286904
0 0.388583 0.0841008 0.0245803 0.0752671 0.282074
0 0.763794 0.296587 0.0341517 0.0794027 0.271007
0 0.242579 0.2669 0.0328677 0.142592 0.260664
0 0.599436 0.388374 0.0310655 0.159392 0.253092
