0 0.344824 0.447311 0.0786417 0.196035 0.656927
0 0.412946 0.286613 0.0284548 0.144879 0.654654
0 0.183666 0.52355 0.0397279 0.205792 0.624964
0 0.281081 0.359219 0.0408856 0.164241 0.598896
0 0.225094 0.224931 0.0259253 0.0618499 0.598502
0 0.582583 0.563482 0.0523816 0.195897 0.509411
0 0.48631 0.357423 0.0588657 0.174328 0.497867
0 0.741845 0.792031 0.0329234 0.153155 0.444327
0 0.212689 0.326521 0.0365881 0.159696 0.406134
0 0.814139 0.79031 0.0376545 0.133168 0.363914
0 0.301877 0.269344 0.0216099 0.156549 0.354298
0 0.797927 0.548924 0.036534 0.143018 0.347702
0 0.549148 0.418486 0.0313936 0.186645 0.344904
0 0.25904 0.216304 0.0218619 0.0387206 0.303766
0 0.778008 0.473078 0.0293445 0.090002 0.276467
0 0.733878 0.889346 0.0362629 0.117033 0.260554
