0 0.738737 0.311608 0.0369386 0.106602 0.777364
0 0.3357 0.71167 0.0755047 0.136486 0.728054
0 0.814471 0.409272 0.0336434 0.167863 0.671839
0 0.659709 0.532644 0.0503467 0.172918 0.660096
0 0.433953 0.609278 0.0408394 0.1494 0.655626
0 0.450822 0.332129 0.0258049 0.166901 0.634045
0 0.913879 0.332232 0.0420258 0.172461 0.598305
0 0.769058 0.436215 0.0473042 0.170699 0.584452
0 0.73309 0.546669 0.0449413 0.195821 0.576369
0 0.886949 0.243562 0.0270502 0.0482399 0.443154
0 0.370055 0.821248 0.0372349 0.106219 0.413663
0 0.672645 0.316013 0.0371414 0.139384 0.407814
0 0.26878 0.836459 0.03203 0.0831874 0.367715
0 0.501701 0.829384 0.0447302 0.0973725 0.340801
0 0.486255 0.396109 0.0328634 0.184009 0.313747
0 0.411576 0.852785 0.0366845 0.061323 0.306206
0 0.669899 0.186767 0.0209068 0.0423958 0.291435
