0 0.63104 0.254332 0.0304281 0.115976 0.811008
0 0.433945 0.352957 0.0377937 0.135488 0.73824
0 0.533901 0.641827 0.0543833 0.227323 0.707167
0 0.717795 0.613757 0.0378779 0.156073 0.707097
0 0.819167 0.291926 0.0521246 0.150486 0.677706
0 0.534985 0.345859 0.047164 0.163309 0.573785
0 0.381726 0.474103 0.0380176 0.182353 0.523742
0 0.766411 0.310578 0.0411725 0.131136 0.515593
0 0.634506 0.393344 0.0468994 0.175396 0.483598
0 0.463371 0.764356 0.0446028 0.227909 0.474387
0 0.880632 0.220246 0.0258331 0.0507487 0.407862
0 0.393779 0.834318 0.0358079 0.079136 0.394307
0 0.806482 0.201397 0.026379 0.0506832 0.393052
0 0.94493 0.240379 0.0223835 0.0418961 0.362115
0 0.599491 0.676983 0.0543761 0.199317 0.343391
0 0.839924 0.20918 0.0253479 0.0439964 0.296179
0 0.658899 0.164246 0.0220824 0.0466631 0.294567
0 0.77768 0.193605 0.019718 0.0449839 0.268114
