0 0.507599 0.506663 0.0378415 0.172326 0.697833
0 0.454587 0.331234 0.0254777 0.160184 0.694068
0 0.492855 0.355236 0.0246231 0.148682 0.654143
0 0.412275 0.606482 0.0503705 0.226051 0.618351
0 0.627782 0.569633 0.0525778 0.216512 0.608127
0 0.849774 0.650478 0.0455669 0.181944 0.601453
0 0.283248 0.283038 0.022251 0.0409307 0.542294
0 0.905414 0.642709 0.0303374 0.0901231 0.377968
0 0.651612 0.776041 0.0702373 0.176243 0.347111
0 0.408321 0.41502 0.0423121 0.172884 0.338118
0 0.775994 0.889232 0.0418013 0.158699 0.326283
0 0.776533 0.963175 0.045171 0.0694763 0.323615
0 0.40195 0.415771 0.0574824 0.189607 0.318847
0 0.435635 0.238956 0.0236147 0.0454594 0.297169
0 0.937363 0.562018 0.0290142 0.114812 0.278369
0 0.372021 0.561763 0.0425796 0.221249 0.273869
0 0.384175 0.249456 0.0189479 0.0498814 0.271394
