0 0.881155 0.487696 0.0510109 0.147508 0.826739
0 0.855598 0.260313 0.0239021 0.0460802 0.458769
0 0.767885 0.39912 0.0434932 0.161521 0.458142
0 0.342904 0.469829 0.0371823 0.124599 0.45629
0 0.528821 0.408116 0.0574953 0.136945 0.428124
0 0.561436 0.183019 0.0232587 0.0461042 0.372184
0 0.384872 0.834778 0.0398965 0.0719901 0.358508
0 0.825524 0.254299 0.0223152 0.0524509 0.332355
0 0.923488 0.280115 0.0291487 0.0446086 0.33002
0 0.442498 0.450301 0.03342 0.134482 0.325794
0 0.367792 0.559735 0.0605057 0.210218 0.305584
0 0.412177 0.457676 0.0358202 0.13702 0.282914
0 0.821711 0.204317 0.0202015 0.0591613 0.27772
0 0.63209 0.200293 0.0224742 0.0410163 0.275907
0 0.905329 0.233351 0.0292299 0.0697656 0.265826
0 0.181252 0.611189 0.0392229 0.20329 0.26003
