0 0.305834 0.325505 0.0576536 0.159121 0.663823
0 0.235437 0.294815 0.0260512 0.171825 0.490832
0 0.765476 0.341748 0.0306945 0.0907559 0.417171
0 0.901739 0.607659 0.0450596 0.233681 0.414276
0 0.533678 0.375498 0.0333525 0.272205 0.395524
0 0.501047 0.421036 0.0627212 0.211232 0.392258
0 0.400673 0.177646 0.0283252 0.0549282 0.353364
0 0.260248 0.216452 0.0259855 0.0488371 0.347042
0 0.965838 0.629016 0.041193 0.117323 0.338507
0 0.282057 0.158002 0.0229934 0.0628131 0.311522
0 0.587177 0.49297 0.0401971 0.210353 0.305807
0 0.2171 0.264829 0.0257794 0.144512 0.299575
0 0.2819 0.173453 0.0238433 0.0886943 0.299423
0 0.985453 0.670011 0.0285138 0.112751 0.29754
0 0.430691 0.171683 0.0233976 0.0475869 0.292613
0 0.244684 0.184097 0.0222768 0.103582 0.288362
0 0.374313 0.181248 0.024795 0.0580468 0.287925
0 0.244388 0.163221 0.0218418 0.0685688 0.269086
0 0.306055 0.172485 0.0188286 0.0901027 0.268142
