0 0.627087 0.32256 0.054304 0.138705 0.626895
0 0.759113 0.418579 0.0601148 0.137963 0.594138
0 0.875543 0.336334 0.0291435 0.157393 0.537317
0 0.83809 0.406443 0.0303196 0.142528 0.488449
0 0.41542 0.430824 0.0333754 0.169669 0.454992
0 0.801123 0.235101 0.0258648 0.0428175 0.453203
0 0.838693 0.243847 0.0254671 0.0479258 0.434211
0 0.458458 0.830712 0.0482233 0.119844 0.360407
0 0.391199 0.588316 0.0355041 0.168958 0.350355
0 0.379702 0.849153 0.035533 0.0564084 0.319893
0 0.524784 0.439826 0.0333745 0.150015 0.302932
0 0.314529 0.802729 0.0372696 0.136966 0.292472
0 0.866769 0.250031 0.0195345 0.0475798 0.290303
0 0.345177 0.82225 0.0307054 0.109657 0.267807
0 0.245327 0.832688 0.0269326 0.0754117 0.264975
0 0.927649 0.262681 0.0264267 0.0497059 0.26057
0 0.286332 0.688659 0.02598 0.192962 0.260311
0 0.416191 0.406342 0.0322195 0.122073 0.250168
