0 0.794735 0.393053 0.0569031 0.164694 0.757511
0 0.768327 0.971933 0.0564615 0.055652 0.68871
0 0.3601 0.831399 0.0377169 0.0880131 0.631333
0 0.741165 0.301478 0.0383015 0.0947114 0.617375
0 0.384817 0.491264 0.0489561 0.111037 0.53412
0 0.922666 0.495431 0.0592415 0.172717 0.52957
0 0.60698 0.359106 0.0461289 0.131059 0.502413
0 0.388061 0.688061 0.0696512 0.172476 0.422698
0 0.343117 0.749411 0.0133599 0.0492422 0.37555
0 0.759299 0.167956 0.019228 0.0650194 0.3601
0 0.969622 0.262717 0.0240406 0.0364606 0.343735
0 0.575142 0.16202 0.0262545 0.0367877 0.337069
0 0.46874 0.363576 0.0402979 0.109664 0.332578
0 0.327792 0.807522 0.0425401 0.127531 0.320682
0 0.461034 0.386429 0.0553198 0.155441 0.303641
0 0.448113 0.436591 0.0361334 0.113912 0.279201
0 0.901158 0.240768 0.0302532 0.0483366 0.270634
0 0.860063 0.234224 0.0312263 0.0414651 0.254315
