0 0.683145 0.779075 0.0585611 0.175318 0.636545
0 0.564585 0.733278 0.0593659 0.206107 0.605178
0 0.928033 0.324667 0.0431542 0.150229 0.560333
0 0.990827 0.243133 0.01767 0.0527653 0.549306
0 0.637128 0.381543 0.0576268 0.204523 0.533348
0 0.687673 0.29073 0.02974 0.118524 0.510235
0 0.788126 0.306488 0.0264351 0.134966 0.500128
0 0.422389 0.406553 0.035467 0.179236 0.49961
0 0.816977 0.198095 0.0241974 0.0482046 0.446225
0 0.471742 0.334421 0.0370586 0.163547 0.429632
0 0.591152 0.770629 0.0465767 0.137759 0.428165
0 0.604885 0.772574 0.0774256 0.144757 0.406317
0 0.953334 0.233952 0.0174633 0.0494794 0.385718
0 0.698667 0.165257 0.0241197 0.0505208 0.370893
0 0.92405 0.231425 0.0244961 0.0415485 0.296328
0 0.929909 0.234709 0.0212372 0.040772 0.268031
0 0.450313 0.81514 0.0419598 0.120452 0.258293
0 0.616708 0.856062 0.011995 0.0243473 0.250292
