0 0.515763 0.323226 0.0424146 0.10835 0.789007
0 0.572453 0.740316 0.0683014 0.18503 0.695806
0 0.971468 0.734764 0.0393733 0.117765 0.590741
0 0.619386 0.437308 0.0289603 0.154893 0.587028
0 0.0647309 0.624909 0.060908 0.160675 0.583357
0 0.437072 0.589954 0.053729 0.167835 0.578838
0 0.906205 0.651421 0.0506431 0.159174 0.553154
0 0.337848 0.277986 0.0295408 0.120266 0.544214
0 0.468817 0.226804 0.0264936 0.115002 0.538652
0 0.617855 0.635744 0.0412325 0.200421 0.455997
0 0.329867 0.279338 0.0555754 0.123754 0.424616
0 0.0759035 0.619883 0.0412264 0.158393 0.347928
0 0.182979 0.829041 0.0299699 0.211374 0.300811
