0 0.376079 0.493494 0.0618815 0.13812 0.865265
0 0.816718 0.97443 0.0539472 0.0492211 0.865256
0 0.602836 0.335248 0.0619086 0.123234 0.770481
0 0.740735 0.280142 0.0432386 0.115407 0.717709
0 0.46956 0.353698 0.0407669 0.133653 0.633418
0 0.409138 0.706875 0.0657997 0.156705 0.623077
0 0.791807 0.372571 0.0374673 0.156541 0.618018
0 0.364289 0.849468 0.0389565 0.0571435 0.603253
0 0.450556 0.453543 0.0453047 0.131149 0.592224
0 0.905972 0.492971 0.0857712 0.176086 0.540873
0 0.325436 0.824338 0.036838 0.0961245 0.537424
0 0.460955 0.133981 0.0232706 0.0450625 0.365138
0 0.22377 0.848834 0.0284139 0.0888199 0.337197
0 0.253905 0.421378 0.0349491 0.0948111 0.327968
0 0.293792 0.795898 0.0412952 0.13351 0.323198
0 0.565489 0.381393 0.00955677 0.029809 0.278382
0 0.5318 0.147699 0.0255317 0.0404292 0.276648
0 0.569283 0.163646 0.0219646 0.0354045 0.25125
