0 0.389267 0.44675 0.0376355 0.221262 0.700453
0 0.259223 0.342802 0.0214225 0.169559 0.623408
0 0.357031 0.410857 0.0386477 0.183247 0.547293
0 0.212802 0.27674 0.0268765 0.0465537 0.477515
0 0.496531 0.486552 0.0409092 0.135223 0.459489
0 0.428925 0.629311 0.0616781 0.218498 0.448008
0 0.367315 0.315607 0.0259665 0.0981915 0.388639
0 0.0581702 0.31731 0.0251939 0.058147 0.370465
0 0.774653 0.382483 0.035222 0.0809474 0.339085
0 0.174673 0.285333 0.0285982 0.0522924 0.325219
0 0.375537 0.225495 0.0236798 0.0537566 0.323688
0 0.264424 0.204979 0.0268288 0.0925519 0.298455
0 0.0223042 0.262354 0.024977 0.0820746 0.295767
0 0.492758 0.522141 0.034827 0.204035 0.287815
0 0.820178 0.664765 0.0265993 0.15777 0.287692
0 0.34767 0.234247 0.0267685 0.053189 0.27872
0 0.501935 0.591239 0.06111 0.214724 0.264744
0 0.213396 0.214734 0.0195455 0.0723148 0.262176
