0 0.316143 0.454576 0.0298637 0.134147 0.855546
0 0.119672 0.459139 0.0303766 0.177618 0.699527
0 0.410044 0.572252 0.0631565 0.204983 0.635204
0 0.571031 0.592923 0.0329139 0.177882 0.613079
0 0.284586 0.363788 0.0241899 0.164319 0.600413
0 0.459769 0.46223 0.0432263 0.149482 0.596979
0 0.416703 0.33154 0.027907 0.154397 0.392796
0 0.780971 0.614847 0.0279836 0.214012 0.351304
0 0.239603 0.306282 0.0227861 0.0414959 0.338529
0 0.0973373 0.345736 0.0206523 0.0507125 0.322541
0 0.20351 0.312678 0.027089 0.0617243 0.317751
0 0.483937 0.65379 0.0407316 0.22299 0.314459
0 0.74131 0.900035 0.0335569 0.137605 0.287504
0 0.781416 0.635826 0.0240522 0.159099 0.258608
0 0.392819 0.26322 0.0225013 0.0431084 0.252378
