0 0.450638 0.221898 0.0275457 0.122561 0.849319
0 0.507305 0.324315 0.0434582 0.119845 0.612172
0 0.611425 0.439209 0.0400334 0.148723 0.607797
0 0.0980578 0.619482 0.0656962 0.178144 0.600758
0 0.470119 0.592128 0.0437256 0.17883 0.589423
0 0.630937 0.607366 0.0255945 0.118454 0.562167
0 0.632223 0.618411 0.0326611 0.138606 0.517143
0 0.915433 0.611417 0.0385412 0.162727 0.460749
0 0.934323 0.713565 0.0343472 0.125474 0.459644
0 0.635168 0.636835 0.0375507 0.177221 0.444926
0 0.979411 0.715695 0.0322391 0.106164 0.429939
0 0.0732844 0.87796 0.0654611 0.178517 0.414001
0 0.335694 0.278615 0.0413606 0.135487 0.402764
0 0.906424 0.830735 0.0327107 0.100243 0.392789
0 0.160155 0.838512 0.0302112 0.220714 0.365882
0 0.927281 0.717145 0.04627 0.134134 0.324652
0 0.945128 0.775993 0.0396825 0.082538 0.301535
0 0.0721647 0.969247 0.0269101 0.0539141 0.285494
0 0.608111 0.730611 0.0454316 0.1715 0.269236
