0 0.902382 0.505652 0.0709406 0.140139 0.650483
0 0.79526 0.396766 0.0552732 0.15627 0.594042
0 0.759637 0.302777 0.0394296 0.132144 0.513523
0 0.3755 0.618963 0.0485816 0.141697 0.477485
0 0.906992 0.263366 0.0264504 0.0416686 0.448644
0 0.553817 0.389934 0.0614544 0.122905 0.445104
0 0.156357 0.619854 0.0427578 0.210868 0.400195
0 0.575912 0.384437 0.0367441 0.130171 0.388913
0 0.16467 0.467514 0.0321568 0.0862854 0.371176
0 0.184616 0.792548 0.025879 0.0820636 0.364123
0 0.399679 0.840373 0.03725 0.0629788 0.357887
0 0.839706 0.240651 0.024534 0.0519186 0.355512
0 0.343123 0.701141 0.0216455 0.0385245 0.338899
0 0.363431 0.813661 0.0355931 0.0933364 0.3192
0 0.546201 0.167605 0.0225102 0.038882 0.301408
0 0.952162 0.270309 0.0286096 0.0529353 0.284534
0 0.80488 0.35187 0.0340698 0.068794 0.278984
0 0.575114 0.404 0.0385412 0.0928018 0.255478
