0 0.705747 0.349417 0.0242881 0.142494 0.75491
0 0.419634 0.48898 0.0422048 0.204141 0.751918
0 0.828532 0.272225 0.0258136 0.0461051 0.620284
0 0.57314 0.376511 0.0430595 0.150301 0.573341
0 0.742993 0.318236 0.0284332 0.156001 0.569843
0 0.456157 0.845952 0.0414462 0.0885965 0.508481
0 0.821533 0.434833 0.0338543 0.132091 0.501889
0 0.465822 0.449073 0.02834 0.161707 0.487975
0 0.478701 0.774759 0.0521154 0.211651 0.471646
0 0.474441 0.455603 0.0460697 0.175053 0.442829
0 0.893784 0.291887 0.0269259 0.0469393 0.3347
0 0.208519 0.562468 0.035999 0.190579 0.31597
0 0.936302 0.299972 0.0295254 0.0523235 0.30801
0 0.543194 0.19751 0.022087 0.0420343 0.304383
0 0.483662 0.457171 0.0272785 0.174452 0.304302
0 0.830079 0.433159 0.018225 0.12393 0.274394
