0 0.425763 0.490798 0.038534 0.136949 0.835624
0 0.402072 0.420303 0.0415586 0.11511 0.681042
0 0.475691 0.840638 0.0306503 0.0710837 0.572342
0 0.309633 0.623257 0.030061 0.175394 0.548562
0 0.523061 0.336174 0.0215746 0.105375 0.538786
0 0.475248 0.562134 0.0333206 0.160862 0.532934
0 0.639894 0.551354 0.0501532 0.169048 0.503117
0 0.303041 0.515896 0.0288648 0.0707379 0.457656
0 0.768507 0.695908 0.032514 0.125144 0.425692
0 0.305399 0.568203 0.0330491 0.172449 0.404013
0 0.347797 0.383712 0.0408619 0.119779 0.338131
0 0.825186 0.790834 0.0283577 0.110091 0.269089
0 0.304431 0.528249 0.0315474 0.0943706 0.25802
0 0.161128 0.339358 0.0226909 0.0443599 0.256561
