0 0.225812 0.308244 0.0305832 0.132743 0.863506
0 0.294935 0.351204 0.0288463 0.139031 0.806512
0 0.203886 0.450418 0.0425144 0.169725 0.661478
0 0.314656 0.257869 0.0223989 0.146023 0.636804
0 0.684713 0.544523 0.0418881 0.205032 0.527748
0 0.411691 0.490527 0.0515496 0.176446 0.521742
0 0.386425 0.41309 0.0340561 0.184702 0.470984
0 0.818016 0.771244 0.0376087 0.123861 0.426812
0 0.749287 0.761495 0.03523 0.126264 0.361504
0 0.471835 0.386878 0.0562841 0.103748 0.349977
0 0.272047 0.200644 0.0213214 0.0475239 0.315822
0 0.378253 0.371952 0.0202207 0.112949 0.299701
0 0.867746 0.539432 0.0275078 0.086344 0.268257
