0 0.439289 0.648461 0.0498761 0.20774 0.765871
0 0.364712 0.47286 0.032289 0.172971 0.728697
0 0.263239 0.353768 0.0245831 0.170301 0.623623
0 0.0315247 0.492156 0.0372087 0.193023 0.573799
0 0.463748 0.546729 0.0399873 0.206429 0.565988
0 0.801036 0.651855 0.0466461 0.158379 0.466594
0 0.409366 0.424987 0.040055 0.16302 0.458097
0 0.349143 0.251845 0.028685 0.055741 0.427122
0 0.0676013 0.332645 0.0207313 0.0515454 0.389014
0 0.217055 0.292575 0.0251809 0.047981 0.386788
0 0.870435 0.869205 0.0422812 0.127918 0.348113
0 0.0328417 0.278292 0.0219046 0.0664105 0.342336
0 0.375211 0.244651 0.0206681 0.0622021 0.337232
0 0.379956 0.371278 0.0252693 0.0866474 0.321079
0 0.381309 0.387432 0.0295812 0.117512 0.298312
0 0.42003 0.234233 0.0217732 0.0478039 0.287093
0 0.394426 0.352722 0.0231318 0.0724936 0.278225
0 0.742512 0.900194 0.0356253 0.119613 0.270225
0 0.690148 0.486319 0.043676 0.113859 0.252433
