0 0.915904 0.492303 0.0707823 0.160758 0.744986
0 0.794332 0.977993 0.0500599 0.0440148 0.674361
0 0.381101 0.487675 0.0458043 0.106963 0.658628
0 0.602414 0.356035 0.0542368 0.119799 0.629933
0 0.751855 0.289205 0.0175773 0.123129 0.615105
0 0.792179 0.386948 0.0533173 0.152835 0.565915
0 0.695853 0.725303 0.0715353 0.18692 0.545902
0 0.345425 0.829371 0.0355465 0.0920206 0.46356
0 0.31313 0.803521 0.0453038 0.135998 0.438568
0 0.140748 0.76061 0.0334164 0.0947723 0.421772
0 0.55561 0.154284 0.0269598 0.0460739 0.377405
0 0.909898 0.24042 0.0185131 0.0448992 0.331235
0 0.387125 0.848709 0.0316849 0.0460735 0.323436
