0 0.423576 0.363422 0.0292623 0.118451 0.597463
0 0.481426 0.511608 0.0392798 0.148818 0.58941
0 0.415916 0.814728 0.0348621 0.122957 0.570384
0 0.394632 0.538712 0.0351514 0.164263 0.508302
0 0.656822 0.523604 0.0295733 0.149066 0.458567
0 0.348935 0.484053 0.0409948 0.153884 0.425164
0 0.0206221 0.959011 0.0361431 0.0817193 0.410007
0 0.227034 0.513041 0.0574466 0.163517 0.367288
0 0.0458176 0.314516 0.0190194 0.0471219 0.336006
0 0.805722 0.717045 0.0265764 0.0913382 0.306699
0 0.538492 0.255308 0.0265189 0.0574393 0.287467
