0 0.488574 0.430073 0.0356337 0.15222 0.705192
0 0.78348 0.589709 0.0245448 0.144165 0.675449
0 0.154796 0.399924 0.0312992 0.17828 0.611241
0 0.296656 0.403849 0.0457369 0.148989 0.584472
0 0.565191 0.533259 0.0280793 0.194493 0.527899
0 0.214848 0.267398 0.0266595 0.062766 0.476841
0 0.250014 0.264357 0.0227174 0.0376952 0.458776
0 0.284717 0.920749 0.0342165 0.154609 0.425586
0 0.509443 0.628142 0.0414451 0.199201 0.386875
0 0.455434 0.391348 0.0368836 0.181062 0.384892
0 0.385244 0.520417 0.049393 0.192859 0.370789
0 0.566948 0.529814 0.024028 0.155768 0.297804
0 0.864177 0.808593 0.0408543 0.147603 0.2957
0 0.827874 0.810611 0.0232212 0.0668185 0.288869
0 0.2962 0.297992 0.0213727 0.111602 0.279446
0 0.823951 0.80535 0.026935 0.0824428 0.2741
0 0.853941 0.506105 0.0343498 0.161116 0.273543
0 0.0760534 0.242031 0.0240568 0.0704816 0.267212
0 0.37445 0.221977 0.0261217 0.0491818 0.261706
