0 0.262295 0.896006 0.0398916 0.206794 0.639353
0 0.183266 0.357339 0.037701 0.17816 0.634502
0 0.298624 0.360604 0.027317 0.148825 0.578524
0 0.227568 0.231196 0.0249145 0.0544808 0.566554
0 0.372025 0.467084 0.0316569 0.18979 0.54842
0 0.749876 0.798534 0.0304856 0.111095 0.433819
0 0.572668 0.500146 0.0311708 0.188854 0.418583
0 0.543117 0.615758 0.0457039 0.216776 0.401244
0 0.476609 0.372465 0.0419931 0.172779 0.39056
0 0.262295 0.224855 0.022991 0.0481531 0.374757
0 0.306929 0.257531 0.018487 0.102723 0.347348
0 0.386295 0.189497 0.0254657 0.042067 0.338495
0 0.122587 0.260201 0.0223404 0.0502966 0.338233
0 0.751886 0.819808 0.036021 0.15654 0.310343
0 0.499166 0.385862 0.0292751 0.154727 0.308742
0 0.60226 0.735525 0.0498117 0.248629 0.30215
0 0.425208 0.254083 0.0278539 0.14095 0.28061
0 0.0888569 0.204782 0.024041 0.0680459 0.274039
0 0.480905 0.304044 0.0180132 0.0627543 0.26324
0 0.120816 0.197934 0.0283536 0.0745151 0.250095
