0 0.453794 0.415134 0.018342 0.0692381 0.776987
0 0.713783 0.364257 0.0325579 0.141863 0.76333
0 0.485321 0.777348 0.0493694 0.200388 0.582347
0 0.418461 0.520935 0.0582408 0.147872 0.545613
0 0.746525 0.319406 0.0280203 0.154148 0.545561
0 0.561211 0.376487 0.0338743 0.163248 0.533662
0 0.82495 0.447321 0.0370968 0.150881 0.527031
0 0.830299 0.272076 0.024012 0.0482772 0.418584
0 0.942622 0.300448 0.0269111 0.0511338 0.410139
0 0.864121 0.279585 0.030867 0.0562302 0.395618
0 0.452616 0.457291 0.0262327 0.153415 0.358465
0 0.712042 0.239093 0.0248695 0.0504428 0.355639
0 0.380752 0.489913 0.037035 0.182354 0.325068
0 0.89784 0.29113 0.028682 0.0493601 0.299094
0 0.20829 0.5739 0.0317742 0.194709 0.256967
