0 0.762264 0.576634 0.0506451 0.195224 0.694346
0 0.66135 0.532085 0.0559807 0.176173 0.680647
0 0.680065 0.335492 0.0477013 0.160722 0.630178
0 0.786507 0.401589 0.039531 0.164534 0.564161
0 0.470737 0.313391 0.0191208 0.148615 0.530319
0 0.432244 0.779119 0.0491333 0.154016 0.51954
0 0.465828 0.614096 0.0406926 0.151102 0.506624
0 0.736132 0.407004 0.0611696 0.155797 0.447675
0 0.735424 0.938452 0.0370048 0.123096 0.424015
0 0.420999 0.845682 0.037674 0.0524231 0.422154
0 0.945367 0.336007 0.0317405 0.163507 0.397025
0 0.500328 0.367229 0.0314613 0.163818 0.395143
0 0.504395 0.827781 0.0414772 0.092415 0.302926
0 0.586238 0.158987 0.0212134 0.0383887 0.270808
0 0.749904 0.298767 0.031494 0.0963348 0.266266
0 0.68282 0.179975 0.0215011 0.0481802 0.253295
