0 0.665492 0.306555 0.0245757 0.141132 0.717341
0 0.72412 0.421481 0.0473954 0.136181 0.688608
0 0.267538 0.64107 0.056072 0.180386 0.614895
0 0.330319 0.577361 0.0364751 0.164596 0.602886
0 0.817526 0.417089 0.0324505 0.14715 0.595878
0 0.867338 0.352363 0.0418007 0.133065 0.570068
0 0.571707 0.337141 0.0396433 0.148539 0.544275
0 0.45969 0.457098 0.0260902 0.185623 0.540529
0 0.536931 0.860624 0.0291989 0.0923207 0.492459
0 0.507565 0.584353 0.0722061 0.211852 0.431964
0 0.259858 0.783343 0.030991 0.124233 0.385789
0 0.288512 0.841112 0.0304189 0.149087 0.383027
0 0.428109 0.833903 0.0373667 0.142656 0.349193
0 0.326285 0.854644 0.0391813 0.102353 0.337048
0 0.876762 0.263259 0.0224144 0.0503874 0.308496
0 0.257588 0.747514 0.0232134 0.0552159 0.30403
0 0.400025 0.871868 0.0379051 0.0718647 0.302548
0 0.260901 0.631668 0.0404014 0.158056 0.296377
0 0.725633 0.230062 0.0254674 0.0402236 0.289965
0 0.444057 0.420518 0.026248 0.131871 0.28575
0 0.761102 0.23601 0.0238603 0.0394305 0.279013
0 0.10209 0.75322 0.0343475 0.0866228 0.267256
