0 0.5628 0.475591 0.0528284 0.174852 0.702526
0 0.976278 0.722746 0.0465858 0.141639 0.645835
0 0.46432 0.779903 0.0450789 0.196526 0.622358
0 0.436146 0.42433 0.0436832 0.177955 0.614101
0 0.633922 0.564159 0.051339 0.242116 0.515306
0 0.255092 0.249914 0.0254079 0.0500968 0.513829
0 0.393641 0.211195 0.0277275 0.0518648 0.482126
0 0.470538 0.491408 0.0339807 0.209652 0.358139
0 0.804654 0.916254 0.0442636 0.16039 0.34569
0 0.498668 0.368421 0.0490778 0.192617 0.332921
0 0.749548 0.372578 0.0296693 0.0806705 0.32676
0 0.0587687 0.229703 0.0285493 0.0876323 0.285701
0 0.423274 0.202279 0.0242565 0.0517902 0.279228
0 0.19382 0.245237 0.0245427 0.140285 0.269434
0 0.432729 0.455246 0.0401193 0.113877 0.262243
0 0.433305 0.353245 0.034317 0.150966 0.260403
