0 0.426968 0.363554 0.0347627 0.106303 0.774386
0 0.422304 0.566975 0.048088 0.173995 0.649196
0 0.573437 0.379523 0.0242696 0.108894 0.628835
0 0.543201 0.246714 0.0304367 0.10429 0.53172
0 0.252555 0.537786 0.0240196 0.136473 0.51863
0 0.101159 0.497509 0.0312105 0.162091 0.483565
0 0.668284 0.588311 0.0320017 0.185177 0.46282
0 0.720146 0.682796 0.0417667 0.169239 0.417603
0 0.366503 0.306703 0.028712 0.120368 0.386786
0 0.754722 0.772048 0.0169519 0.0350518 0.358816
0 0.780313 0.827865 0.0301287 0.0978906 0.304221
0 0.824756 0.695449 0.0275406 0.113244 0.285303
0 0.0739429 0.914259 0.0369177 0.171483 0.253619
