0 0.725067 0.371635 0.0371047 0.147849 0.629092
0 0.835557 0.45331 0.0388333 0.157832 0.586599
0 0.718084 0.239374 0.0223596 0.0475927 0.528728
0 0.84046 0.274075 0.0250542 0.0492644 0.527488
0 0.387059 0.526408 0.0516729 0.184807 0.485217
0 0.504913 0.772209 0.0576208 0.209622 0.431119
0 0.906067 0.291912 0.0276497 0.0503964 0.393128
0 0.62012 0.218713 0.021875 0.0392568 0.385431
0 0.871822 0.282256 0.0306232 0.0572716 0.360345
0 0.754402 0.320606 0.0289099 0.157521 0.358683
0 0.473657 0.453938 0.0624205 0.174219 0.349418
0 0.550675 0.39398 0.0443413 0.168817 0.342194
0 0.549684 0.198157 0.022448 0.0415899 0.318451
0 0.423803 0.464883 0.0483073 0.191527 0.31422
0 0.804449 0.269808 0.028002 0.0469585 0.280887
