0 0.583968 0.606474 0.0410475 0.202723 0.743007
0 0.682108 0.326205 0.0204866 0.114707 0.688393
0 0.845924 0.353553 0.0446918 0.143284 0.630254
0 0.673718 0.460878 0.0470013 0.145323 0.612507
0 0.792974 0.440858 0.0345753 0.163105 0.611306
0 0.524053 0.350173 0.025436 0.152027 0.589183
0 0.493896 0.523916 0.0444719 0.177697 0.57049
0 0.958925 0.275735 0.0212804 0.0479011 0.546693
0 0.385981 0.463399 0.0297129 0.17656 0.508069
0 0.278708 0.628477 0.0462963 0.176939 0.490248
0 0.404492 0.821471 0.0481989 0.144689 0.409357
0 0.788644 0.24416 0.0221206 0.042259 0.384379
0 0.100195 0.771904 0.0357989 0.0916563 0.334563
0 0.335174 0.872855 0.0256848 0.0469874 0.317042
0 0.93229 0.271001 0.0197815 0.0433304 0.312153
0 0.480341 0.188297 0.0188344 0.0420817 0.31006
0 0.357315 0.453111 0.0235455 0.170237 0.299729
0 0.677558 0.226244 0.0235401 0.0392109 0.29384
0 0.0631218 0.836973 0.0336415 0.110613 0.278085
0 0.261229 0.864798 0.0397829 0.126847 0.271707
0 0.81579 0.24859 0.0181521 0.0435286 0.266932
0 0.031703 0.76584 0.0324349 0.0710235 0.261582
0 0.391985 0.176826 0.0221307 0.04055 0.25829
0 0.291465 0.565269 0.0346217 0.165434 0.257767
