0 0.302353 0.314444 0.0516854 0.174004 0.724946
0 0.237495 0.294762 0.0301365 0.17021 0.47456
0 0.587856 0.492698 0.0397617 0.214515 0.459917
0 0.535456 0.401073 0.0335571 0.1749 0.44254
0 0.498283 0.417598 0.0555193 0.214532 0.369505
0 0.400509 0.176053 0.0286238 0.0540581 0.360116
0 0.260551 0.215006 0.0266221 0.0476723 0.348846
0 0.534041 0.364987 0.0355608 0.246886 0.346721
0 0.281546 0.1547 0.0229437 0.0628112 0.333791
0 0.901172 0.588188 0.0446675 0.25735 0.323261
0 0.43139 0.168975 0.0233736 0.0485018 0.307843
0 0.615545 0.292188 0.0270922 0.0805506 0.273923
0 0.406156 0.802779 0.0672451 0.131916 0.266071
0 0.830294 0.32879 0.0325157 0.0871388 0.260853
