0 0.670171 0.317156 0.0462269 0.118527 0.719258
0 0.270249 0.634478 0.0285261 0.194035 0.677757
0 0.714659 0.439571 0.0655822 0.141611 0.662871
0 0.867089 0.34533 0.0284258 0.152122 0.651265
0 0.564038 0.339828 0.0226465 0.148979 0.625997
0 0.546999 0.608332 0.0561668 0.198415 0.617047
0 0.808345 0.426587 0.0409619 0.154286 0.608454
0 0.242457 0.805616 0.0388544 0.160046 0.607875
0 0.314751 0.576904 0.0280253 0.161391 0.477644
0 0.424648 0.438528 0.0247341 0.166568 0.477486
0 0.504058 0.51957 0.0313909 0.193124 0.416141
0 0.853243 0.257269 0.0218899 0.0418972 0.357829
0 0.440196 0.456235 0.0286337 0.187101 0.320107
0 0.502682 0.854109 0.0288505 0.106012 0.306057
0 0.0856803 0.7573 0.0336183 0.0899552 0.29557
0 0.824005 0.243893 0.0219154 0.0501055 0.284296
0 0.273857 0.8433 0.0305154 0.145982 0.279932
0 0.176782 0.833809 0.0259569 0.0819298 0.279899
0 0.164079 0.782809 0.0159484 0.0308773 0.272455
0 0.38012 0.870641 0.0376311 0.0727615 0.253124
