0 0.775864 0.415124 0.0586456 0.133547 0.750755
0 0.884327 0.325512 0.0320933 0.159036 0.711369
0 0.408594 0.595888 0.0341923 0.176468 0.651375
0 0.846416 0.423958 0.0337719 0.156782 0.590025
0 0.664728 0.315072 0.036973 0.12561 0.553046
0 0.567393 0.44124 0.03655 0.127278 0.546309
0 0.472377 0.459319 0.0434017 0.202463 0.454911
0 0.859767 0.246249 0.0294192 0.0532412 0.452973
0 0.612292 0.480131 0.0644041 0.16741 0.442903
0 0.983929 0.278973 0.025748 0.0484575 0.401013
0 0.422271 0.391014 0.0316933 0.167464 0.342827
0 0.358193 0.82395 0.0290681 0.112513 0.286252
0 0.715243 0.317622 0.0400428 0.104028 0.278387
0 0.473448 0.825687 0.0394621 0.0984092 0.269887
0 0.392826 0.849538 0.0359645 0.058375 0.253469
