0 0.525471 0.605191 0.0428 0.199648 0.756941
0 0.814732 0.422093 0.0339315 0.141744 0.741906
0 0.865975 0.361091 0.0312851 0.111332 0.679956
0 0.668826 0.304231 0.026012 0.130982 0.67769
0 0.25114 0.80814 0.0336743 0.177645 0.669882
0 0.434111 0.428858 0.0246533 0.14995 0.663145
0 0.720476 0.433738 0.0677542 0.138856 0.636288
0 0.449906 0.454546 0.0275929 0.183096 0.498638
0 0.43465 0.406651 0.0233674 0.103554 0.442111
0 0.571629 0.340946 0.0259998 0.156691 0.438592
0 0.501414 0.490511 0.0262977 0.132224 0.41106
0 0.509958 0.603972 0.0638414 0.20242 0.399871
0 0.866983 0.259495 0.0203896 0.0392689 0.379757
0 0.519659 0.856603 0.0288221 0.10388 0.378093
0 0.49707 0.520838 0.0401684 0.190436 0.36915
0 0.818558 0.410504 0.0264145 0.125312 0.350495
0 0.271135 0.637055 0.0459526 0.189317 0.344386
0 0.389495 0.87175 0.0370759 0.0729585 0.311972
0 0.281441 0.846711 0.0339212 0.154391 0.306623
0 0.71328 0.227648 0.0220427 0.0430266 0.305668
0 0.425489 0.832724 0.0368973 0.152153 0.293687
0 0.317874 0.854087 0.0375069 0.104625 0.268458
0 0.183881 0.830119 0.0281053 0.083473 0.254027
