0 0.518399 0.318783 0.0323458 0.128244 0.791807
0 0.330263 0.28242 0.0424053 0.129421 0.600872
0 0.434 0.581805 0.0619661 0.17072 0.594961
0 0.567158 0.756032 0.0573287 0.18613 0.570239
0 0.908505 0.665359 0.0531879 0.1766 0.562658
0 0.0636435 0.624021 0.0514486 0.167218 0.544986
0 0.629939 0.441817 0.0268135 0.156817 0.515871
0 0.351616 0.686756 0.0848799 0.206385 0.419909
0 0.620022 0.64107 0.0384901 0.197009 0.388912
0 0.47161 0.240731 0.0283509 0.0933868 0.364001
0 0.985762 0.74092 0.0277145 0.118191 0.335776
