0 0.710392 0.579953 0.0495987 0.135211 0.708051
0 0.764357 0.317906 0.0414253 0.133983 0.624843
0 0.626804 0.394423 0.0427431 0.179815 0.613652
0 0.524312 0.325412 0.0370191 0.142986 0.572109
0 0.442021 0.354297 0.0530326 0.13212 0.510344
0 0.623386 0.247737 0.0325669 0.116433 0.501267
0 0.391072 0.833012 0.0362825 0.0801452 0.488455
0 0.805563 0.291529 0.0412405 0.13952 0.488345
0 0.508321 0.615363 0.059549 0.21495 0.467414
0 0.432844 0.739901 0.0387436 0.153454 0.434351
0 0.431463 0.767238 0.0394068 0.204205 0.37597
0 0.378288 0.470865 0.0373653 0.18235 0.367078
0 0.594523 0.643879 0.054932 0.21822 0.345292
0 0.941602 0.238141 0.0220047 0.0443721 0.3252
0 0.876182 0.219739 0.0272781 0.0492086 0.316332
0 0.799475 0.204474 0.0282558 0.0518121 0.3056
0 0.836022 0.211422 0.0310143 0.0446711 0.280155
