0 0.779264 0.42026 0.0541743 0.140527 0.786306
0 0.88397 0.322657 0.0294718 0.157728 0.717359
0 0.407071 0.599216 0.0314055 0.188295 0.636681
0 0.847855 0.422275 0.0329406 0.160567 0.609329
0 0.61821 0.484436 0.0753281 0.16653 0.582681
0 0.667182 0.3105 0.0348549 0.12683 0.516133
0 0.985816 0.277426 0.0273916 0.0557338 0.515364
0 0.472371 0.454179 0.0428104 0.201856 0.49977
0 0.861674 0.246362 0.0276451 0.0516377 0.475787
0 0.576491 0.458616 0.0372605 0.158738 0.442239
0 0.422494 0.387097 0.0326162 0.163393 0.402995
0 0.822329 0.236379 0.0272181 0.0419863 0.357931
0 0.47624 0.826626 0.0402451 0.101939 0.357421
0 0.357707 0.822093 0.0308301 0.108562 0.318634
0 0.716359 0.31084 0.0381951 0.113741 0.294805
0 0.788834 0.229735 0.0281199 0.0457438 0.28751
0 0.553553 0.170741 0.0240973 0.0420817 0.282651
0 0.32769 0.811732 0.0407551 0.12921 0.277575
0 0.575599 0.438492 0.0344748 0.11653 0.276208
