0 0.476667 0.409933 0.0525431 0.208896 0.768999
0 0.190553 0.500552 0.0412923 0.222478 0.644624
0 0.195504 0.258012 0.036538 0.173795 0.603073
0 0.507493 0.22879 0.0439239 0.149429 0.570705
0 0.461383 0.336207 0.0324205 0.126143 0.540904
0 0.2373 0.1237 0.0257672 0.0590826 0.499818
0 0.471152 0.254701 0.0312234 0.130445 0.476563
0 0.468532 0.271558 0.0366852 0.165065 0.464169
0 0.315035 0.177777 0.0256682 0.159728 0.432851
0 0.583688 0.358547 0.0265651 0.176225 0.422089
0 0.0712819 0.168078 0.0214317 0.0538634 0.299841
0 0.130647 0.151035 0.0194734 0.051041 0.260695
0 0.219101 0.105464 0.022612 0.137736 0.256398
