0 0.625923 0.397827 0.0358465 0.132745 0.791295
0 0.212067 0.474898 0.0435715 0.200672 0.71719
0 0.318333 0.218859 0.0239162 0.157207 0.655642
0 0.208888 0.296077 0.0365511 0.162411 0.577636
0 0.43092 0.413689 0.0594082 0.06716 0.577299
0 0.491627 0.325628 0.0387771 0.170125 0.573896
0 0.584051 0.401427 0.0412453 0.172435 0.561316
0 0.275714 0.167638 0.0211952 0.0339893 0.484391
0 0.364118 0.356401 0.0381061 0.145127 0.476762
0 0.241749 0.176548 0.0278771 0.0685929 0.433916
0 0.39153 0.50352 0.0565316 0.160442 0.416658
0 0.433844 0.43217 0.0587987 0.103466 0.341111
0 0.0834553 0.213513 0.0216563 0.0522175 0.322055
0 0.87097 0.696584 0.0319301 0.125594 0.303838
0 0.437724 0.539678 0.0414327 0.151582 0.293103
0 0.757155 0.774659 0.0372882 0.0955259 0.289118
0 0.470876 0.275766 0.0344696 0.132329 0.286917
0 0.900234 0.882542 0.0340332 0.115397 0.263822
