0 0.413721 0.431405 0.0335821 0.121561 0.633769
0 0.417353 0.612144 0.038185 0.228411 0.526192
0 0.369911 0.391356 0.0350902 0.179518 0.524716
0 0.307862 0.436422 0.0441084 0.165375 0.499642
0 0.24501 0.321444 0.0409425 0.172213 0.44995
0 0.202916 0.256479 0.0251377 0.0454966 0.436836
0 0.542181 0.483005 0.0355369 0.191818 0.367112
0 0.301814 0.323356 0.0316579 0.110912 0.36602
0 0.0469977 0.297558 0.0289131 0.058755 0.307721
0 0.16351 0.269747 0.0259819 0.0470709 0.288384
0 0.586118 0.608056 0.0538738 0.206757 0.283851
