0 0.826626 0.408989 0.0296938 0.132108 0.829243
0 0.594591 0.866926 0.0319933 0.0731703 0.767955
0 0.6575 0.314869 0.050684 0.112007 0.687511
0 0.590055 0.327907 0.0359198 0.137252 0.630596
0 0.442347 0.834973 0.0417343 0.132828 0.564622
0 0.351833 0.858999 0.0368775 0.0813555 0.54745
0 0.871451 0.341204 0.0366743 0.149853 0.54653
0 0.742439 0.428702 0.0643921 0.140498 0.522713
0 0.477704 0.39943 0.024077 0.0870254 0.519545
0 0.290322 0.79355 0.0310559 0.130329 0.490222
0 0.352016 0.588712 0.0371071 0.16506 0.488051
0 0.476071 0.421781 0.026091 0.128595 0.394395
0 0.798726 0.241323 0.025745 0.0468562 0.356911
0 0.267964 0.663557 0.0428295 0.207244 0.353715
0 0.917034 0.270529 0.0222904 0.0427956 0.350784
0 0.443966 0.540988 0.0349224 0.203912 0.312843
0 0.991153 0.193069 0.0169747 0.0478832 0.256338
0 0.631494 0.220384 0.0212017 0.120832 0.255823
