0 0.409271 0.290854 0.0281828 0.139812 0.69601
0 0.181876 0.524359 0.0387897 0.205712 0.684138
0 0.224174 0.224807 0.0260436 0.0602417 0.644989
0 0.573406 0.554355 0.0535106 0.186116 0.611661
0 0.301945 0.271928 0.0221053 0.152992 0.60782
0 0.280279 0.353993 0.0398123 0.166016 0.568239
0 0.488894 0.36189 0.051667 0.166203 0.561809
0 0.74094 0.791478 0.0335833 0.151476 0.439734
0 0.812693 0.791161 0.0381746 0.13511 0.43126
0 0.345833 0.446255 0.0763959 0.197761 0.408072
0 0.211368 0.321577 0.0387266 0.166784 0.34222
0 0.54652 0.386942 0.031276 0.13124 0.333567
0 0.206796 0.201435 0.0207056 0.109322 0.295713
0 0.547689 0.41904 0.0351599 0.198182 0.295205
0 0.122915 0.248925 0.0196892 0.0528329 0.281175
0 0.258582 0.216806 0.0218152 0.0412715 0.254686
