0 0.797352 0.397192 0.0483089 0.151555 0.675622
0 0.36112 0.821277 0.0420092 0.110177 0.579921
0 0.575879 0.390874 0.0432007 0.119128 0.530909
0 0.903258 0.259362 0.0253505 0.0431434 0.513672
0 0.909982 0.495871 0.0697618 0.146844 0.505204
0 0.553961 0.388763 0.0612083 0.117188 0.500361
0 0.157134 0.619447 0.0468452 0.205351 0.424552
0 0.544524 0.166308 0.0219196 0.0409131 0.419828
0 0.367867 0.6357 0.0708847 0.159325 0.41413
0 0.763806 0.300859 0.0286533 0.133118 0.404137
0 0.443324 0.869504 0.0172539 0.0404762 0.318317
0 0.757589 0.212315 0.0227198 0.0645347 0.310858
0 0.18488 0.792682 0.0261092 0.0863639 0.307754
0 0.835016 0.239494 0.0235641 0.0472066 0.307629
0 0.888187 0.216441 0.0249988 0.0743736 0.301628
0 0.315917 0.449043 0.0418961 0.118225 0.29504
0 0.949445 0.268109 0.0298149 0.054305 0.290326
0 0.800363 0.238434 0.0254045 0.039035 0.278507
0 0.806925 0.355452 0.0251831 0.0598483 0.276411
0 0.425559 0.440112 0.0293608 0.0811856 0.276012
0 0.377018 0.621623 0.0494643 0.144669 0.265465
0 0.922815 0.223559 0.0208237 0.0698265 0.257617
0 0.757072 0.300486 0.0410472 0.132693 0.255583
