0 0.361491 0.450427 0.0454027 0.194792 0.778458
0 0.211424 0.336298 0.0365148 0.152322 0.737448
0 0.300242 0.353972 0.0352379 0.168388 0.643247
0 0.201967 0.580714 0.0426771 0.228959 0.616143
0 0.435951 0.239937 0.027813 0.143927 0.552199
0 0.523601 0.385499 0.0377133 0.152212 0.527986
0 0.583827 0.454025 0.02483 0.102631 0.517907
0 0.239863 0.22065 0.0259346 0.0604671 0.51189
0 0.0801932 0.264484 0.0209379 0.0491163 0.390782
0 0.583244 0.47053 0.0279871 0.133908 0.374996
0 0.912958 0.941076 0.0372627 0.101205 0.370114
0 0.23148 0.88877 0.0558932 0.220793 0.358655
0 0.618534 0.76177 0.0568836 0.221882 0.333282
0 0.31699 0.270725 0.0224043 0.150672 0.316281
0 0.492805 0.354805 0.0358333 0.182642 0.294767
0 0.762436 0.77009 0.0336603 0.0935223 0.254347
