0 0.434505 0.518712 0.0523933 0.215375 0.715182
0 0.541846 0.480063 0.0386608 0.189914 0.670692
0 0.48855 0.368579 0.0365891 0.163484 0.600875
0 0.540983 0.777224 0.0627376 0.200543 0.58866
0 0.631384 0.555526 0.0495552 0.222424 0.536357
0 0.255486 0.262967 0.0236373 0.0434583 0.518141
0 0.555827 0.292892 0.0244635 0.0867049 0.343548
0 0.445731 0.314882 0.0207145 0.0954556 0.306643
0 0.390538 0.223186 0.0285286 0.0538178 0.293288
0 0.738539 0.468656 0.0408441 0.105721 0.286595
0 0.993269 0.503844 0.0129046 0.0764972 0.284084
0 0.432236 0.379631 0.0358564 0.171834 0.272278
0 0.0651193 0.244538 0.0248372 0.0709697 0.255439
