0 0.683599 0.599657 0.0332083 0.234236 0.748934
0 0.452529 0.478302 0.0469046 0.131228 0.640983
0 0.197513 0.457536 0.040295 0.174686 0.638981
0 0.287222 0.337896 0.0364061 0.152016 0.632094
0 0.36649 0.430464 0.0456336 0.165465 0.551989
0 0.307049 0.263039 0.0231274 0.153728 0.535687
0 0.22076 0.306039 0.028936 0.14644 0.527373
0 0.743315 0.77773 0.0362226 0.151463 0.440182
0 0.813148 0.781854 0.0373383 0.140224 0.405275
0 0.522017 0.36621 0.0676548 0.169402 0.390655
0 0.54777 0.372091 0.0297505 0.168189 0.374721
0 0.734228 0.87604 0.0356798 0.111331 0.332924
0 0.392457 0.364266 0.0323187 0.153002 0.30917
0 0.225076 0.281852 0.0349474 0.1944 0.264273
0 0.264681 0.205513 0.0230512 0.0414747 0.251385
