0 0.291873 0.336994 0.0336873 0.142821 0.771151
0 0.432007 0.479284 0.0370737 0.143062 0.723522
0 0.198397 0.453024 0.0405402 0.177634 0.682516
0 0.679506 0.577244 0.0317112 0.213138 0.678233
0 0.222924 0.298197 0.031355 0.156245 0.57502
0 0.372807 0.434669 0.0467938 0.185434 0.535596
0 0.499024 0.379438 0.0625183 0.126808 0.533741
0 0.266299 0.205349 0.023516 0.0404155 0.521075
0 0.744307 0.778819 0.0374017 0.152 0.472138
0 0.310368 0.256383 0.0243785 0.157064 0.457036
0 0.387715 0.365906 0.0291366 0.161421 0.434055
0 0.544737 0.386799 0.0428764 0.145647 0.427572
0 0.536197 0.37465 0.0429026 0.145538 0.386559
0 0.814612 0.777402 0.0367025 0.133042 0.359664
0 0.780297 0.466728 0.0282536 0.0971634 0.25716
