0 0.861104 0.35278 0.0453872 0.149655 0.777707
0 0.410001 0.440395 0.0234461 0.165041 0.756124
0 0.707798 0.439571 0.0553275 0.14323 0.708637
0 0.807108 0.427593 0.0312907 0.156267 0.621904
0 0.275206 0.639408 0.0454384 0.19458 0.604706
0 0.670847 0.305941 0.026634 0.14713 0.554606
0 0.231648 0.81464 0.0363857 0.174013 0.536459
0 0.483756 0.847427 0.0277674 0.0977521 0.528666
0 0.410623 0.409998 0.0215248 0.101882 0.526254
0 0.311285 0.569334 0.0420975 0.163382 0.491943
0 0.555007 0.341185 0.0319182 0.153211 0.463899
0 0.295713 0.634914 0.0103815 0.0296147 0.426125
0 0.426748 0.456569 0.0266943 0.183772 0.425191
0 0.414471 0.826603 0.041009 0.156611 0.37607
0 0.503549 0.521038 0.0526194 0.180937 0.362223
0 0.837229 0.253716 0.022592 0.0483845 0.356893
0 0.263697 0.842299 0.0320363 0.140055 0.350739
0 0.368491 0.87088 0.0369414 0.0706976 0.324745
0 0.106281 0.817861 0.0335583 0.0982896 0.318114
0 0.0727447 0.762977 0.0334692 0.0917546 0.287935
0 0.145104 0.785165 0.0364171 0.0852813 0.280236
0 0.552983 0.614448 0.0639153 0.186519 0.274468
0 0.297763 0.854825 0.0386196 0.10544 0.269265
