0 0.497119 0.650567 0.0459788 0.194348 0.782209
0 0.297375 0.421493 0.0476756 0.158517 0.74104
0 0.140279 0.429372 0.0460406 0.181032 0.724162
0 0.44232 0.41077 0.0467487 0.169387 0.593017
0 0.564799 0.569259 0.031369 0.184214 0.547447
0 0.393461 0.539748 0.0319673 0.197879 0.525758
0 0.780933 0.586432 0.0307947 0.216577 0.522678
0 0.479501 0.435325 0.0407457 0.170221 0.380745
0 0.86524 0.834316 0.0393227 0.140232 0.372189
0 0.210795 0.289916 0.0269662 0.0576808 0.362421
0 0.914342 0.58188 0.0273924 0.131455 0.341544
0 0.594839 0.725406 0.0425854 0.228879 0.332491
0 0.417053 0.324412 0.0167517 0.122688 0.328302
0 0.852287 0.529085 0.034058 0.164011 0.31278
0 0.810213 0.525048 0.0353276 0.127956 0.301564
0 0.246081 0.285775 0.0216062 0.0401378 0.296923
0 0.0708079 0.263036 0.0245079 0.0722712 0.285451
0 0.781185 0.616342 0.0225828 0.147836 0.279886
0 0.740886 0.874582 0.0353611 0.135448 0.267655
0 0.820887 0.882908 0.038096 0.135133 0.258856
0 0.788132 0.471578 0.028293 0.0754537 0.258028
