0 0.504712 0.500848 0.0322677 0.165191 0.697591
0 0.496709 0.355362 0.0242326 0.141095 0.669602
0 0.627932 0.573741 0.0505141 0.203447 0.63274
0 0.458041 0.333928 0.0236947 0.147399 0.617216
0 0.412866 0.249925 0.0262618 0.0499718 0.545861
0 0.371103 0.56531 0.0403096 0.20803 0.493507
0 0.406588 0.414448 0.0440578 0.169588 0.453367
0 0.659718 0.773575 0.0623251 0.171071 0.354215
0 0.420185 0.606388 0.0488409 0.208378 0.284185
0 0.291389 0.284882 0.0218703 0.0387542 0.281215
0 0.096842 0.333766 0.0239821 0.0519594 0.274258
0 0.438836 0.244447 0.0233234 0.0424022 0.259
