0 0.200951 0.563295 0.0284016 0.12544 0.916375
0 0.47475 0.352464 0.049904 0.108151 0.734077
0 0.407868 0.252067 0.0362611 0.115282 0.686577
0 0.505096 0.600405 0.0429688 0.161883 0.601167
0 0.858053 0.693403 0.0322193 0.122934 0.565991
0 0.654626 0.622961 0.0339336 0.189966 0.549543
0 0.538824 0.243483 0.0261196 0.103109 0.544792
0 0.587114 0.37794 0.0286341 0.105644 0.520451
0 0.900741 0.557565 0.0291207 0.1394 0.506763
0 0.791316 0.794366 0.0248144 0.0817197 0.505025
0 0.880476 0.697267 0.0283836 0.0869661 0.483112
0 0.35423 0.302835 0.0421369 0.120657 0.46168
0 0.923913 0.704044 0.0293385 0.101902 0.427115
0 0.811017 0.765433 0.0276979 0.0737483 0.407306
0 0.68426 0.703111 0.051481 0.180546 0.381632
0 0.956933 0.670687 0.0311611 0.0993201 0.365201
0 0.104457 0.892702 0.0356329 0.213535 0.358774
0 0.925441 0.685534 0.0253767 0.065492 0.358667
0 0.434284 0.648228 0.0528435 0.208778 0.342649
0 0.864905 0.646574 0.0137135 0.0316409 0.340617
0 0.160698 0.24459 0.0189181 0.0380604 0.327876
0 0.271816 0.964345 0.0265313 0.0504459 0.324977
0 0.849712 0.77492 0.0376808 0.0736339 0.303898
0 0.0388833 0.502169 0.0422075 0.157696 0.301917
0 0.78019 0.834594 0.0251884 0.0954732 0.295056
0 0.792528 0.903481 0.0374907 0.114872 0.285694
0 0.357097 0.20983 0.0121055 0.0401089 0.285139
0 0.788397 0.776467 0.0217388 0.0488157 0.280688
0 0.195896 0.876259 0.0366006 0.182603 0.279642
0 0.812434 0.8249 0.0323801 0.0941178 0.258741
0 0.357488 0.294475 0.0336578 0.109416 0.250417
