0 0.509637 0.449796 0.0536215 0.188965 0.667978
0 0.261137 0.223708 0.0266288 0.0531593 0.586369
0 0.914548 0.627018 0.0416481 0.216499 0.585169
0 0.352404 0.340309 0.0319496 0.159045 0.579079
0 0.401978 0.187345 0.0299343 0.0531088 0.449439
0 0.280438 0.164564 0.0214878 0.0592134 0.422481
0 0.388872 0.132875 0.0255036 0.0808606 0.375333
0 0.986482 0.679263 0.0264282 0.107616 0.375014
0 0.431414 0.18106 0.0241447 0.0484305 0.363955
0 0.610655 0.513259 0.0684902 0.236691 0.35631
0 0.530531 0.339722 0.0360216 0.186896 0.343194
0 0.214825 0.275197 0.0235091 0.144993 0.340049
0 0.0632237 0.204195 0.0334821 0.0806155 0.318918
0 0.70927 0.374772 0.0297572 0.0760807 0.290853
0 0.216403 0.246376 0.0227387 0.0886876 0.275851
0 0.229056 0.302408 0.0230308 0.183602 0.270851
0 0.34641 0.198021 0.0290209 0.0583802 0.261231
0 0.263601 0.170446 0.0205192 0.0637473 0.259908
0 0.479072 0.16571 0.0236532 0.0481044 0.253138
0 0.765007 0.354971 0.0296709 0.0934695 0.252522
0 0.815929 0.910541 0.0565267 0.173257 0.250364
