0 0.152865 0.51048 0.0462526 0.210326 0.685644
0 0.307596 0.157564 0.0331862 0.168577 0.651793
0 0.229277 0.10098 0.0277384 0.0571241 0.549022
0 0.506805 0.265165 0.0447723 0.102563 0.532521
0 0.586379 0.316948 0.0324484 0.194763 0.499865
0 0.399768 0.0576939 0.0269416 0.0534896 0.456683
0 0.266172 0.0955893 0.024706 0.0443689 0.4516
0 0.560253 0.298761 0.0387082 0.168333 0.44127
0 0.187577 0.230156 0.0281475 0.187432 0.439285
0 0.468003 0.272026 0.0333136 0.201811 0.432545
0 0.460668 0.680388 0.0527393 0.235054 0.382667
0 0.777018 0.837849 0.0441554 0.13381 0.363439
0 0.506524 0.384544 0.0479437 0.215869 0.345596
0 0.870194 0.722798 0.035138 0.137018 0.344215
0 0.588862 0.292291 0.0256973 0.136003 0.332365
0 0.788584 0.725581 0.0390993 0.147957 0.280483
