0 0.429622 0.466015 0.0346321 0.196006 0.658911
0 0.270904 0.441088 0.0536846 0.200888 0.649132
0 0.408999 0.606529 0.0410271 0.213554 0.606902
0 0.350608 0.377868 0.0545668 0.167266 0.561162
0 0.196192 0.241828 0.0190447 0.0459303 0.461112
0 0.291295 0.471774 0.0122043 0.0395555 0.409636
0 0.22131 0.312403 0.0269305 0.16926 0.339275
0 0.408169 0.559237 0.036213 0.113318 0.335281
0 0.233044 0.227399 0.0233507 0.0591889 0.330353
0 0.365069 0.588832 0.045346 0.18809 0.328371
0 0.243216 0.357078 0.0277224 0.146234 0.310919
