0 0.444798 0.345863 0.0349121 0.157735 0.619432
0 0.640821 0.512243 0.037071 0.195113 0.618851
0 0.905711 0.328332 0.0369179 0.17934 0.591315
0 0.312901 0.702314 0.0487699 0.173688 0.581648
0 0.712047 0.502285 0.050239 0.18701 0.558634
0 0.569972 0.167688 0.0223188 0.0371324 0.538532
0 0.427033 0.605983 0.0430894 0.174975 0.528627
0 0.674671 0.308743 0.0324816 0.134444 0.498259
0 0.732387 0.316466 0.0380167 0.103629 0.471315
0 0.836687 0.418938 0.0512772 0.161934 0.469618
0 0.783035 0.431151 0.0372392 0.162038 0.463035
0 0.664214 0.1862 0.0211693 0.0497162 0.425029
0 0.342405 0.81871 0.0342594 0.107902 0.3575
0 0.88103 0.244795 0.0224771 0.0473932 0.332053
0 0.49729 0.829564 0.0437822 0.0991817 0.308534
0 0.406563 0.852385 0.0381371 0.0593515 0.270993
0 0.484904 0.414362 0.036681 0.192337 0.250656
