0 0.500278 0.36363 0.0445 0.0940968 0.894911
0 0.667705 0.710381 0.0716373 0.178775 0.805559
0 0.507237 0.607674 0.0433913 0.15957 0.724747
0 0.541366 0.246137 0.0218881 0.109897 0.694069
0 0.656341 0.631818 0.0326609 0.174412 0.648791
0 0.878745 0.697962 0.0349937 0.114774 0.640955
0 0.357127 0.298291 0.0317733 0.11849 0.630324
0 0.91298 0.571271 0.0311047 0.141291 0.621386
0 0.424672 0.255206 0.025214 0.102374 0.601253
0 0.127256 0.888394 0.0445377 0.208885 0.546502
0 0.167544 0.883726 0.0458166 0.189905 0.49806
0 0.0326783 0.495053 0.0528546 0.15679 0.477568
0 0.658172 0.615698 0.0273606 0.141258 0.471813
0 0.17835 0.596838 0.0312972 0.167665 0.437302
0 0.447499 0.674457 0.0507782 0.183364 0.413154
0 0.983501 0.677314 0.0306793 0.102597 0.368864
0 0.158209 0.238515 0.0187002 0.042489 0.308142
0 0.904051 0.707768 0.028965 0.0970436 0.304664
0 0.947771 0.711833 0.0274579 0.101584 0.304637
0 0.655813 0.650515 0.0328985 0.123831 0.292469
0 0.83609 0.828838 0.0329813 0.0959811 0.283091
0 0.838136 0.813309 0.0309521 0.0684491 0.280063
0 0.494145 0.563 0.0166498 0.0729638 0.261265
0 0.809774 0.773116 0.0155834 0.0306027 0.258647
0 0.185448 0.237643 0.0202627 0.0387743 0.255889
