0 0.413429 0.485682 0.0500336 0.162045 0.789748
0 0.200298 0.451908 0.0419867 0.179387 0.683688
0 0.681399 0.575556 0.0306656 0.219762 0.614056
0 0.292713 0.348193 0.0345432 0.143907 0.593453
0 0.486169 0.394789 0.041173 0.126277 0.557507
0 0.379937 0.424819 0.0392842 0.157177 0.520747
0 0.22576 0.297703 0.0351189 0.15418 0.513987
0 0.38507 0.344741 0.0284775 0.0952281 0.513863
0 0.550721 0.402955 0.0277347 0.110927 0.466256
0 0.496 0.367155 0.018958 0.0730357 0.421019
0 0.81642 0.776622 0.0378426 0.132173 0.375612
0 0.311279 0.257921 0.0220212 0.150114 0.34819
0 0.910658 0.61085 0.050017 0.108141 0.296308
0 0.211155 0.392669 0.0203909 0.0573595 0.287734
0 0.744937 0.778329 0.0390404 0.153237 0.27921
0 0.268815 0.20678 0.022423 0.037412 0.27749
0 0.825815 0.350934 0.0255841 0.0726645 0.253061
0 0.749007 0.75424 0.0379776 0.107643 0.252245
0 0.737105 0.873856 0.0376472 0.116159 0.25159
0 0.188658 0.867156 0.0612445 0.233761 0.250748
