0 0.141871 0.427171 0.0437744 0.177856 0.735591
0 0.296865 0.418784 0.0490255 0.159281 0.688964
0 0.497706 0.642524 0.0463537 0.201852 0.679492
0 0.782047 0.586156 0.0317972 0.211616 0.653518
0 0.392423 0.54201 0.0348539 0.208601 0.537968
0 0.565158 0.565481 0.0315773 0.188062 0.531654
0 0.417383 0.307902 0.018347 0.150504 0.518001
0 0.210946 0.287209 0.0266917 0.0560079 0.44243
0 0.781625 0.607389 0.0241962 0.156532 0.390823
0 0.865205 0.834057 0.0387074 0.14091 0.382592
0 0.914263 0.577251 0.027076 0.125689 0.346907
0 0.482253 0.436589 0.0483742 0.168695 0.342656
0 0.809909 0.534046 0.036269 0.149427 0.342452
0 0.595243 0.724371 0.0433704 0.231299 0.33954
0 0.444058 0.406396 0.0468122 0.172417 0.332239
0 0.070659 0.26012 0.0241075 0.0734801 0.326199
0 0.852673 0.524374 0.0340357 0.163115 0.319314
0 0.741388 0.87036 0.0371786 0.131083 0.286783
0 0.10592 0.318515 0.0208463 0.0518761 0.279231
0 0.24604 0.283318 0.0216007 0.0415799 0.263033
