0 0.240053 0.250426 0.049342 0.173609 0.597704
0 0.886992 0.535528 0.0312798 0.172191 0.582705
0 0.0220299 0.615745 0.0370857 0.212281 0.529469
0 0.222716 0.179436 0.0305199 0.14738 0.491324
0 0.487289 0.322162 0.0368121 0.211724 0.440341
0 0.441744 0.552411 0.0405272 0.167122 0.417331
0 0.266306 0.0817382 0.0191632 0.0657609 0.387751
0 0.223127 0.137183 0.0272141 0.0621045 0.352711
0 0.440736 0.775989 0.0508524 0.225433 0.334792
0 0.283708 0.0714773 0.0191193 0.0494018 0.333772
0 0.573706 0.398275 0.0529205 0.242015 0.329745
0 0.181596 0.129319 0.0247471 0.142803 0.319405
0 0.569782 0.326526 0.0358875 0.19475 0.316974
0 0.108125 0.172057 0.0224252 0.0513325 0.301051
0 0.0426262 0.186041 0.0244497 0.0577843 0.290873
0 0.545207 0.326257 0.0288866 0.190503 0.286488
0 0.263565 0.154496 0.0244354 0.0970138 0.2716
0 0.722428 0.300968 0.0313162 0.0699439 0.259901
0 0.901207 0.802041 0.0487602 0.157113 0.25652
0 0.0666996 0.110102 0.0308938 0.0796455 0.252953
