0 0.833912 0.400257 0.0282642 0.154131 0.7711
0 0.754169 0.419041 0.0582901 0.137537 0.692756
0 0.874168 0.335232 0.0400251 0.149031 0.684739
0 0.681038 0.306769 0.0448101 0.118759 0.614318
0 0.542673 0.478064 0.0405576 0.207274 0.584375
0 0.612534 0.319889 0.0560298 0.145149 0.538842
0 0.376035 0.588878 0.0387096 0.175421 0.424228
0 0.787958 0.233637 0.0252172 0.0429044 0.391978
0 0.947482 0.274664 0.022886 0.0506903 0.380403
0 0.370556 0.848099 0.0359943 0.0585238 0.377441
0 0.825745 0.243519 0.0254013 0.046699 0.357977
0 0.417048 0.469348 0.0335676 0.190954 0.317474
0 0.446763 0.830724 0.0441793 0.117639 0.305615
0 0.533977 0.474415 0.058263 0.200476 0.304487
0 0.30873 0.790953 0.0408467 0.115213 0.297968
0 0.330141 0.827687 0.0443092 0.12376 0.276376
