0 0.268564 0.911232 0.0500942 0.177536 0.699454
0 0.296614 0.379693 0.031109 0.14164 0.560824
0 0.599297 0.733136 0.0465917 0.239222 0.508934
0 0.378041 0.501924 0.0468317 0.201963 0.504336
0 0.565902 0.508957 0.0309915 0.190635 0.459906
0 0.255286 0.240652 0.0232108 0.0424969 0.458257
0 0.379102 0.203056 0.0255701 0.0484656 0.419982
0 0.491994 0.405247 0.0366403 0.163868 0.41177
0 0.219962 0.246722 0.0268704 0.0543456 0.380748
0 0.16945 0.377636 0.0353774 0.163335 0.379527
0 0.528711 0.616506 0.0577839 0.211231 0.315402
0 0.904405 0.959422 0.0363323 0.0791063 0.27124
0 0.046861 0.201994 0.022377 0.0642774 0.258727
0 0.299097 0.274813 0.0198967 0.106825 0.256745
