0 0.44304 0.250961 0.0356504 0.0912248 0.68301
0 0.648402 0.613011 0.0279697 0.149017 0.658935
0 0.920111 0.589574 0.0265265 0.152087 0.647719
0 0.651685 0.740744 0.0472972 0.166052 0.64248
0 0.517417 0.336881 0.0439501 0.117224 0.623189
0 0.438759 0.686537 0.0521612 0.197018 0.470123
0 0.348985 0.284104 0.0246284 0.141933 0.467644
0 0.872791 0.8288 0.0329891 0.0970129 0.438126
0 0.506793 0.620239 0.0576746 0.176485 0.418023
0 0.90591 0.712785 0.0330379 0.125626 0.416521
0 0.655926 0.719147 0.0375795 0.12947 0.41065
0 0.140848 0.606591 0.0444967 0.167491 0.36988
0 0.196346 0.214533 0.0177826 0.0453588 0.349643
0 0.6001 0.427883 0.0464076 0.154043 0.340231
0 0.0150115 0.486555 0.0292495 0.156028 0.335315
0 0.941669 0.712938 0.0305192 0.106889 0.334457
0 0.110782 0.883128 0.0566371 0.185232 0.3138
0 0.984843 0.711601 0.0265549 0.101647 0.309
0 0.908914 0.785158 0.038147 0.0779601 0.267333
0 0.223971 0.215029 0.0194785 0.0401464 0.266381
0 0.529257 0.225698 0.0216488 0.114759 0.265473
0 0.514694 0.310236 0.0347939 0.0790043 0.263303
0 0.179147 0.978235 0.0255942 0.039499 0.261475
