0 0.488683 0.463819 0.0434526 0.196296 0.557595
0 0.572813 0.451269 0.0428618 0.166147 0.518141
0 0.451288 0.40766 0.0504005 0.168027 0.486193
0 0.628301 0.560861 0.0333062 0.252612 0.4718
0 0.397926 0.203535 0.0283033 0.0560573 0.440736
0 0.427251 0.195979 0.024909 0.048164 0.393787
0 0.466751 0.361299 0.0201679 0.0731795 0.390796
0 0.324244 0.636959 0.0735816 0.192645 0.367543
0 0.812295 0.915315 0.04598 0.162703 0.358135
0 0.25844 0.241985 0.0241287 0.0508939 0.333849
0 0.0595102 0.224163 0.0290717 0.0756198 0.311459
0 0.371022 0.207643 0.0235713 0.0588506 0.275568
0 0.780472 0.374474 0.0345033 0.103184 0.269956
0 0.75667 0.365915 0.0272449 0.0787714 0.26952
0 0.463464 0.384881 0.0248977 0.121529 0.255583
