0 0.427703 0.356317 0.0304401 0.126289 0.747189
0 0.479858 0.509127 0.0307095 0.163894 0.745869
0 0.339609 0.493153 0.0270012 0.152905 0.601608
0 0.391871 0.812481 0.0370576 0.138363 0.581084
0 0.20784 0.488261 0.0267003 0.129108 0.573559
0 0.405748 0.535872 0.0403282 0.155095 0.549983
0 0.0348942 0.947998 0.0425893 0.102636 0.459606
0 0.555849 0.331128 0.0282169 0.110453 0.452925
0 0.761297 0.666406 0.0472161 0.16584 0.408944
0 0.663718 0.53593 0.0235034 0.173378 0.373062
0 0.79719 0.679511 0.0196789 0.0526117 0.370899
0 0.7944 0.70277 0.0260008 0.0977165 0.363334
0 0.724233 0.788939 0.0155535 0.0346212 0.283898
0 0.841763 0.523141 0.0233217 0.105281 0.251411
