0 0.91809 0.317077 0.0241962 0.151842 0.79403
0 0.628427 0.3775 0.0547295 0.168297 0.786429
0 0.675955 0.281578 0.0314272 0.126371 0.760879
0 0.705148 0.769117 0.0692014 0.193211 0.619217
0 0.785895 0.296317 0.0265897 0.113801 0.589891
0 0.991047 0.242965 0.0171295 0.0461111 0.565867
0 0.466389 0.338728 0.0379757 0.166073 0.552693
0 0.816189 0.196908 0.0237728 0.0482113 0.499985
0 0.415453 0.418101 0.0369601 0.188136 0.419342
0 0.596548 0.760448 0.0473865 0.141015 0.368784
0 0.641237 0.708404 0.0671672 0.151101 0.327071
0 0.695806 0.163944 0.0235552 0.0507302 0.319135
0 0.653175 0.865172 0.0157804 0.0534902 0.319101
0 0.845571 0.204316 0.0298685 0.0584676 0.300614
0 0.451243 0.815427 0.0385633 0.118747 0.289306
0 0.152733 0.420457 0.0263177 0.078043 0.28461
0 0.512308 0.870366 0.0192049 0.0276254 0.266509
0 0.557853 0.738702 0.0594205 0.208155 0.26176
