0 0.286107 0.357463 0.0436064 0.161204 0.715578
0 0.592971 0.600259 0.0472509 0.202244 0.69744
0 0.347046 0.447469 0.075644 0.195038 0.580474
0 0.191169 0.524417 0.0388062 0.218563 0.556318
0 0.492785 0.354566 0.0484586 0.174024 0.536353
0 0.802252 0.507434 0.0465378 0.225089 0.485215
0 0.819281 0.790657 0.0381942 0.131271 0.42499
0 0.749629 0.786019 0.0341854 0.136358 0.419145
0 0.670378 0.743297 0.0632817 0.234311 0.410253
0 0.306694 0.27075 0.0230274 0.144933 0.39046
0 0.293193 0.358915 0.0291193 0.137926 0.379426
0 0.555261 0.439208 0.0567528 0.199011 0.376495
0 0.130207 0.247628 0.020083 0.0507641 0.341863
0 0.418693 0.27076 0.0257603 0.145075 0.341228
0 0.73933 0.916959 0.038554 0.165275 0.334435
0 0.556192 0.412444 0.0537933 0.1396 0.326806
0 0.386533 0.179768 0.0249236 0.0422103 0.293568
0 0.417523 0.32454 0.0201988 0.0406945 0.288465
0 0.276187 0.329505 0.0231053 0.111668 0.278993
0 0.89965 0.935812 0.0379064 0.107649 0.272418
0 0.801062 0.539664 0.0457603 0.161778 0.268381
0 0.741488 0.881998 0.0335905 0.100602 0.262433
0 0.442664 0.236696 0.0208231 0.0314628 0.258632
