0 0.274915 0.6281 0.0336241 0.175513 0.735252
0 0.850897 0.352114 0.0451109 0.147785 0.679304
0 0.792143 0.4457 0.044726 0.17131 0.634691
0 0.679225 0.315658 0.0229009 0.138829 0.617833
0 0.580508 0.617149 0.0622397 0.1883 0.59799
0 0.530383 0.354515 0.0278162 0.146542 0.59343
0 0.392489 0.460137 0.0325748 0.176709 0.586829
0 0.676159 0.450324 0.04118 0.143675 0.574429
0 0.497415 0.522974 0.0391225 0.178611 0.517372
0 0.29453 0.56887 0.0304096 0.167867 0.497548
0 0.796228 0.246787 0.0212645 0.0453821 0.477742
0 0.108934 0.774427 0.0368383 0.0974667 0.42933
0 0.678506 0.358335 0.0220011 0.0612986 0.285505
0 0.163651 0.877191 0.0358099 0.0970077 0.274246
0 0.488448 0.187145 0.0214592 0.0463445 0.267099
0 0.365555 0.451554 0.0295824 0.173207 0.266078
0 0.527825 0.215717 0.0181394 0.114035 0.260724
0 0.202289 0.802953 0.0386314 0.14168 0.255793
