0 0.353062 0.364324 0.0289889 0.123313 0.815146
0 0.400905 0.496528 0.0295452 0.12716 0.783798
0 0.404906 0.38618 0.0290531 0.127314 0.783378
0 0.459939 0.830404 0.037693 0.0953486 0.693056
0 0.342261 0.583646 0.0339128 0.163805 0.672663
0 0.526386 0.33312 0.0281808 0.0913763 0.651924
0 0.481122 0.541571 0.035623 0.154895 0.607887
0 0.273897 0.559856 0.0321245 0.167288 0.547016
0 0.639437 0.54401 0.0322716 0.15297 0.433114
0 0.772839 0.671954 0.0341085 0.139898 0.359692
0 0.0322165 0.360312 0.0210568 0.0336738 0.286689
0 0.277765 0.543187 0.0248683 0.136482 0.262316
