0 0.493148 0.585052 0.0526696 0.195909 0.720068
0 0.656551 0.304262 0.0346286 0.131663 0.702615
0 0.729608 0.42411 0.0524314 0.138063 0.690125
0 0.81411 0.421487 0.0362692 0.153382 0.686392
0 0.262343 0.634051 0.032731 0.16098 0.642686
0 0.552051 0.863777 0.0298403 0.0899282 0.591263
0 0.576929 0.339608 0.0376891 0.145817 0.588132
0 0.870651 0.345398 0.0369263 0.147635 0.547349
0 0.508143 0.517851 0.03764 0.178389 0.536375
0 0.333421 0.5854 0.0348687 0.166568 0.536216
0 0.465707 0.454907 0.03113 0.180219 0.416189
0 0.26718 0.792716 0.032247 0.12006 0.395557
0 0.449939 0.442987 0.0292329 0.173717 0.393411
0 0.884594 0.263499 0.0244491 0.0442571 0.370089
0 0.406572 0.87516 0.0317484 0.0712232 0.362294
0 0.769677 0.236768 0.0234245 0.0414852 0.305039
0 0.33282 0.860898 0.0370545 0.0978776 0.295207
0 0.430334 0.835194 0.0387648 0.138447 0.270027
0 0.267375 0.742765 0.030121 0.0663912 0.261047
0 0.956963 0.185622 0.0217117 0.0516984 0.250451
