0 0.440713 0.653661 0.0526834 0.201728 0.71758
0 0.800399 0.630363 0.0467196 0.206469 0.634151
0 0.26355 0.355891 0.0240586 0.167913 0.622758
0 0.36302 0.470254 0.0304292 0.174814 0.612938
0 0.0360909 0.49367 0.0428298 0.197456 0.591266
0 0.458229 0.546474 0.036417 0.20952 0.544407
0 0.408184 0.440785 0.0362607 0.148056 0.490874
0 0.0681393 0.335629 0.0192126 0.0526006 0.466957
0 0.217947 0.294349 0.0243105 0.046626 0.4645
0 0.349141 0.252618 0.0278719 0.0580775 0.412601
0 0.38321 0.39166 0.0247042 0.115356 0.405049
0 0.870206 0.870451 0.040728 0.132677 0.378024
0 0.402732 0.442934 0.0273704 0.146551 0.355413
0 0.180046 0.304044 0.0274651 0.0529916 0.352592
0 0.822108 0.914239 0.0451385 0.131605 0.344109
0 0.374874 0.245697 0.0216875 0.0572027 0.332907
0 0.741773 0.906183 0.0363351 0.130682 0.318251
0 0.38801 0.377255 0.0285196 0.116392 0.298328
0 0.420667 0.234858 0.0215977 0.0469167 0.288731
0 0.39065 0.353217 0.0263893 0.0734446 0.284761
0 0.813234 0.523328 0.0369519 0.091219 0.267714
0 0.0324069 0.278408 0.0217872 0.0624004 0.265986
