0 0.865017 0.479815 0.0433968 0.165392 0.840795
0 0.551103 0.776322 0.0696138 0.209277 0.728374
0 0.85245 0.26776 0.024779 0.0468402 0.519324
0 0.730483 0.231014 0.0248261 0.0467686 0.512722
0 0.409784 0.411351 0.0233836 0.0769023 0.47506
0 0.522386 0.411484 0.043112 0.150193 0.46243
0 0.559174 0.190051 0.022026 0.0431656 0.406005
0 0.968006 0.296941 0.027642 0.0513139 0.380052
0 0.388085 0.842443 0.0252873 0.0460861 0.373744
0 0.630723 0.209677 0.0231755 0.0372241 0.337568
0 0.704752 0.175099 0.0207505 0.061828 0.333401
0 0.820655 0.210247 0.0198166 0.0559077 0.323312
0 0.903981 0.238454 0.0255943 0.0724422 0.318763
0 0.361609 0.534911 0.0463649 0.197909 0.309351
0 0.176185 0.492357 0.0279585 0.0971377 0.304907
0 0.994855 0.305092 0.00974846 0.0431056 0.267855
0 0.885698 0.274399 0.0307142 0.0571688 0.265568
0 0.406976 0.493039 0.043123 0.180083 0.262321
0 0.874821 0.219926 0.0224789 0.0875202 0.252994
