0 0.182086 0.498608 0.0461519 0.182264 0.743893
0 0.534353 0.53018 0.0388144 0.174367 0.721641
0 0.280585 0.350353 0.0382335 0.150172 0.605492
0 0.301034 0.271743 0.0223384 0.150957 0.596165
0 0.801617 0.561531 0.0240883 0.125412 0.545107
0 0.212018 0.320068 0.0319403 0.154205 0.488543
0 0.223222 0.224717 0.0286893 0.0595506 0.460083
0 0.533942 0.402005 0.036881 0.1247 0.43505
0 0.35329 0.437025 0.0569728 0.201815 0.380232
0 0.400523 0.314516 0.031887 0.123594 0.372041
0 0.674045 0.682771 0.0459349 0.23869 0.303287
0 0.774583 0.479042 0.0239629 0.100215 0.285482
0 0.257794 0.21609 0.021337 0.0422799 0.278767
0 0.731825 0.888872 0.032044 0.123577 0.27717
0 0.817099 0.962316 0.0437568 0.0718524 0.274028
0 0.378563 0.179724 0.024968 0.0461506 0.260776
