0 0.505823 0.350318 0.026371 0.132343 0.821983
0 0.356769 0.567406 0.0606259 0.199216 0.735526
0 0.405345 0.416232 0.0603823 0.175355 0.710762
0 0.487939 0.507158 0.0468796 0.164951 0.626397
0 0.632903 0.581244 0.0486431 0.206637 0.516916
0 0.174678 0.709907 0.0420978 0.220389 0.513323
0 0.67977 0.745419 0.0356405 0.178996 0.498331
0 0.470552 0.333059 0.0241724 0.148976 0.484455
0 0.437442 0.601743 0.0469012 0.202581 0.455798
0 0.308923 0.288302 0.0212047 0.0421715 0.410954
0 0.45144 0.252868 0.0216137 0.0417513 0.329651
0 0.0568419 0.352649 0.0265067 0.0488464 0.290167
0 0.771078 0.842016 0.0342009 0.106083 0.281342
0 0.273171 0.33234 0.0163247 0.119366 0.271336
