0 0.859972 0.477048 0.0410481 0.173534 0.545984
0 0.542444 0.781935 0.0633239 0.215009 0.526221
0 0.419299 0.390788 0.0197029 0.0623549 0.525068
0 0.524372 0.40267 0.0439323 0.152638 0.508287
0 0.727289 0.235381 0.0212051 0.0451621 0.430915
0 0.628802 0.212135 0.0241176 0.0416983 0.428871
0 0.369096 0.552495 0.0436465 0.192221 0.418127
0 0.851195 0.269397 0.0268318 0.0485117 0.416143
0 0.557999 0.193582 0.0216356 0.0400435 0.386151
0 0.96253 0.301608 0.0318903 0.0493922 0.343319
0 0.38767 0.847862 0.0249792 0.0428436 0.333487
0 0.196622 0.580479 0.0461073 0.203107 0.32681
0 0.175971 0.490972 0.0278124 0.0928594 0.321561
0 0.91833 0.289627 0.02784 0.0476231 0.317817
0 0.815185 0.261649 0.031774 0.0500486 0.313716
0 0.447473 0.466338 0.035167 0.168905 0.289958
0 0.901274 0.241579 0.0255211 0.0729548 0.279138
0 0.992752 0.307626 0.0138573 0.0498359 0.259345
0 0.17086 0.581121 0.0233264 0.116403 0.258041
