0 0.621052 0.520047 0.0510572 0.234474 0.735564
0 0.511249 0.432727 0.0510063 0.224172 0.718245
0 0.263363 0.224345 0.0254996 0.0512565 0.691523
0 0.573643 0.262615 0.0276992 0.0960032 0.618268
0 0.580529 0.390889 0.027384 0.124927 0.609964
0 0.917051 0.633629 0.0437557 0.206677 0.598222
0 0.374401 0.329476 0.0586895 0.181647 0.577117
0 0.533531 0.338093 0.0303494 0.184834 0.558956
0 0.404015 0.186944 0.0288446 0.0529108 0.468545
0 0.595672 0.439209 0.0391348 0.158468 0.464731
0 0.987579 0.677867 0.0242501 0.109878 0.401735
0 0.351754 0.40371 0.0139143 0.0307961 0.390423
0 0.265474 0.172071 0.0204631 0.0661629 0.347397
0 0.766954 0.350892 0.0316298 0.0926186 0.330722
0 0.838148 0.508091 0.0463997 0.12112 0.310327
0 0.39027 0.135937 0.0254473 0.0784244 0.307192
0 0.531531 0.311471 0.0252603 0.127449 0.294452
0 0.0630594 0.199227 0.030632 0.0757692 0.286878
0 0.282631 0.163856 0.0206597 0.061742 0.284159
0 0.282608 0.182049 0.0206926 0.0862353 0.280642
0 0.104895 0.265054 0.0220757 0.0520813 0.274888
0 0.58893 0.404967 0.0357829 0.13609 0.259753
0 0.231253 0.301028 0.0241824 0.184081 0.258379
0 0.0919595 0.198186 0.0245647 0.0740548 0.257725
