0 0.227683 0.098843 0.0289855 0.0616348 0.544381
0 0.524519 0.374563 0.0483375 0.21911 0.543014
0 0.195693 0.213361 0.0428781 0.18258 0.493367
0 0.265416 0.0911636 0.0247829 0.0459396 0.478377
0 0.29755 0.157697 0.0275878 0.181147 0.443296
0 0.592695 0.291054 0.0241688 0.142437 0.350136
0 0.886385 0.843628 0.053849 0.118001 0.333549
0 0.967902 0.523195 0.0556684 0.105118 0.297514
0 0.882352 0.735411 0.0350262 0.144467 0.296579
0 0.402161 0.0520834 0.0266311 0.0507878 0.288322
0 0.464421 0.585238 0.0704853 0.241178 0.285742
0 0.786036 0.838411 0.04984 0.116101 0.285183
0 0.268565 0.0398216 0.0211657 0.0679193 0.283828
0 0.12103 0.526784 0.0583225 0.247282 0.279534
0 0.474034 0.270986 0.0330875 0.201689 0.275912
0 0.564363 0.119356 0.0237169 0.0766987 0.270309
0 0.24681 0.0574156 0.0291913 0.106447 0.262678
0 0.878371 0.466313 0.0356027 0.209051 0.261939
0 0.429328 0.0474196 0.0237305 0.0473925 0.260947
0 0.593428 0.303702 0.0371866 0.16198 0.257789
0 0.349439 0.0664463 0.027283 0.0544876 0.252345
