0 0.379993 0.570155 0.0361532 0.169726 0.750131
0 0.281754 0.438147 0.0514658 0.194821 0.675391
0 0.41166 0.609333 0.034335 0.213509 0.659723
0 0.426208 0.467847 0.0431043 0.199449 0.547007
0 0.355153 0.380284 0.048702 0.170654 0.530489
0 0.582336 0.612273 0.0571447 0.19966 0.411712
0 0.231347 0.313465 0.0353765 0.171443 0.397944
0 0.198952 0.246436 0.0241439 0.0444842 0.351903
0 0.715149 0.362113 0.0342488 0.0955055 0.307393
0 0.129727 0.233369 0.0220258 0.143143 0.297438
0 0.56184 0.452948 0.0531542 0.22499 0.288534
0 0.695086 0.444459 0.0447285 0.114241 0.284129
0 0.338652 0.20039 0.0285693 0.0602095 0.277577
