0 0.361655 0.446301 0.0459423 0.198917 0.700486
0 0.300443 0.353229 0.0378578 0.162993 0.677426
0 0.219666 0.324633 0.0300048 0.160686 0.604674
0 0.428261 0.254792 0.0240689 0.118145 0.563912
0 0.492875 0.35194 0.0342665 0.180566 0.55517
0 0.544318 0.390267 0.0354431 0.136996 0.529837
0 0.431152 0.242776 0.0240995 0.132304 0.484798
0 0.200798 0.89023 0.0601872 0.217885 0.464443
0 0.579845 0.451627 0.024923 0.179747 0.439415
0 0.806998 0.543489 0.0340126 0.143173 0.419874
0 0.317153 0.269602 0.0229584 0.148159 0.393077
0 0.0838221 0.260956 0.0198758 0.0493822 0.345633
0 0.205004 0.560314 0.0477118 0.21877 0.337008
0 0.601752 0.59831 0.0432691 0.211526 0.326675
0 0.911479 0.934439 0.0383789 0.103558 0.321124
0 0.111189 0.251123 0.0177225 0.0541839 0.313547
0 0.578631 0.431134 0.0282814 0.137869 0.308131
0 0.880779 0.751566 0.0331091 0.121876 0.269112
0 0.568395 0.445224 0.0483164 0.165836 0.265593
0 0.223491 0.286964 0.0247747 0.0829628 0.251593
