0 0.460507 0.585966 0.0490845 0.173672 0.70467
0 0.934018 0.71883 0.0521194 0.119809 0.656345
0 0.0910147 0.626498 0.0481721 0.183644 0.636336
0 0.505777 0.322577 0.0508879 0.114855 0.630912
0 0.911154 0.622857 0.040224 0.168892 0.591336
0 0.611779 0.435905 0.0502874 0.16073 0.585583
0 0.0574543 0.872709 0.0430452 0.161996 0.570229
0 0.957638 0.779998 0.0394577 0.0847242 0.553735
0 0.602542 0.743708 0.0329563 0.159022 0.52608
0 0.98755 0.717846 0.0239338 0.10404 0.522571
0 0.391936 0.694798 0.0644529 0.215202 0.515447
0 0.16761 0.841056 0.033774 0.200128 0.500755
0 0.626214 0.632572 0.0318659 0.168233 0.496689
0 0.453157 0.231312 0.02522 0.100444 0.485518
0 0.336106 0.280016 0.0282664 0.124454 0.361803
0 0.246427 0.193009 0.0175649 0.0419641 0.344877
0 0.917402 0.837014 0.0324535 0.0982959 0.305361
0 0.892322 0.769484 0.0190178 0.0387703 0.303639
0 0.596157 0.746643 0.0448587 0.15242 0.301609
0 0.626537 0.612769 0.0289409 0.126853 0.29748
0 0.98694 0.734938 0.025723 0.136328 0.261207
0 0.27288 0.192212 0.020383 0.0375349 0.256279
