0 0.729139 0.31397 0.0387125 0.11216 0.788769
0 0.844808 0.431307 0.0601212 0.152928 0.604701
0 0.438545 0.35167 0.0328117 0.162868 0.603351
0 0.788353 0.429976 0.0382347 0.15207 0.574218
0 0.622255 0.488991 0.0433121 0.177683 0.561948
0 0.89793 0.319029 0.0316082 0.16471 0.475432
0 0.424093 0.605665 0.0375319 0.179108 0.433909
0 0.693813 0.489799 0.0697658 0.185398 0.413892
0 0.403414 0.850318 0.0367055 0.0568521 0.383803
0 0.835771 0.234079 0.0279061 0.0417623 0.36526
0 0.874906 0.242672 0.0277222 0.0512482 0.355207
0 0.313544 0.692205 0.0453432 0.19406 0.353839
0 0.338022 0.816952 0.0369116 0.109881 0.351087
0 0.484139 0.423693 0.0372448 0.200568 0.338761
0 0.871576 0.196839 0.0195905 0.0633606 0.312018
0 0.493454 0.828842 0.0443383 0.0981695 0.294239
0 0.802519 0.227807 0.0298246 0.0475841 0.29044
0 0.96937 0.260524 0.0239513 0.0530022 0.284998
0 0.264597 0.833702 0.028192 0.0788487 0.277404
0 0.940584 0.261668 0.0231266 0.0451671 0.272068
