0 0.642255 0.491384 0.0886495 0.174364 0.767361
0 0.428316 0.363471 0.0386451 0.142154 0.725101
0 0.592075 0.467027 0.0432655 0.163331 0.64979
0 0.847546 0.419611 0.0495629 0.162337 0.63865
0 0.88947 0.317171 0.0311089 0.154396 0.586261
0 0.411292 0.603998 0.0370377 0.181591 0.547151
0 0.7866 0.421158 0.0411962 0.150849 0.477535
0 0.989244 0.272935 0.0210186 0.0542764 0.461586
0 0.258296 0.834091 0.0275168 0.0766774 0.457025
0 0.719328 0.308427 0.038938 0.12026 0.446057
0 0.825526 0.23394 0.0263294 0.0408501 0.428256
0 0.92943 0.262147 0.0221744 0.0427984 0.396694
0 0.359137 0.820852 0.0337441 0.109203 0.390009
0 0.310087 0.69404 0.0425398 0.202708 0.377956
0 0.67017 0.314785 0.0325945 0.142807 0.3665
0 0.55799 0.167027 0.0228327 0.0420056 0.357269
0 0.483223 0.827479 0.0418131 0.0986883 0.319171
0 0.867537 0.244232 0.0235401 0.0438223 0.311586
0 0.331227 0.814547 0.0351714 0.117236 0.291952
0 0.476483 0.431378 0.0402346 0.192289 0.28074
0 0.958567 0.263321 0.0232524 0.0507091 0.253905
