0 0.639129 0.355412 0.0328856 0.147945 0.748058
0 0.889094 0.312487 0.0446255 0.152627 0.622755
0 0.780841 0.303677 0.0339398 0.133885 0.612705
0 0.601381 0.365016 0.030736 0.165035 0.584269
0 0.457585 0.339295 0.0369044 0.15351 0.575106
0 0.663645 0.282714 0.0308899 0.127078 0.526421
0 0.543976 0.751758 0.0657793 0.216137 0.49911
0 0.729045 0.762225 0.0642614 0.2183 0.474176
0 0.805274 0.196247 0.0230251 0.0466865 0.439426
0 0.40721 0.419281 0.0403946 0.189377 0.422575
0 0.414391 0.835342 0.0347616 0.0736465 0.389268
0 0.630348 0.691731 0.0454481 0.188036 0.367617
0 0.687094 0.164267 0.0248322 0.0493726 0.348323
0 0.651009 0.865418 0.0157664 0.0539696 0.31359
0 0.855692 0.163505 0.0259476 0.0722808 0.302737
0 0.145837 0.425913 0.0272509 0.0800137 0.280223
0 0.912799 0.218774 0.0269157 0.0571737 0.278937
