0 0.830525 0.407862 0.0260565 0.128574 0.874192
0 0.876529 0.333625 0.0245178 0.148005 0.749379
0 0.664828 0.307241 0.0443041 0.116234 0.72805
0 0.746103 0.423416 0.0516426 0.141283 0.581548
0 0.615027 0.868217 0.0311401 0.0716626 0.544918
0 0.48676 0.395204 0.0254229 0.0800992 0.531552
0 0.479926 0.484513 0.0510053 0.239897 0.468537
0 0.426854 0.509022 0.0544826 0.188045 0.464835
0 0.361764 0.586595 0.0384645 0.166879 0.444123
0 0.80989 0.242901 0.024794 0.0470669 0.407382
0 0.773219 0.233747 0.0281353 0.0422416 0.389689
0 0.929006 0.272533 0.0232262 0.0468335 0.380703
0 0.488533 0.495239 0.0590033 0.233342 0.380366
0 0.593455 0.325896 0.0434561 0.15547 0.374613
0 0.270198 0.667638 0.0370321 0.204448 0.351891
0 0.512841 0.428105 0.0298346 0.121856 0.349268
0 0.360236 0.851762 0.0348401 0.06545 0.326996
0 0.48331 0.451468 0.0321987 0.169523 0.273686
