0 0.239627 0.126412 0.0262018 0.0551704 0.729924
0 0.198024 0.26447 0.0384483 0.155358 0.714485
0 0.474517 0.271708 0.0304916 0.152606 0.598242
0 0.317979 0.183351 0.0259828 0.159599 0.592899
0 0.451302 0.632618 0.0451099 0.22995 0.58352
0 0.580943 0.35218 0.0367811 0.193703 0.56512
0 0.274543 0.122327 0.0228462 0.0435497 0.418549
0 0.196956 0.48331 0.0416481 0.209911 0.352601
0 0.410225 0.602739 0.0552641 0.208449 0.340434
0 0.474369 0.418485 0.0502266 0.197297 0.314416
0 0.503648 0.232719 0.0438282 0.145987 0.283349
0 0.768641 0.720454 0.0390017 0.148848 0.270303
0 0.446365 0.326477 0.0473547 0.136038 0.262695
0 0.0292599 0.183373 0.0281062 0.0514328 0.259145
