0 0.362281 0.449351 0.0442155 0.195671 0.763024
0 0.529313 0.394384 0.0374894 0.135904 0.739322
0 0.301175 0.352908 0.0350657 0.166702 0.682489
0 0.213252 0.335208 0.039088 0.152715 0.66258
0 0.43384 0.250111 0.0270796 0.121221 0.563468
0 0.583326 0.444932 0.0238191 0.116386 0.533816
0 0.626349 0.761184 0.0607671 0.216474 0.493471
0 0.241428 0.22139 0.0270022 0.0610851 0.408177
0 0.08404 0.26183 0.0189707 0.0494769 0.391301
0 0.111162 0.25177 0.017053 0.0536137 0.388089
0 0.219784 0.892027 0.053065 0.215946 0.368904
0 0.494989 0.353117 0.0364748 0.181945 0.362106
0 0.31782 0.268557 0.0228711 0.151207 0.354578
0 0.804105 0.534224 0.0298618 0.156791 0.341425
0 0.912837 0.939318 0.036853 0.0970628 0.325407
0 0.592841 0.59957 0.0545902 0.230942 0.316976
0 0.207249 0.582484 0.0466278 0.229062 0.305048
0 0.792709 0.480033 0.0189022 0.073864 0.285947
0 0.801753 0.545774 0.0251552 0.128182 0.272638
0 0.773222 0.751503 0.0226223 0.0570737 0.264008
