0 0.762677 0.316575 0.0417891 0.135547 0.729139
0 0.707798 0.572443 0.0536917 0.131734 0.701111
0 0.622535 0.247033 0.0322176 0.118918 0.693255
0 0.442915 0.354415 0.0536181 0.131337 0.620446
0 0.59465 0.624482 0.0556623 0.20115 0.618335
0 0.390307 0.832108 0.0361153 0.0779359 0.550249
0 0.625901 0.394668 0.0430208 0.176075 0.525175
0 0.498841 0.601252 0.0510511 0.220803 0.485046
0 0.796177 0.287343 0.0327267 0.139403 0.484261
0 0.428372 0.739857 0.0362105 0.156876 0.472601
0 0.381095 0.461306 0.0433903 0.201521 0.414338
0 0.523644 0.325052 0.0337704 0.150038 0.400679
0 0.939453 0.237228 0.0227368 0.0471824 0.372388
0 0.803039 0.204141 0.0264623 0.0557996 0.31309
0 0.715005 0.573763 0.0355156 0.126773 0.301267
0 0.819179 0.162545 0.0229942 0.057435 0.272596
0 0.654198 0.166811 0.021875 0.0478192 0.265732
0 0.875049 0.219136 0.0278141 0.0509529 0.25726
0 0.558169 0.145163 0.0213514 0.0370136 0.252095
