0 0.626065 0.726797 0.052203 0.185879 0.697269
0 0.446381 0.227729 0.022601 0.124571 0.680008
0 0.342658 0.263498 0.0512844 0.170583 0.528632
0 0.482139 0.603438 0.0440021 0.175734 0.517643
0 0.608679 0.437443 0.0388016 0.156879 0.497136
0 0.0935907 0.883484 0.0352753 0.177043 0.471379
0 0.63823 0.608944 0.0305643 0.126493 0.471053
0 0.99446 0.7249 0.0104527 0.106121 0.455416
0 0.917955 0.718803 0.0366682 0.128961 0.436783
0 0.522034 0.223781 0.0212952 0.0867991 0.381157
0 0.60428 0.851868 0.0150157 0.041392 0.376211
0 0.12055 0.619628 0.0394342 0.165968 0.37189
0 0.917064 0.599299 0.0376473 0.156321 0.362182
0 0.413167 0.698691 0.0544396 0.216972 0.355136
0 0.890663 0.828624 0.0320575 0.098772 0.353094
0 0.51124 0.325756 0.0471958 0.125184 0.272177
0 0.927588 0.783509 0.03834 0.0717157 0.264883
