0 0.428586 0.364574 0.0349609 0.10255 0.853069
0 0.264617 0.856974 0.042191 0.176705 0.562918
0 0.667356 0.585148 0.032433 0.181481 0.542573
0 0.092356 0.495367 0.0395419 0.150939 0.532129
0 0.756095 0.770544 0.014591 0.038126 0.531705
0 0.42529 0.568448 0.0505406 0.17884 0.529764
0 0.827651 0.700119 0.0314146 0.116685 0.474752
0 0.248448 0.540134 0.0264877 0.136047 0.469143
0 0.544115 0.244759 0.0308269 0.106095 0.446768
0 0.484225 0.528175 0.0433964 0.193134 0.412891
0 0.362677 0.305598 0.0292286 0.118911 0.406139
0 0.782006 0.826465 0.0325222 0.0943349 0.398699
0 0.717133 0.684447 0.0397636 0.165079 0.354322
0 0.573594 0.399012 0.0277996 0.144122 0.352868
