0 0.298149 0.360924 0.0356023 0.162108 0.69065
0 0.432038 0.244442 0.0254128 0.143678 0.617632
0 0.360682 0.457768 0.0485378 0.196973 0.587979
0 0.580088 0.481362 0.0253171 0.149919 0.583768
0 0.573206 0.615416 0.0498858 0.202036 0.539668
0 0.197133 0.339479 0.0241429 0.162338 0.512363
0 0.236467 0.221907 0.0268814 0.0550139 0.483032
0 0.581151 0.46354 0.0220589 0.118921 0.46604
0 0.610426 0.745023 0.050262 0.250424 0.440137
0 0.912373 0.944861 0.0381514 0.103115 0.371993
0 0.510291 0.386823 0.0272521 0.161291 0.36831
0 0.798791 0.546009 0.0267571 0.138182 0.332606
0 0.393846 0.181049 0.0251745 0.0484004 0.319795
0 0.756872 0.794805 0.0341404 0.125317 0.313162
0 0.135002 0.249144 0.0187546 0.0514762 0.290882
0 0.511708 0.374792 0.0205849 0.147727 0.269793
0 0.194883 0.615629 0.0531995 0.23343 0.261279
0 0.0994253 0.195622 0.0244461 0.0731527 0.254801
