0 0.307685 0.157476 0.0350422 0.172693 0.637072
0 0.149547 0.514601 0.0468107 0.218412 0.623592
0 0.228716 0.0993505 0.0277553 0.0600174 0.575685
0 0.266183 0.0938763 0.0244999 0.0435979 0.515677
0 0.18857 0.22745 0.0278709 0.188473 0.442641
0 0.460652 0.651202 0.0557102 0.221944 0.421744
0 0.586577 0.315916 0.0356977 0.19413 0.366579
0 0.469371 0.271296 0.0331775 0.202909 0.357603
0 0.522712 0.195716 0.0264116 0.155017 0.35217
0 0.562389 0.283496 0.0361315 0.153551 0.324713
0 0.400138 0.0553621 0.0274396 0.0531135 0.313398
0 0.790585 0.724739 0.0394318 0.14445 0.299217
0 0.872276 0.725557 0.0351017 0.145241 0.290178
