0 0.466724 0.244 0.0285599 0.123805 0.614075
0 0.478406 0.398843 0.0438488 0.203401 0.602479
0 0.182196 0.50351 0.0462165 0.210774 0.59914
0 0.18868 0.248812 0.0302054 0.172561 0.534013
0 0.234404 0.114161 0.0278272 0.0557317 0.517623
0 0.19497 0.248114 0.0441631 0.173306 0.462795
0 0.313558 0.169937 0.0268926 0.164855 0.402847
0 0.584128 0.348712 0.0286179 0.178069 0.356704
0 0.512068 0.22247 0.0375826 0.168716 0.341046
0 0.557665 0.311046 0.0407467 0.147272 0.331612
0 0.46647 0.280458 0.0302713 0.198465 0.294876
0 0.960238 0.551839 0.0507414 0.113874 0.272874
0 0.27044 0.110934 0.0224978 0.0413331 0.25545
0 0.0664258 0.160255 0.0226151 0.0531718 0.252012
