0 0.491707 0.392055 0.0433243 0.212395 0.694623
0 0.416842 0.604201 0.0425795 0.226022 0.578261
0 0.401595 0.156572 0.028562 0.0564753 0.527579
0 0.220669 0.244421 0.0299316 0.148455 0.42906
0 0.375082 0.15878 0.0254523 0.061398 0.40076
0 0.277667 0.295919 0.0272638 0.178049 0.39883
0 0.432853 0.806076 0.0569706 0.117896 0.395647
0 0.764553 0.317919 0.035039 0.0861664 0.367766
0 0.541057 0.382957 0.0363436 0.199507 0.365563
0 0.430682 0.148868 0.0225748 0.0481909 0.339024
0 0.577511 0.343798 0.0316411 0.179964 0.338521
0 0.962152 0.604099 0.0425696 0.110961 0.331842
0 0.894682 0.575325 0.0355154 0.230456 0.308786
0 0.599916 0.410204 0.0340161 0.167248 0.305006
0 0.260179 0.19209 0.023154 0.04741 0.304213
0 0.282676 0.147291 0.0234498 0.0803887 0.263393
0 0.389269 0.105626 0.0245133 0.0758011 0.260812
0 0.847712 0.86784 0.0462372 0.129541 0.250792
