0 0.616401 0.523862 0.0895228 0.174497 0.688543
0 0.516584 0.301423 0.0323572 0.136947 0.627751
0 0.412826 0.737131 0.04031 0.188512 0.580577
0 0.448234 0.346918 0.0431619 0.140382 0.555249
0 0.751626 0.326874 0.0369819 0.11975 0.551774
0 0.442979 0.560383 0.0449647 0.174531 0.551667
0 0.617206 0.238516 0.0324778 0.15039 0.54965
0 0.609432 0.419331 0.0446825 0.120542 0.532144
0 0.387892 0.832959 0.0363172 0.0787064 0.516129
0 0.6114 0.40662 0.0395305 0.0956781 0.389716
0 0.438948 0.81578 0.0444425 0.122466 0.384479
0 0.649065 0.169292 0.0235384 0.0474436 0.383363
0 0.865782 0.224614 0.0256889 0.045847 0.381105
0 0.929243 0.242544 0.0214071 0.0416559 0.344479
0 0.794787 0.206168 0.0242002 0.0532855 0.319222
0 0.765287 0.199986 0.0209828 0.0479021 0.315632
0 0.636095 0.522722 0.0512311 0.172674 0.304125
0 0.394718 0.400094 0.0254573 0.170595 0.294121
