0 0.189405 0.474347 0.0296153 0.188842 0.832939
0 0.21627 0.310785 0.0296758 0.1505 0.790174
0 0.360451 0.431749 0.0474057 0.199164 0.759177
0 0.281473 0.336742 0.0360988 0.157682 0.701215
0 0.303925 0.264049 0.0209061 0.158024 0.638861
0 0.390328 0.42879 0.0117018 0.0372279 0.638504
0 0.206348 0.391109 0.00973286 0.0241306 0.453841
0 0.674624 0.657959 0.0472798 0.244495 0.294736
0 0.739402 0.764193 0.0336197 0.115643 0.282897
0 0.729932 0.876117 0.0376465 0.113403 0.281991
0 0.544728 0.377164 0.0258569 0.157887 0.265793
0 0.262157 0.211941 0.0223659 0.0379162 0.257524
0 0.809096 0.790967 0.0374853 0.137644 0.255404
