0 0.356131 0.472637 0.0436302 0.175262 0.527466
0 0.0483106 0.487487 0.0503721 0.198265 0.525179
0 0.552067 0.654096 0.058213 0.21971 0.524824
0 0.795947 0.652301 0.0418454 0.165759 0.515658
0 0.071461 0.339735 0.0201398 0.0518215 0.487175
0 0.402047 0.288964 0.023745 0.106414 0.413009
0 0.448269 0.532682 0.0394388 0.171036 0.395221
0 0.35184 0.259579 0.0282959 0.0522545 0.366714
0 0.267738 0.359949 0.0246404 0.164469 0.356961
0 0.1829 0.307014 0.0280494 0.0569711 0.353115
0 0.821786 0.912991 0.0445144 0.12868 0.348603
0 0.404346 0.422647 0.0371485 0.187749 0.329136
0 0.741223 0.904685 0.0344671 0.127153 0.320571
0 0.379406 0.248871 0.0228547 0.053508 0.303976
0 0.444305 0.657342 0.0534496 0.205425 0.29289
0 0.870219 0.864479 0.0398396 0.129276 0.289295
0 0.0976662 0.330833 0.020078 0.0518761 0.26104
0 0.743279 0.452817 0.032526 0.0769203 0.252989
