0 0.55438 0.346048 0.0393026 0.15846 0.716664
0 0.849357 0.295238 0.0286991 0.160549 0.670346
0 0.438597 0.347585 0.0302807 0.141109 0.658153
0 0.639627 0.366921 0.052885 0.148811 0.647606
0 0.770677 0.310623 0.0469421 0.132576 0.59295
0 0.735579 0.674478 0.0493571 0.184859 0.563586
0 0.488781 0.74909 0.0383025 0.232615 0.54738
0 0.400467 0.834927 0.0369511 0.073027 0.517877
0 0.388952 0.463358 0.0345207 0.19641 0.414314
0 0.608751 0.70729 0.0547584 0.19651 0.382333
0 0.642765 0.257823 0.0277631 0.114884 0.359669
0 0.847549 0.210469 0.0263099 0.0483933 0.335576
0 0.173754 0.2972 0.0251679 0.0695404 0.323637
0 0.570094 0.65662 0.0471453 0.203773 0.31945
0 0.265803 0.400874 0.0332472 0.165123 0.318331
0 0.956161 0.241268 0.0236038 0.0458719 0.316551
0 0.438854 0.822058 0.0405859 0.114308 0.314885
0 0.365661 0.816722 0.0365421 0.116199 0.280676
0 0.0366972 0.909093 0.0511875 0.170365 0.273613
0 0.815552 0.202084 0.030043 0.0531148 0.269417
0 0.669262 0.164313 0.0243153 0.0494378 0.261906
0 0.891548 0.220249 0.0266241 0.0523118 0.253266
