0 0.581999 0.450478 0.0473636 0.168753 0.61039
0 0.261168 0.238679 0.0262954 0.044968 0.562138
0 0.505136 0.451357 0.0564632 0.197086 0.559757
0 0.316298 0.63717 0.0686032 0.211136 0.552282
0 0.483801 0.357934 0.0241314 0.0630898 0.479541
0 0.418775 0.33275 0.0372034 0.177634 0.459378
0 0.631113 0.560913 0.0308399 0.239228 0.412778
0 0.413904 0.780848 0.0494519 0.184662 0.391185
0 0.465801 0.411689 0.0638281 0.153199 0.387237
0 0.432884 0.191609 0.0238144 0.044251 0.359269
0 0.926039 0.655269 0.0362381 0.240663 0.357838
0 0.229037 0.310495 0.0261247 0.182648 0.354849
0 0.818005 0.914952 0.0474873 0.165322 0.332582
0 0.403167 0.196477 0.0287552 0.0508409 0.312336
0 0.986318 0.695828 0.0267445 0.111283 0.309794
0 0.389199 0.14373 0.0243561 0.081504 0.298086
0 0.0628506 0.28367 0.0247901 0.0634522 0.279178
0 0.344873 0.150625 0.0252518 0.0897286 0.272192
0 0.0618075 0.212926 0.0285846 0.0747408 0.261747
0 0.954779 0.519465 0.0419273 0.180327 0.261545
0 0.912738 0.925119 0.0493576 0.147255 0.252373
