0 0.711206 0.44041 0.0583121 0.14225 0.76953
0 0.271487 0.633434 0.0258698 0.18197 0.691588
0 0.668217 0.314741 0.0461483 0.131408 0.656327
0 0.419388 0.430789 0.0243828 0.150026 0.640437
0 0.865099 0.347921 0.0387035 0.154425 0.635502
0 0.561352 0.337592 0.0281133 0.155592 0.625496
0 0.805339 0.428577 0.0391902 0.154617 0.565441
0 0.238797 0.814523 0.0362936 0.177551 0.553656
0 0.435746 0.454591 0.0241856 0.179058 0.538201
0 0.3123 0.572756 0.033448 0.158038 0.476546
0 0.501917 0.517095 0.0374052 0.181046 0.472033
0 0.495597 0.853446 0.0279193 0.108429 0.470914
0 0.846604 0.257859 0.0212313 0.0408793 0.385134
0 0.417724 0.826711 0.0404219 0.155376 0.28853
0 0.303432 0.854018 0.038847 0.106478 0.283631
