0 0.507486 0.60327 0.0437503 0.154948 0.809979
0 0.49449 0.361454 0.04686 0.0974553 0.750292
0 0.656626 0.637608 0.0300722 0.193447 0.723927
0 0.87285 0.69636 0.0322916 0.119317 0.679566
0 0.975736 0.673885 0.0299698 0.0983937 0.677052
0 0.909248 0.562599 0.0333401 0.142072 0.648492
0 0.358336 0.296944 0.0345639 0.122516 0.646623
0 0.118871 0.887239 0.0382144 0.218553 0.617988
0 0.89779 0.70811 0.0291272 0.0973758 0.60241
0 0.178317 0.881083 0.0683216 0.187275 0.511993
0 0.421986 0.253668 0.0293734 0.105289 0.494978
0 0.804469 0.771075 0.0170197 0.0303769 0.469384
0 0.830317 0.827615 0.0303295 0.0992989 0.422757
0 0.656719 0.583754 0.0253389 0.0843516 0.420481
0 0.669282 0.710831 0.0719865 0.172986 0.413401
0 0.942332 0.70764 0.0310162 0.098982 0.412291
0 0.182269 0.603495 0.058117 0.195382 0.409513
0 0.446742 0.660269 0.042372 0.171416 0.374267
0 0.0386907 0.497636 0.0472711 0.154464 0.335248
0 0.51308 0.582932 0.0298999 0.100285 0.324465
0 0.657723 0.664645 0.027691 0.132948 0.276496
