0 0.875453 0.330428 0.0366207 0.15689 0.691724
0 0.764821 0.414057 0.0552606 0.136333 0.66057
0 0.538121 0.445033 0.0372459 0.157284 0.534358
0 0.416396 0.416652 0.0399187 0.172882 0.489182
0 0.350928 0.823857 0.0334763 0.111376 0.460718
0 0.645264 0.323036 0.0469807 0.13726 0.448869
0 0.291375 0.698644 0.0297952 0.217643 0.374922
0 0.971289 0.279649 0.0246765 0.0462241 0.358808
0 0.464505 0.829188 0.0422406 0.109893 0.33702
0 0.845417 0.413513 0.026403 0.144061 0.331548
0 0.38607 0.849752 0.0348162 0.0558406 0.306672
0 0.808447 0.236645 0.0264967 0.0420233 0.303518
0 0.777389 0.229991 0.0291467 0.046423 0.297458
0 0.848708 0.246929 0.0243915 0.0488413 0.281935
0 0.319262 0.801574 0.0366778 0.130537 0.273685
0 0.584916 0.470278 0.0710485 0.181969 0.253148
