0 0.324492 0.46229 0.0491467 0.144792 0.735418
0 0.101245 0.473361 0.0347156 0.187464 0.690768
0 0.476831 0.655266 0.049461 0.216236 0.643605
0 0.281037 0.36418 0.0248144 0.170074 0.62029
0 0.445627 0.446098 0.0289909 0.137939 0.520294
0 0.593494 0.674728 0.0457629 0.217396 0.482382
0 0.576704 0.601225 0.0397862 0.162639 0.464778
0 0.0927038 0.346002 0.0196715 0.0504262 0.40914
0 0.783111 0.625774 0.0303125 0.195739 0.359568
0 0.738649 0.902505 0.0326318 0.135175 0.357903
0 0.421441 0.569779 0.0411989 0.224201 0.349056
0 0.199474 0.313768 0.0264916 0.0585978 0.345172
0 0.23588 0.310217 0.0237022 0.0406293 0.3337
0 0.866921 0.862041 0.0401478 0.136767 0.324208
0 0.41589 0.324895 0.0249092 0.149976 0.317727
0 0.0695908 0.351147 0.0195361 0.0547932 0.296694
0 0.0259291 0.361829 0.0265105 0.05998 0.283716
0 0.390974 0.263267 0.0249844 0.0445285 0.276191
0 0.742651 0.45725 0.031334 0.0733994 0.261381
0 0.784502 0.648921 0.0200213 0.141658 0.26136
