0 0.440082 0.640439 0.0503828 0.217959 0.861301
0 0.368976 0.473823 0.0405351 0.168221 0.832035
0 0.263469 0.352949 0.025 0.169787 0.666103
0 0.0291731 0.492314 0.0365196 0.193438 0.663769
0 0.801982 0.648706 0.0454843 0.166655 0.528687
0 0.466302 0.550175 0.0409371 0.209655 0.521724
0 0.348356 0.249394 0.0277396 0.0559598 0.38399
0 0.0657827 0.331367 0.022205 0.0539798 0.359417
0 0.221311 0.241027 0.02085 0.0710943 0.340633
0 0.0312927 0.276742 0.0243878 0.0640462 0.333317
0 0.871906 0.870613 0.0427311 0.13052 0.313297
0 0.216021 0.291728 0.0250453 0.0469384 0.305888
0 0.742043 0.916273 0.0375479 0.155267 0.263977
0 0.420072 0.232553 0.0219287 0.0464124 0.263572
0 0.178713 0.301696 0.0285059 0.0589626 0.261196
