0 0.655327 0.323116 0.0415425 0.13781 0.734221
0 0.664694 0.656891 0.0584272 0.194864 0.685025
0 0.371796 0.817428 0.0259043 0.120129 0.637348
0 0.0461961 0.625741 0.0686945 0.16732 0.628991
0 0.428134 0.500921 0.0623605 0.16871 0.627247
0 0.764298 0.432597 0.0542311 0.17447 0.612727
0 0.103587 0.846987 0.0382047 0.103334 0.612175
0 0.397445 0.283773 0.0476863 0.13127 0.509931
0 0.325425 0.595794 0.0336548 0.201177 0.451464
0 0.403801 0.281512 0.0327608 0.129903 0.449939
0 0.0327778 0.793426 0.0347331 0.174422 0.446617
0 0.556746 0.24869 0.0397802 0.106845 0.395608
0 0.00644404 0.773089 0.0128881 0.152656 0.37455
0 0.0451127 0.392952 0.0408119 0.143533 0.309021
0 0.070336 0.817314 0.0265786 0.14907 0.301722
0 0.489405 0.769569 0.0794134 0.192449 0.286963
0 0.228664 0.131771 0.0259474 0.0376704 0.281505
0 0.191233 0.866406 0.038503 0.12397 0.279254
0 0.959114 0.179889 0.0227303 0.101414 0.274259
0 0.081104 0.818981 0.0492128 0.161268 0.266488
