0 0.491357 0.385551 0.041691 0.208705 0.58974
0 0.422485 0.598823 0.0430559 0.218685 0.534113
0 0.272729 0.289199 0.0312006 0.179289 0.494412
0 0.962022 0.596385 0.0431366 0.120216 0.447287
0 0.577156 0.382965 0.0290821 0.223892 0.432011
0 0.220368 0.195621 0.02835 0.0607095 0.39114
0 0.895511 0.564373 0.0388347 0.227584 0.39046
0 0.433245 0.805823 0.0537575 0.122377 0.383871
0 0.599112 0.398423 0.0384131 0.17208 0.376535
0 0.258025 0.187072 0.0258712 0.0390569 0.375015
0 0.576044 0.459667 0.0304524 0.220927 0.371516
0 0.53978 0.374664 0.0380127 0.197683 0.364369
0 0.40078 0.150754 0.0279673 0.0535852 0.314938
0 0.808647 0.952523 0.0524197 0.0933397 0.307648
0 0.431786 0.14285 0.023147 0.0478917 0.299122
0 0.0363578 0.243301 0.0246043 0.0604572 0.285025
0 0.597745 0.386553 0.0278406 0.140404 0.27341
0 0.912699 0.865442 0.0461925 0.141211 0.263235
0 0.70805 0.334098 0.0307325 0.0755537 0.261218
0 0.290631 0.173537 0.0239942 0.0585988 0.26093
0 0.264326 0.141986 0.0189793 0.0690623 0.250374
