0 0.340499 0.421446 0.0432011 0.170704 0.741252
0 0.487063 0.587642 0.0714273 0.198485 0.649449
0 0.256287 0.330662 0.0280848 0.172877 0.62611
0 0.341772 0.298882 0.0386151 0.108407 0.592384
0 0.515607 0.48938 0.03823 0.188391 0.528873
0 0.346816 0.226649 0.0265024 0.0547693 0.481747
0 0.420691 0.620338 0.0527241 0.227436 0.421911
0 0.399904 0.464103 0.0534283 0.165305 0.383037
0 0.824646 0.663476 0.0265679 0.155879 0.36261
0 0.210385 0.267683 0.024443 0.0483775 0.359811
0 0.229251 0.204704 0.0209901 0.0514966 0.356504
0 0.584091 0.61402 0.0600849 0.215945 0.351268
0 0.210113 0.208572 0.0192381 0.0634254 0.319425
0 0.920905 0.528496 0.0284727 0.0807128 0.259998
0 0.144526 0.261947 0.0236166 0.136949 0.255451
