0 0.880587 0.482556 0.0543571 0.147827 0.672871
0 0.34343 0.471567 0.0392899 0.128444 0.514394
0 0.855675 0.262127 0.0235317 0.0456917 0.478103
0 0.52594 0.408181 0.0520064 0.14223 0.476357
0 0.438817 0.453369 0.038267 0.140295 0.457647
0 0.381038 0.53561 0.061054 0.199344 0.441612
0 0.561116 0.184471 0.0237472 0.0462034 0.395134
0 0.41248 0.45903 0.0402808 0.138555 0.384074
0 0.821682 0.206353 0.0198735 0.0602336 0.380245
0 0.183661 0.610426 0.0456001 0.197916 0.352233
0 0.766793 0.391895 0.0403149 0.152748 0.319436
0 0.707827 0.164997 0.0218928 0.0518103 0.305373
0 0.67161 0.215059 0.0237663 0.0380827 0.300368
0 0.63209 0.199651 0.0227134 0.0450761 0.288105
0 0.922668 0.280738 0.0293041 0.0443418 0.27748
0 0.731699 0.227528 0.0235115 0.0441427 0.260904
