0 0.734746 0.371771 0.0312285 0.150604 0.658583
0 0.841599 0.455458 0.0405312 0.167136 0.533874
0 0.843236 0.273171 0.024094 0.0501332 0.492539
0 0.544498 0.40164 0.0426947 0.173598 0.491604
0 0.436104 0.418736 0.0225144 0.129905 0.45965
0 0.412411 0.421478 0.0243217 0.121118 0.435386
0 0.436102 0.40222 0.0207078 0.0985924 0.433376
0 0.910197 0.291764 0.0269222 0.0485515 0.423796
0 0.87513 0.283045 0.0306444 0.0514354 0.395315
0 0.65999 0.232974 0.0230008 0.0326159 0.324827
0 0.953742 0.302177 0.0293381 0.0538781 0.299818
0 0.17483 0.489644 0.0284985 0.0778915 0.288773
0 0.552815 0.197527 0.0226195 0.042157 0.251974
