0 0.437764 0.357448 0.0332181 0.118104 0.678449
0 0.313926 0.504043 0.0330649 0.15539 0.662138
0 0.170904 0.485252 0.037248 0.140983 0.652555
0 0.35574 0.824385 0.039966 0.12749 0.649703
0 0.379065 0.304732 0.0209253 0.128939 0.641005
0 0.540819 0.244229 0.0258982 0.116178 0.638698
0 0.049597 0.941649 0.0446659 0.116702 0.615763
0 0.670858 0.546445 0.0241074 0.173846 0.48787
0 0.419132 0.547534 0.0347262 0.164671 0.482285
0 0.559702 0.357684 0.0338896 0.126808 0.468695
0 0.476524 0.525408 0.0482201 0.172329 0.441885
0 0.166326 0.464312 0.0239833 0.0991411 0.340828
0 0.755204 0.668096 0.0322892 0.181153 0.311719
0 0.405162 0.273601 0.0305849 0.112276 0.306359
