0 0.337789 0.453342 0.0382951 0.166016 0.758117
0 0.470559 0.65235 0.0558628 0.215902 0.707371
0 0.789212 0.654473 0.0259823 0.141533 0.632338
0 0.429889 0.566055 0.0380493 0.203597 0.604473
0 0.0916494 0.484374 0.0414502 0.190304 0.592707
0 0.278531 0.36376 0.0257258 0.169913 0.502828
0 0.233143 0.308127 0.0223395 0.040033 0.436327
0 0.416874 0.30675 0.0229253 0.12775 0.435654
0 0.741141 0.903246 0.0339619 0.129433 0.396668
0 0.390014 0.2603 0.0259529 0.047871 0.316204
0 0.0546191 0.350576 0.0198764 0.0621464 0.290612
0 0.0901048 0.343057 0.0170538 0.04809 0.2695
0 0.743362 0.45643 0.0323577 0.0739091 0.264118
0 0.821549 0.911935 0.0462574 0.131236 0.255695
0 0.870212 0.860001 0.042255 0.132307 0.250779
