0 0.578378 0.867717 0.0318648 0.0816038 0.729176
0 0.651668 0.314867 0.0588033 0.113691 0.716356
0 0.465406 0.416311 0.0294424 0.120663 0.712775
0 0.738232 0.42929 0.0726766 0.133604 0.695975
0 0.817111 0.41002 0.0376613 0.133329 0.609835
0 0.483633 0.424974 0.026838 0.118805 0.580826
0 0.343737 0.588341 0.0368399 0.163662 0.488492
0 0.281033 0.791844 0.0311143 0.127946 0.484348
0 0.451657 0.552638 0.0402077 0.178438 0.461055
0 0.437482 0.836123 0.0413978 0.137048 0.458075
0 0.589256 0.331849 0.0352593 0.153762 0.453178
0 0.866646 0.343784 0.0389793 0.147372 0.431851
0 0.264047 0.652841 0.0399297 0.201293 0.430531
0 0.344518 0.864037 0.0372523 0.0922063 0.400502
0 0.786583 0.239189 0.025904 0.0458705 0.375606
0 0.487581 0.396441 0.0174549 0.064926 0.336862
0 0.750625 0.233245 0.0252407 0.0407022 0.334029
0 0.904597 0.269766 0.0225628 0.0421408 0.300711
0 0.480571 0.440456 0.0283214 0.127358 0.263877
