0 0.326653 0.467699 0.0471239 0.1367 0.778671
0 0.279879 0.363544 0.0242485 0.17049 0.641926
0 0.475658 0.654649 0.053871 0.214318 0.569875
0 0.592847 0.667876 0.0492681 0.221143 0.540555
0 0.0967182 0.474404 0.0413075 0.191034 0.46303
0 0.0920056 0.344408 0.0182243 0.0511356 0.448018
0 0.423613 0.563545 0.0368475 0.209628 0.442042
0 0.438589 0.436726 0.0307276 0.132755 0.417591
0 0.739314 0.902089 0.0335766 0.134582 0.387699
0 0.390435 0.262009 0.0254404 0.0451173 0.335867
0 0.786288 0.649382 0.0225679 0.138176 0.327305
0 0.0567554 0.349616 0.0215543 0.0617422 0.323129
0 0.418079 0.318787 0.0253016 0.134597 0.306807
0 0.233794 0.308668 0.0230944 0.0415138 0.29831
0 0.198561 0.313196 0.0266979 0.0589161 0.280928
0 0.0691175 0.349078 0.0186867 0.0554771 0.276902
0 0.68999 0.492105 0.0418858 0.102228 0.272956
0 0.743079 0.456763 0.0321222 0.0741161 0.267012
0 0.784945 0.625776 0.0275999 0.192777 0.260056
0 0.868354 0.861322 0.0416727 0.136836 0.258236
