0 0.411645 0.538463 0.023836 0.111981 0.81128
0 0.527453 0.320222 0.0269537 0.119094 0.780968
0 0.338587 0.267316 0.0211713 0.107899 0.733911
0 0.427464 0.57154 0.0403337 0.173719 0.663858
0 0.917267 0.68465 0.0361549 0.173253 0.661423
0 0.555251 0.764817 0.0531988 0.191009 0.622443
0 0.335787 0.2805 0.0265896 0.130346 0.566519
0 0.433012 0.538381 0.0333918 0.108164 0.550406
0 0.613511 0.644139 0.0617807 0.19762 0.536682
0 0.0612368 0.642138 0.0370114 0.18035 0.517778
0 0.338878 0.676729 0.0615629 0.209337 0.473824
0 0.434029 0.524148 0.0300569 0.0795343 0.412716
0 0.627187 0.438384 0.0534884 0.166913 0.365366
0 0.484158 0.245162 0.0283185 0.100252 0.36095
0 0.547475 0.167073 0.0144549 0.0353128 0.336042
0 0.426026 0.611434 0.0400436 0.0893894 0.285017
0 0.409887 0.52838 0.0213021 0.0894414 0.268902
0 0.424725 0.595901 0.0430361 0.121873 0.265983
0 0.976955 0.817442 0.0220322 0.0364968 0.262961
0 0.560482 0.752017 0.0393824 0.162416 0.25394
