0 0.894562 0.320023 0.0308641 0.16611 0.789497
0 0.844859 0.431218 0.0592047 0.153693 0.703121
0 0.434294 0.355089 0.0324026 0.158168 0.684746
0 0.724582 0.310333 0.0391888 0.120006 0.567186
0 0.614394 0.454007 0.0349831 0.125603 0.512038
0 0.871414 0.243226 0.0282269 0.0526596 0.503633
0 0.790397 0.423958 0.0404442 0.144334 0.497198
0 0.481039 0.424028 0.0375971 0.197205 0.496339
0 0.488938 0.828905 0.0425657 0.100353 0.438273
0 0.789397 0.455983 0.0390705 0.0848891 0.419948
0 0.611979 0.470991 0.0410463 0.161432 0.400108
0 0.312083 0.690636 0.0419684 0.203313 0.370155
0 0.991566 0.275588 0.0162094 0.052074 0.367906
0 0.656425 0.185787 0.0207827 0.045384 0.335841
0 0.78881 0.397436 0.0365059 0.09389 0.332475
0 0.40058 0.849068 0.0370006 0.0555156 0.32718
0 0.935319 0.259403 0.02066 0.0469019 0.324621
0 0.831309 0.234825 0.0262896 0.0402745 0.303145
0 0.335226 0.821258 0.0392319 0.120564 0.292033
0 0.682088 0.289831 0.0492285 0.174108 0.272881
0 0.775335 0.503641 0.0163414 0.0260427 0.262449
0 0.598225 0.172252 0.0211301 0.0490538 0.251278
