0 0.228304 0.236458 0.0365905 0.184778 0.616869
0 0.485362 0.315927 0.0390648 0.212523 0.612675
0 0.0339381 0.603261 0.047775 0.225853 0.596767
0 0.452621 0.555041 0.0505938 0.171444 0.578673
0 0.265907 0.0745211 0.0193961 0.0662652 0.462018
0 0.567685 0.404492 0.0616203 0.197713 0.434016
0 0.402638 0.0857081 0.0300491 0.0559477 0.431347
0 0.223327 0.134898 0.0287722 0.0651335 0.424473
0 0.864375 0.332458 0.0329838 0.0984698 0.393676
0 0.283798 0.0652874 0.0206286 0.0580064 0.389023
0 0.836103 0.788343 0.0428332 0.131805 0.324161
0 0.543012 0.319187 0.0256773 0.176619 0.322125
0 0.976983 0.583773 0.0453643 0.144741 0.321691
0 0.884423 0.516386 0.0363014 0.19742 0.313466
0 0.110075 0.163346 0.0186036 0.055086 0.305505
0 0.5971 0.329741 0.0368853 0.166998 0.294285
0 0.220373 0.15784 0.0245347 0.11096 0.273807
0 0.0671912 0.100154 0.0283502 0.0770741 0.26844
0 0.568639 0.314418 0.0383287 0.190261 0.264373
0 0.894431 0.786566 0.0376432 0.146986 0.25744
0 0.430418 0.0786375 0.0227244 0.0508886 0.250661
