0 0.315301 0.45467 0.029013 0.136326 0.854599
0 0.121213 0.458304 0.0316744 0.174883 0.623099
0 0.568201 0.585606 0.035469 0.169492 0.617504
0 0.460299 0.462288 0.0450508 0.152655 0.607168
0 0.407947 0.569045 0.0605173 0.206072 0.567098
0 0.485512 0.655546 0.0433616 0.218897 0.532501
0 0.0761755 0.775891 0.0379296 0.243849 0.49604
0 0.285117 0.362523 0.0222546 0.166011 0.466396
0 0.780399 0.612824 0.0288627 0.211399 0.445464
0 0.416298 0.331299 0.0271425 0.152909 0.336246
0 0.203958 0.312391 0.0272849 0.0608662 0.325338
0 0.240078 0.305675 0.0226425 0.0406554 0.32172
0 0.415883 0.366165 0.0259873 0.0827051 0.31497
0 0.780926 0.635051 0.0235623 0.157445 0.304295
0 0.80934 0.551754 0.0356226 0.135681 0.302706
0 0.741226 0.900656 0.0349436 0.141267 0.261552
