0 0.167013 0.483462 0.0336003 0.137733 0.764594
0 0.051387 0.940926 0.0447512 0.118149 0.684374
0 0.379458 0.303652 0.0217003 0.13441 0.648339
0 0.437444 0.364337 0.0361275 0.130154 0.636863
0 0.54099 0.270594 0.0252717 0.0659943 0.57744
0 0.476733 0.528982 0.0514236 0.172194 0.57266
0 0.557085 0.361894 0.034618 0.123863 0.550021
0 0.311855 0.514178 0.0308546 0.165674 0.549944
0 0.40355 0.271804 0.0246004 0.114383 0.51757
0 0.541469 0.247836 0.0266333 0.11211 0.504369
0 0.671342 0.548582 0.0248087 0.182998 0.442943
0 0.420128 0.551363 0.032921 0.164401 0.392981
0 0.352495 0.824119 0.0346442 0.126238 0.370682
0 0.753486 0.664076 0.0322546 0.173967 0.251415
