0 0.665829 0.306676 0.0226693 0.138857 0.687782
0 0.86744 0.327922 0.0407829 0.18281 0.630569
0 0.268169 0.640143 0.0567973 0.177086 0.590394
0 0.817562 0.416941 0.0325853 0.146472 0.584295
0 0.329756 0.577431 0.0361403 0.165351 0.573299
0 0.571263 0.336606 0.0379961 0.14816 0.560682
0 0.459243 0.462341 0.0264852 0.172915 0.537736
0 0.25949 0.796418 0.035467 0.146042 0.500272
0 0.86634 0.356849 0.0426479 0.128221 0.488878
0 0.534221 0.859558 0.0293589 0.0910258 0.430964
0 0.723028 0.421243 0.0465065 0.133715 0.426912
0 0.427801 0.832602 0.0376083 0.142165 0.387551
0 0.287007 0.842619 0.0288701 0.151052 0.372389
0 0.665409 0.323265 0.0204621 0.106031 0.315726
0 0.50871 0.591032 0.0729835 0.20883 0.310162
0 0.875252 0.263363 0.0231846 0.0514169 0.302345
0 0.325453 0.855035 0.0382333 0.103334 0.286133
0 0.102288 0.751201 0.0323968 0.081865 0.279561
0 0.834198 0.208094 0.0188219 0.0669427 0.26339
