0 0.417673 0.565855 0.0662526 0.175841 0.661388
0 0.538417 0.3223 0.0377527 0.119947 0.64082
0 0.0499422 0.634503 0.0739513 0.171894 0.568393
0 0.642382 0.423392 0.0507072 0.145342 0.558935
0 0.335975 0.677923 0.0547565 0.204327 0.518794
0 0.337678 0.261466 0.0208838 0.103973 0.473205
0 0.613789 0.637365 0.0664569 0.190779 0.463839
0 0.915774 0.71256 0.0515732 0.182469 0.433275
0 0.0516062 0.634803 0.0481596 0.171388 0.417384
0 0.502115 0.237954 0.0287286 0.10935 0.305811
0 0.0601711 0.636266 0.0520598 0.174564 0.297572
0 0.539365 0.769352 0.0716956 0.205336 0.264498
