0 0.708776 0.275477 0.0262937 0.126868 0.709423
0 0.587872 0.443701 0.0377866 0.117571 0.677131
0 0.755593 0.331557 0.0315249 0.134875 0.612492
0 0.468671 0.347594 0.0587061 0.135694 0.579859
0 0.586354 0.432995 0.030257 0.09604 0.569736
0 0.424674 0.758553 0.04367 0.218274 0.552561
0 0.620705 0.255858 0.0327469 0.147034 0.456057
0 0.652246 0.181172 0.0242905 0.0487546 0.439892
0 0.560665 0.473482 0.0421265 0.153256 0.432208
0 0.829023 0.229339 0.0261513 0.0450129 0.409637
0 0.413984 0.405115 0.0313318 0.165613 0.401104
0 0.538659 0.310705 0.0281872 0.134799 0.399325
0 0.216594 0.475454 0.0361232 0.134873 0.355583
0 0.797069 0.219747 0.029574 0.0519662 0.318992
0 0.869788 0.238109 0.024705 0.04773 0.3179
0 0.567011 0.490166 0.0530664 0.176503 0.31089
0 0.327952 0.815395 0.0352169 0.114357 0.308068
0 0.443878 0.818595 0.0472602 0.11443 0.293686
0 0.358313 0.820084 0.0350075 0.106244 0.292415
0 0.418999 0.337857 0.015437 0.0464997 0.284553
0 0.255546 0.833853 0.0329805 0.0923984 0.265327
