0 0.670617 0.315611 0.0430964 0.12127 0.731547
0 0.715107 0.440435 0.0670578 0.143166 0.722768
0 0.545888 0.609628 0.0558967 0.194758 0.680499
0 0.270334 0.633659 0.0288112 0.192364 0.678091
0 0.809712 0.42598 0.0420109 0.154247 0.662174
0 0.867373 0.345157 0.0267254 0.151712 0.607065
0 0.565174 0.339239 0.0227806 0.149393 0.518479
0 0.316118 0.575323 0.0311618 0.168336 0.472044
0 0.855075 0.257072 0.021538 0.0397944 0.4523
0 0.243816 0.808437 0.0380814 0.166538 0.447928
0 0.425812 0.43853 0.0247007 0.166436 0.388196
0 0.504443 0.521798 0.0305404 0.194854 0.369346
0 0.82571 0.245026 0.020832 0.047276 0.366333
0 0.276506 0.839863 0.0327488 0.139613 0.296315
0 0.504583 0.854952 0.0282759 0.104459 0.293926
0 0.442589 0.455297 0.0284483 0.180091 0.293255
0 0.381477 0.870027 0.0381728 0.0721349 0.278806
0 0.08697 0.755546 0.0316573 0.0874431 0.25729
0 0.176863 0.83424 0.02662 0.0837805 0.250084
