0 0.537481 0.401293 0.0346664 0.170901 0.747517
0 0.740542 0.373111 0.0333478 0.154308 0.554614
0 0.378883 0.549768 0.043279 0.195405 0.547405
0 0.846972 0.469147 0.041633 0.156095 0.458665
0 0.912365 0.291313 0.0278917 0.0477591 0.455065
0 0.877563 0.279804 0.0312588 0.0562126 0.438617
0 0.845226 0.272273 0.0238846 0.0487415 0.409099
0 0.724152 0.23906 0.0220141 0.0464264 0.371121
0 0.427726 0.391031 0.0217293 0.0808334 0.36554
0 0.55476 0.195602 0.0223207 0.0438115 0.350322
0 0.409815 0.425365 0.0279985 0.131138 0.34566
0 0.200339 0.598917 0.0373125 0.15723 0.337137
0 0.761271 0.32116 0.0256338 0.153211 0.295042
0 0.520732 0.771228 0.0602169 0.21528 0.264965
0 0.174727 0.487691 0.0258509 0.0780199 0.264883
