0 0.163395 0.489243 0.0323498 0.146884 0.701637
0 0.379733 0.303962 0.0238707 0.127323 0.682702
0 0.436296 0.364788 0.0338059 0.128752 0.677113
0 0.477467 0.530043 0.0564904 0.163923 0.659143
0 0.309262 0.518513 0.0320457 0.161223 0.589421
0 0.0538355 0.94028 0.0438153 0.118433 0.550838
0 0.558512 0.363146 0.0338916 0.127421 0.505388
0 0.671093 0.552964 0.0262857 0.182477 0.408353
0 0.346769 0.816616 0.0308069 0.117988 0.404536
0 0.420272 0.553048 0.0324707 0.161059 0.381472
0 0.53311 0.289519 0.0101527 0.0342665 0.345993
0 0.403226 0.288878 0.017524 0.0801478 0.344098
