0 0.490525 0.41056 0.0396424 0.164776 0.607293
0 0.586842 0.328798 0.026305 0.166241 0.59442
0 0.166332 0.507156 0.0469735 0.203278 0.589511
0 0.309102 0.166063 0.0286648 0.16942 0.580899
0 0.465503 0.278315 0.0328672 0.205962 0.533952
0 0.187103 0.237918 0.0272744 0.184062 0.495641
0 0.267364 0.0998514 0.0251219 0.0470833 0.401058
0 0.398275 0.0642188 0.0269226 0.0508062 0.376897
0 0.0573522 0.152991 0.0269114 0.0579095 0.360765
0 0.460056 0.69521 0.0475568 0.215458 0.359312
0 0.498099 0.328147 0.0446501 0.174567 0.339982
0 0.518194 0.205601 0.0299484 0.167403 0.324777
0 0.781503 0.727951 0.040512 0.155008 0.319437
0 0.556821 0.310778 0.0409142 0.176333 0.303166
0 0.230477 0.107639 0.0284578 0.0558429 0.275633
0 0.0880572 0.143949 0.0243885 0.0589125 0.263944
