0 0.212327 0.270803 0.024382 0.0474151 0.577715
0 0.258643 0.335147 0.0221059 0.17034 0.550629
0 0.26726 0.197324 0.0189436 0.0703923 0.404809
0 0.393131 0.436594 0.0429778 0.234958 0.379853
0 0.422068 0.625177 0.0557992 0.222633 0.375413
0 0.0586088 0.311153 0.019968 0.0539466 0.340992
0 0.348517 0.229311 0.0270229 0.0555366 0.32604
0 0.232032 0.209073 0.0235412 0.0529133 0.325262
0 0.354044 0.299995 0.0374124 0.113105 0.306732
0 0.212794 0.210769 0.0189548 0.0716973 0.294497
0 0.803476 0.44975 0.0247572 0.15879 0.273987
0 0.011269 0.524561 0.0205357 0.107654 0.271283
0 0.511569 0.456089 0.0429171 0.0866697 0.265453
0 0.272219 0.250307 0.0178396 0.0552656 0.264186
0 0.373096 0.22614 0.0231847 0.0457492 0.252132
