0 0.484569 0.404064 0.0418802 0.184055 0.617992
0 0.309436 0.167097 0.0274656 0.16748 0.513798
0 0.465694 0.28144 0.0326975 0.205311 0.495764
0 0.497783 0.33125 0.0323089 0.162055 0.447949
0 0.515469 0.211642 0.0316002 0.169628 0.440368
0 0.188325 0.242171 0.029741 0.176003 0.437073
0 0.17289 0.50732 0.0473227 0.206767 0.432808
0 0.266585 0.106435 0.0249912 0.0434321 0.382496
0 0.49693 0.289495 0.0305189 0.0798179 0.375678
0 0.582467 0.333777 0.0286236 0.175141 0.369023
0 0.398338 0.0668697 0.0269939 0.0487915 0.332049
0 0.78056 0.724371 0.0403788 0.155977 0.312731
0 0.857858 0.716748 0.03482 0.131495 0.282681
0 0.348377 0.0781685 0.0259803 0.0548769 0.266966
