0 0.197774 0.483174 0.0307841 0.120646 0.713304
0 0.0386464 0.946372 0.0450998 0.106497 0.607999
0 0.431418 0.356925 0.0293749 0.130872 0.596044
0 0.556518 0.334365 0.0265855 0.106221 0.583965
0 0.477151 0.510748 0.0340496 0.163393 0.561074
0 0.797382 0.696353 0.026399 0.0944343 0.486499
0 0.410403 0.539378 0.0392498 0.162663 0.422555
0 0.333831 0.489507 0.0275946 0.145494 0.384046
0 0.539542 0.244124 0.0223296 0.0779017 0.372625
0 0.385205 0.80925 0.0482359 0.132197 0.370323
0 0.796952 0.709783 0.0294237 0.11056 0.355145
0 0.760036 0.669808 0.0434797 0.173523 0.338945
0 0.727337 0.793085 0.0181075 0.051371 0.338111
0 0.667436 0.536046 0.0253782 0.168648 0.32496
0 0.7298 0.809792 0.023165 0.0821347 0.31777
0 0.381776 0.312659 0.0270131 0.12103 0.25225
