0 0.21584 0.31392 0.0299852 0.152789 0.862241
0 0.1877 0.477451 0.0300879 0.187955 0.789818
0 0.359716 0.433759 0.0466367 0.200857 0.751757
0 0.281951 0.34093 0.0347987 0.157595 0.723867
0 0.302989 0.264875 0.0207437 0.159959 0.586118
0 0.205454 0.391678 0.00989141 0.0241497 0.398438
0 0.807745 0.786488 0.0375009 0.141836 0.335674
0 0.72939 0.877907 0.0379469 0.118219 0.308814
0 0.738471 0.77415 0.0331285 0.133751 0.3055
0 0.543017 0.375534 0.0272562 0.157844 0.295151
0 0.187498 0.421326 0.0191072 0.07373 0.276814
0 0.673751 0.661267 0.0484278 0.243293 0.264983
