0 0.687542 0.656341 0.0693584 0.176917 0.792691
0 0.428683 0.294 0.0599502 0.14476 0.704462
0 0.436196 0.473704 0.0621316 0.176825 0.67015
0 0.828483 0.435533 0.0660247 0.164618 0.648808
0 0.925905 0.927238 0.0544713 0.138536 0.622068
0 0.580612 0.241083 0.0445594 0.10773 0.600166
0 0.710278 0.320234 0.0265273 0.130526 0.582893
0 0.907119 0.938702 0.0867454 0.122353 0.556775
0 0.448305 0.831398 0.0338685 0.105699 0.532446
0 0.0625771 0.606238 0.0475711 0.186863 0.527568
0 0.0171878 0.723612 0.0343757 0.151749 0.503042
0 0.43946 0.826463 0.0517538 0.0965824 0.49171
0 0.123212 0.792814 0.0467804 0.217975 0.490116
0 0.655936 0.220918 0.0435069 0.121947 0.46012
0 0.443778 0.819988 0.039923 0.0990518 0.45426
0 0.0173643 0.699083 0.0338575 0.101887 0.416089
0 0.667021 0.230968 0.0206065 0.0988139 0.402685
0 0.194532 0.837018 0.0386873 0.109506 0.399846
0 0.159946 0.808709 0.0345697 0.154479 0.399277
0 0.0534917 0.823323 0.0335969 0.0914887 0.396554
0 0.662618 0.220733 0.030798 0.120381 0.372183
0 0.194616 0.820792 0.0376141 0.0777075 0.303611
0 0.346289 0.556037 0.0474976 0.141959 0.290501
0 0.165738 0.950168 0.0346725 0.0965528 0.254635
0 0.336349 0.103175 0.0239805 0.0382604 0.252318
