0 0.613119 0.242311 0.0326934 0.141969 0.783692
0 0.757089 0.320913 0.0541163 0.136284 0.769712
0 0.663871 0.55014 0.04573 0.148372 0.721683
0 0.602327 0.562333 0.0501763 0.150601 0.69788
0 0.402474 0.740231 0.0525615 0.171114 0.639806
0 0.61632 0.415894 0.0376386 0.156048 0.627543
0 0.462483 0.576549 0.0561262 0.158468 0.621059
0 0.759763 0.199226 0.0192602 0.0440279 0.532743
0 0.790782 0.203646 0.0275233 0.0567044 0.514931
0 0.429742 0.818257 0.0456719 0.11868 0.509691
0 0.864062 0.220756 0.0263878 0.0509202 0.497285
0 0.502949 0.315345 0.0409766 0.13518 0.495378
0 0.409986 0.741981 0.0370529 0.173935 0.483241
0 0.447097 0.349879 0.0413457 0.14707 0.426008
0 0.384048 0.833375 0.0337376 0.0782773 0.407085
0 0.928124 0.240214 0.0218406 0.0444449 0.384582
0 0.684386 0.206084 0.0248071 0.117773 0.372088
0 0.232926 0.440482 0.0347803 0.172021 0.347736
0 0.382133 0.411215 0.0302112 0.184979 0.321249
0 0.64523 0.167198 0.0212414 0.0480487 0.310619
0 0.401277 0.717095 0.0508841 0.12399 0.272742
0 0.549937 0.148815 0.0224844 0.0389526 0.268042
0 0.256149 0.932342 0.0540595 0.134015 0.265532
0 0.823074 0.215066 0.0270741 0.0449282 0.264784
0 0.759417 0.211609 0.0191261 0.0621044 0.261517
0 0.990343 0.252219 0.0185889 0.0470479 0.257794
0 0.729175 0.194639 0.0254698 0.0452215 0.253376
