0 0.567411 0.468182 0.0489232 0.17113 0.662586
0 0.476727 0.49145 0.0390356 0.198728 0.639437
0 0.448881 0.779092 0.0443061 0.192583 0.55615
0 0.443023 0.414612 0.044358 0.17135 0.484369
0 0.632804 0.565089 0.0505434 0.23669 0.481947
0 0.255661 0.2475 0.025773 0.0471476 0.438386
0 0.395249 0.209376 0.0295724 0.0524002 0.426712
0 0.753073 0.370952 0.0300569 0.084638 0.39162
0 0.424974 0.199922 0.0237906 0.0512939 0.371129
0 0.430178 0.3575 0.0307053 0.162736 0.346355
0 0.808523 0.915027 0.0432081 0.159469 0.303134
0 0.367535 0.211496 0.0244013 0.0592774 0.28679
0 0.382657 0.152574 0.0249792 0.0798604 0.286
0 0.0577899 0.226013 0.0293417 0.0774266 0.284732
0 0.956547 0.88077 0.0403385 0.152908 0.27435
0 0.506125 0.348854 0.0382185 0.182807 0.266666
