0 0.200208 0.574998 0.0338741 0.153012 0.817409
0 0.479812 0.355017 0.0489992 0.102442 0.785977
0 0.410231 0.254034 0.0343499 0.110419 0.704948
0 0.86025 0.70097 0.0287569 0.109803 0.597397
0 0.507179 0.599215 0.0461208 0.159463 0.587207
0 0.192433 0.878817 0.0433188 0.183753 0.573015
0 0.961308 0.671001 0.0267952 0.0975373 0.566471
0 0.791089 0.770039 0.0165519 0.0344306 0.532062
0 0.884269 0.697182 0.0289328 0.0908623 0.531401
0 0.817284 0.825407 0.0302833 0.0965678 0.525227
0 0.654286 0.627446 0.032847 0.189044 0.515863
0 0.3564 0.297219 0.0396012 0.121782 0.493742
0 0.901509 0.559291 0.0317459 0.139839 0.481329
0 0.680206 0.706228 0.0578682 0.17407 0.479587
0 0.539708 0.244996 0.0299377 0.107985 0.449638
0 0.814385 0.75724 0.0266582 0.0563644 0.405322
0 0.590953 0.411381 0.0237981 0.147885 0.384035
0 0.853323 0.780317 0.0377628 0.0850886 0.376685
0 0.93041 0.6835 0.0240333 0.0586731 0.372952
0 0.928931 0.704781 0.0304054 0.0993755 0.369843
0 0.0393528 0.502183 0.0379336 0.158023 0.354781
0 0.590037 0.384623 0.0251574 0.0963891 0.345397
0 0.8676 0.647174 0.0146793 0.0314176 0.298413
0 0.815265 0.771772 0.0335811 0.0660873 0.294852
0 0.107803 0.891259 0.0349799 0.212576 0.267641
0 0.0152875 0.540891 0.0131282 0.0346183 0.266232
0 0.136534 0.246116 0.0178608 0.0427753 0.251859
