0 0.21049 0.460704 0.0418847 0.18243 0.702797
0 0.222596 0.300225 0.0339432 0.129267 0.684289
0 0.309298 0.375909 0.0446158 0.142782 0.608226
0 0.578564 0.427938 0.0416441 0.170779 0.569558
0 0.240229 0.197447 0.0256793 0.0615083 0.562741
0 0.381317 0.460227 0.0359806 0.185501 0.562267
0 0.274392 0.192126 0.0227586 0.0351678 0.484474
0 0.408874 0.462472 0.0337436 0.191015 0.473751
0 0.382801 0.439351 0.029516 0.140681 0.470881
0 0.315016 0.242476 0.022864 0.137328 0.438123
0 0.192445 0.853316 0.058301 0.23681 0.413925
0 0.411273 0.422543 0.028836 0.110004 0.361646
0 0.0847847 0.239322 0.0181578 0.0493842 0.33808
0 0.394948 0.156092 0.0243855 0.0415796 0.301158
0 0.786215 0.458187 0.0286287 0.101766 0.287941
0 0.899515 0.901582 0.0345718 0.10546 0.27092
0 0.821129 0.757264 0.0343902 0.122673 0.262865
0 0.239694 0.218792 0.0256615 0.103222 0.255568
