0 0.942484 0.330684 0.0633342 0.158219 0.774018
0 0.477002 0.333261 0.0336519 0.160973 0.752797
0 0.657423 0.796471 0.0411715 0.159726 0.632944
0 0.694662 0.289844 0.0275536 0.118906 0.613024
0 0.790676 0.301665 0.0267652 0.127574 0.570362
0 0.956918 0.234796 0.0201288 0.0443153 0.410201
0 0.632574 0.679949 0.059816 0.144067 0.409103
0 0.65297 0.393492 0.041473 0.184125 0.401099
0 0.582773 0.732051 0.0549279 0.222836 0.370381
0 0.450607 0.81485 0.0466283 0.126635 0.362043
0 0.702108 0.165939 0.0238445 0.0543796 0.315492
0 0.88549 0.216865 0.0274026 0.0478882 0.293602
0 0.639102 0.690612 0.0526795 0.148407 0.280346
0 0.819935 0.199023 0.0238555 0.0484666 0.280055
0 0.871936 0.173902 0.0242981 0.0685971 0.278835
0 0.851332 0.206659 0.0312584 0.0557923 0.2698
0 0.930111 0.23217 0.0265768 0.0363418 0.269372
0 0.427032 0.409169 0.032464 0.157555 0.257655
