0 0.912584 0.494692 0.0802602 0.165359 0.842638
0 0.805975 0.396687 0.0366749 0.156385 0.826681
0 0.13802 0.632996 0.0443008 0.229921 0.624936
0 0.453674 0.411621 0.0634319 0.176385 0.616974
0 0.758164 0.306328 0.0320948 0.102047 0.585257
0 0.386819 0.493634 0.0576315 0.120169 0.53189
0 0.58655 0.381002 0.057979 0.112761 0.475324
0 0.743927 0.307823 0.0397746 0.0922882 0.467894
0 0.734448 0.9661 0.034918 0.0648109 0.453123
0 0.380043 0.664686 0.0588315 0.176563 0.35867
0 0.69716 0.193613 0.0233454 0.0465382 0.340665
0 0.932731 0.258268 0.0303149 0.0534427 0.320657
0 0.63595 0.190001 0.0214461 0.0298427 0.31547
0 0.887026 0.247711 0.0262409 0.0451193 0.304291
0 0.810229 0.351535 0.0276756 0.066067 0.295038
0 0.600162 0.172638 0.0275885 0.0391129 0.292937
0 0.349307 0.815468 0.0418547 0.120897 0.280982
0 0.466206 0.36765 0.0372255 0.08725 0.26006
0 0.461203 0.39152 0.0475862 0.137498 0.25981
0 0.527162 0.156455 0.0236508 0.0466546 0.253485
