0 0.751721 0.323884 0.0417782 0.126094 0.839
0 0.458568 0.576416 0.0449787 0.158366 0.751172
0 0.613341 0.241064 0.0328099 0.142521 0.724343
0 0.402134 0.741207 0.0597027 0.182999 0.715983
0 0.503411 0.317179 0.0416931 0.14349 0.678052
0 0.657342 0.545929 0.0453131 0.156838 0.672665
0 0.602966 0.552704 0.0486193 0.152096 0.604334
0 0.615663 0.416041 0.0337639 0.149754 0.561287
0 0.7902 0.20307 0.0296231 0.0541831 0.490382
0 0.863722 0.221205 0.0255859 0.0491016 0.480326
0 0.384227 0.829853 0.0336939 0.0758625 0.450654
0 0.446013 0.349308 0.0420788 0.148587 0.435077
0 0.927817 0.239218 0.0225994 0.0467565 0.427872
0 0.382296 0.407243 0.0300037 0.182092 0.350628
0 0.232509 0.440524 0.033341 0.168844 0.332759
0 0.430255 0.817686 0.047233 0.118899 0.289769
0 0.759305 0.198046 0.0201987 0.0476171 0.284041
0 0.99011 0.251228 0.0190438 0.0504224 0.28056
0 0.645041 0.167845 0.0210509 0.0462215 0.277859
0 0.400922 0.716335 0.0586101 0.130838 0.25574
