0 0.313953 0.451844 0.028057 0.139103 0.861713
0 0.462472 0.461341 0.0503273 0.154534 0.700304
0 0.485125 0.655207 0.0479305 0.218181 0.660437
0 0.284893 0.361647 0.0237761 0.163873 0.636224
0 0.0808195 0.772911 0.0324319 0.248079 0.595555
0 0.780079 0.613689 0.0256983 0.19539 0.574311
0 0.565411 0.584201 0.0311905 0.164712 0.540018
0 0.126612 0.456987 0.0389023 0.173017 0.510814
0 0.406839 0.567075 0.0556469 0.209358 0.485148
0 0.241009 0.303506 0.0243548 0.0447517 0.413915
0 0.204742 0.309926 0.0275222 0.0565707 0.397952
0 0.41644 0.331274 0.0266931 0.15201 0.33684
0 0.567492 0.559871 0.0263474 0.11871 0.320497
0 0.0633249 0.282124 0.0228444 0.0700352 0.303099
0 0.809369 0.554934 0.036834 0.145293 0.280475
