0 0.510504 0.508439 0.0411766 0.173039 0.661445
0 0.628365 0.569311 0.0534922 0.21391 0.656038
0 0.492808 0.35622 0.0251349 0.144349 0.649707
0 0.411682 0.608343 0.0494987 0.227114 0.648794
0 0.453317 0.330035 0.0264158 0.166714 0.531924
0 0.282028 0.282825 0.0226012 0.0402216 0.531755
0 0.647813 0.782621 0.0715639 0.163243 0.512604
0 0.850221 0.645191 0.0449947 0.189868 0.494971
0 0.433872 0.23919 0.023522 0.042816 0.321322
0 0.407389 0.416595 0.041558 0.178056 0.307233
0 0.90764 0.640642 0.0283695 0.0822173 0.283756
0 0.39603 0.197254 0.024191 0.0779729 0.282662
0 0.401215 0.421086 0.0555234 0.198561 0.264521
0 0.775224 0.891476 0.0432957 0.162742 0.252011
