0 0.257545 0.78947 0.0339996 0.133735 0.64871
0 0.268547 0.639129 0.0575011 0.176692 0.648236
0 0.666162 0.307522 0.0207699 0.137195 0.594059
0 0.866448 0.327253 0.0415378 0.185351 0.593273
0 0.571078 0.337608 0.036046 0.145162 0.572498
0 0.457628 0.45536 0.0269387 0.180378 0.56607
0 0.819887 0.4164 0.0273668 0.142887 0.561535
0 0.329487 0.576707 0.0358897 0.163907 0.536955
0 0.722425 0.424205 0.0500587 0.135273 0.496361
0 0.532965 0.858868 0.0302398 0.0955792 0.459241
0 0.508957 0.593921 0.0723496 0.207972 0.432868
0 0.427617 0.831713 0.0377687 0.141564 0.371678
0 0.324312 0.854563 0.0389388 0.102469 0.331431
0 0.101914 0.751302 0.0319454 0.081815 0.322743
0 0.286648 0.841803 0.0294108 0.149783 0.317614
0 0.186874 0.831557 0.0306457 0.0833466 0.25516
