0 0.631058 0.372998 0.0575374 0.172911 0.758561
0 0.680963 0.286532 0.0319616 0.12035 0.709959
0 0.686112 0.775706 0.042918 0.186479 0.700872
0 0.5606 0.733749 0.0613916 0.198674 0.630286
0 0.990427 0.245376 0.0183792 0.0427563 0.552196
0 0.924474 0.322412 0.0332012 0.147415 0.513953
0 0.817556 0.198246 0.0222 0.0465995 0.451111
0 0.787518 0.298091 0.026874 0.117558 0.449447
0 0.591542 0.777145 0.0545954 0.155621 0.420538
0 0.652956 0.865085 0.0166548 0.0534858 0.371948
0 0.469301 0.334713 0.0378165 0.161287 0.357774
0 0.514054 0.86923 0.0214568 0.0259955 0.340087
0 0.685877 0.750322 0.0407732 0.132064 0.327787
0 0.697779 0.16466 0.028547 0.0587975 0.312192
0 0.846954 0.205401 0.0307053 0.0599968 0.30288
0 0.922754 0.231636 0.0265099 0.04952 0.296547
0 0.419231 0.413888 0.0382264 0.184555 0.291443
0 0.866104 0.168851 0.0238347 0.0742709 0.287337
0 0.880695 0.218374 0.0284016 0.0463343 0.271757
0 0.304821 0.368083 0.0287839 0.167292 0.267908
0 0.659075 0.705017 0.0441634 0.133735 0.265874
0 0.450435 0.814925 0.0408278 0.119539 0.263665
0 0.657972 0.465297 0.00770805 0.0273934 0.26333
0 0.287584 0.822557 0.0301216 0.101495 0.251469
