0 0.866352 0.967103 0.0508831 0.0647778 0.85352
0 0.421868 0.743967 0.0616971 0.165348 0.706548
0 0.364718 0.515016 0.0602756 0.161868 0.678663
0 0.598101 0.307059 0.062106 0.137305 0.677953
0 0.770543 0.36625 0.0522596 0.146438 0.674173
0 0.0661346 0.649302 0.0658265 0.152807 0.649591
0 0.710331 0.695554 0.0512753 0.180413 0.642748
0 0.899864 0.468394 0.062608 0.149972 0.591255
0 0.455879 0.458663 0.0349988 0.135764 0.575777
0 0.722079 0.257834 0.0396839 0.121777 0.494543
0 0.448229 0.334153 0.0648184 0.134637 0.466895
0 0.273456 0.81655 0.0347254 0.109605 0.437006
0 0.169401 0.824595 0.032354 0.123387 0.417856
0 0.571589 0.364376 0.0119287 0.0305359 0.381178
0 0.562472 0.147654 0.0246084 0.0439982 0.351515
0 0.311046 0.84413 0.0386926 0.0632955 0.350633
0 0.470952 0.126549 0.0256848 0.050238 0.334315
0 0.255789 0.78162 0.0839087 0.143715 0.331796
0 0.168795 0.84409 0.0315165 0.098297 0.28829
0 0.0972429 0.814125 0.0336729 0.109617 0.259889
0 0.0914422 0.582069 0.0375629 0.0871638 0.2528
