0 0.312851 0.619664 0.0312275 0.178564 0.754218
0 0.426943 0.488032 0.0327356 0.133308 0.736893
0 0.420348 0.493325 0.0501027 0.142139 0.644426
0 0.298316 0.520344 0.0221034 0.0817527 0.627844
0 0.402623 0.418568 0.0397562 0.115768 0.6269
0 0.477154 0.559072 0.0367108 0.155298 0.580275
0 0.523759 0.335019 0.0218195 0.106689 0.53442
0 0.475436 0.839997 0.0302067 0.0716362 0.495718
0 0.640774 0.549988 0.0501989 0.17024 0.443266
0 0.766976 0.69985 0.0370815 0.137939 0.381357
0 0.825161 0.788119 0.0284424 0.106256 0.27662
0 0.354497 0.375713 0.0283225 0.113614 0.27343
0 0.887241 0.904997 0.027924 0.0806912 0.267678
0 0.299078 0.535931 0.0237807 0.111177 0.26021
