0 0.814076 0.422622 0.0347337 0.14346 0.737934
0 0.721281 0.431217 0.0717485 0.13322 0.665727
0 0.668154 0.308468 0.0291089 0.129506 0.653429
0 0.449532 0.454549 0.0268754 0.18312 0.622003
0 0.521377 0.606399 0.0518227 0.199629 0.620476
0 0.432823 0.431028 0.0249655 0.152911 0.612411
0 0.869617 0.35211 0.02603 0.127102 0.57946
0 0.250512 0.805136 0.0338644 0.180476 0.562615
0 0.51751 0.856289 0.0291496 0.10265 0.467831
0 0.570478 0.341556 0.0249087 0.157634 0.464244
0 0.270575 0.637389 0.0441734 0.189091 0.37261
0 0.322426 0.570052 0.0327524 0.15633 0.37239
0 0.31713 0.853737 0.0376669 0.105888 0.361747
0 0.424953 0.832169 0.0372334 0.152687 0.353477
0 0.864026 0.259431 0.0185537 0.0374054 0.346118
0 0.499892 0.502559 0.0295212 0.156478 0.346067
0 0.496851 0.520687 0.0377747 0.188559 0.34217
0 0.388817 0.871979 0.0382837 0.0730111 0.334038
0 0.281409 0.84645 0.0355777 0.154584 0.326371
0 0.817158 0.415024 0.0259186 0.133796 0.295538
0 0.18162 0.830647 0.0318344 0.0875291 0.282176
0 0.834617 0.24439 0.021759 0.0475922 0.267255
0 0.712643 0.22705 0.0216287 0.0447092 0.258114
0 0.509677 0.606554 0.0653563 0.202693 0.252183
