0 0.238338 0.125297 0.0259071 0.0555085 0.701671
0 0.475641 0.414796 0.0492869 0.203107 0.698873
0 0.456906 0.329693 0.0276117 0.139834 0.674317
0 0.472657 0.26523 0.0314871 0.142937 0.630514
0 0.583997 0.359828 0.0291491 0.173157 0.616028
0 0.193655 0.495556 0.0403104 0.222703 0.567005
0 0.316182 0.179903 0.0260245 0.160179 0.543053
0 0.197191 0.260638 0.0384716 0.170485 0.510288
0 0.504718 0.229882 0.0443466 0.143834 0.487336
0 0.453681 0.647011 0.041935 0.222969 0.472334
0 0.273454 0.119714 0.0233493 0.0428824 0.397128
0 0.46468 0.298754 0.0406565 0.198113 0.323003
0 0.779694 0.37722 0.0333795 0.10359 0.290683
0 0.39909 0.0853889 0.0252666 0.0468901 0.286245
0 0.409174 0.600824 0.0613445 0.180293 0.278511
0 0.132946 0.151726 0.0160149 0.0534096 0.270899
