0 0.450054 0.222181 0.0260753 0.122177 0.85712
0 0.080874 0.873932 0.0609592 0.17239 0.7496
0 0.631579 0.610949 0.0261759 0.127071 0.715725
0 0.506429 0.322208 0.0363214 0.122371 0.607925
0 0.610372 0.730206 0.0432148 0.173236 0.599129
0 0.0998347 0.618238 0.0687045 0.178303 0.594692
0 0.611608 0.439238 0.039321 0.147608 0.579879
0 0.636147 0.634741 0.0357805 0.17386 0.512896
0 0.915185 0.60936 0.0388702 0.160657 0.508751
0 0.335867 0.278774 0.0427242 0.13431 0.500991
0 0.158983 0.838351 0.0296067 0.222931 0.472051
0 0.471604 0.59426 0.0424072 0.180155 0.435562
0 0.4053 0.695496 0.0607431 0.214647 0.384549
0 0.932689 0.716411 0.0356127 0.133132 0.383267
0 0.624178 0.727709 0.0677622 0.176043 0.346793
0 0.904828 0.830398 0.0321497 0.100321 0.342782
0 0.0690425 0.968774 0.0304245 0.0535339 0.33039
0 0.925072 0.722729 0.0486329 0.147452 0.3232
0 0.975966 0.71557 0.034053 0.109504 0.25276
