0 0.583634 0.450624 0.049545 0.171342 0.719445
0 0.506918 0.454607 0.0562953 0.2 0.628752
0 0.26094 0.23902 0.024755 0.04266 0.598628
0 0.31611 0.638177 0.068447 0.21523 0.55222
0 0.417568 0.33402 0.0369231 0.182407 0.55203
0 0.631251 0.550003 0.0323815 0.246344 0.478973
0 0.231284 0.311374 0.0233756 0.177785 0.424315
0 0.484445 0.36205 0.0271996 0.0718179 0.366401
0 0.818859 0.914771 0.047502 0.165352 0.356577
0 0.92587 0.653909 0.0363278 0.241164 0.340061
0 0.434615 0.189841 0.0233576 0.0444237 0.297701
0 0.986897 0.693721 0.0255974 0.109009 0.295927
0 0.41327 0.790653 0.0486679 0.162763 0.287033
0 0.98989 0.443505 0.0194377 0.0614678 0.285884
0 0.872607 0.554168 0.0276123 0.111457 0.275348
0 0.280035 0.167818 0.0175538 0.0575487 0.271619
0 0.389909 0.145788 0.0251638 0.0820813 0.26663
0 0.264947 0.186568 0.0197875 0.0746181 0.265994
0 0.347748 0.210039 0.0275214 0.0526364 0.260927
0 0.466987 0.406145 0.0653553 0.159925 0.260718
0 0.403406 0.195785 0.0284911 0.0507218 0.260711
0 0.511371 0.171009 0.0255185 0.0528491 0.255985
0 0.345034 0.151424 0.0245793 0.0881987 0.25324
