0 0.456212 0.457533 0.027125 0.155945 0.688431
0 0.710834 0.361239 0.0284291 0.133998 0.673861
0 0.459872 0.41323 0.0171037 0.0668017 0.634489
0 0.745123 0.319769 0.026924 0.152722 0.52294
0 0.564131 0.373152 0.036071 0.162052 0.51456
0 0.417673 0.519762 0.0589851 0.180198 0.483799
0 0.481452 0.775833 0.0484609 0.205539 0.481286
0 0.82997 0.272692 0.0243805 0.0476094 0.461973
0 0.822691 0.441889 0.0362251 0.147086 0.413407
0 0.426625 0.467633 0.0217291 0.132231 0.380906
0 0.477106 0.461944 0.0264211 0.170894 0.358462
0 0.710946 0.238683 0.0241496 0.0476001 0.331598
0 0.939604 0.300008 0.0294712 0.0526648 0.323035
0 0.862935 0.281398 0.0299869 0.0528918 0.31139
0 0.801602 0.267761 0.0234402 0.0474192 0.278297
0 0.208015 0.572825 0.0311928 0.18931 0.257634
0 0.896788 0.292051 0.0276598 0.0471145 0.252579
