0 0.183176 0.355822 0.0354845 0.181639 0.659148
0 0.371587 0.466014 0.0322593 0.190086 0.596578
0 0.26166 0.895025 0.0391215 0.209951 0.58669
0 0.298466 0.360184 0.0267215 0.151739 0.574973
0 0.57313 0.49902 0.0300878 0.192393 0.498486
0 0.228074 0.231567 0.0250214 0.0546058 0.477136
0 0.751391 0.81737 0.0362826 0.155683 0.46529
0 0.498875 0.386667 0.0313826 0.157766 0.436922
0 0.749958 0.799263 0.0315569 0.114964 0.4034
0 0.543431 0.615318 0.0453063 0.216508 0.391518
0 0.262805 0.224154 0.0227668 0.0467648 0.379831
0 0.386773 0.189294 0.0254455 0.0413564 0.344738
0 0.60278 0.736615 0.0490933 0.249943 0.341158
0 0.427361 0.249271 0.0318247 0.149719 0.329567
0 0.308469 0.252368 0.0180304 0.0950648 0.257125
