0 0.752945 0.323745 0.0441601 0.125506 0.85405
0 0.613115 0.241803 0.032972 0.143018 0.73674
0 0.459007 0.576017 0.0470539 0.157524 0.713311
0 0.503375 0.317611 0.0415457 0.143216 0.698058
0 0.401777 0.738542 0.0584021 0.173661 0.677326
0 0.659442 0.547078 0.0439751 0.149559 0.676297
0 0.602171 0.556661 0.0500836 0.151027 0.672181
0 0.615707 0.413396 0.0368935 0.147793 0.654297
0 0.446058 0.349271 0.0412916 0.14882 0.516653
0 0.863767 0.221108 0.0260522 0.0493983 0.490613
0 0.790276 0.203134 0.0288552 0.0550577 0.453736
0 0.384008 0.832371 0.0337116 0.0786005 0.44329
0 0.430332 0.818528 0.0442938 0.118599 0.431352
0 0.23275 0.442502 0.0336665 0.172229 0.394912
0 0.758746 0.199015 0.0209355 0.0465251 0.389192
0 0.927983 0.239666 0.022175 0.0458346 0.386001
0 0.990057 0.250863 0.0191687 0.05221 0.29103
0 0.381893 0.408666 0.0299572 0.183135 0.286398
0 0.685785 0.208998 0.0246811 0.110117 0.281823
0 0.645125 0.167628 0.0211155 0.0468338 0.271312
