0 0.892691 0.962249 0.0581448 0.0755018 0.838283
0 0.43906 0.32454 0.0594402 0.148967 0.571218
0 0.444882 0.473082 0.0476046 0.160387 0.541507
0 0.352157 0.530559 0.0662409 0.176539 0.538156
0 0.866672 0.465714 0.0723271 0.172245 0.50536
0 0.451113 0.469329 0.0343092 0.155928 0.481559
0 0.422129 0.744112 0.0910364 0.171799 0.431797
0 0.423152 0.1204 0.0269919 0.0464868 0.419241
0 0.129386 0.837472 0.0325663 0.0842028 0.416844
0 0.0630303 0.646314 0.0410397 0.157936 0.374941
0 0.59388 0.285328 0.0419461 0.11145 0.372496
0 0.7499 0.350627 0.0354566 0.144237 0.354962
0 0.60076 0.28571 0.0274337 0.113567 0.345592
0 0.75128 0.335624 0.030532 0.11531 0.276735
0 0.756367 0.316927 0.0195328 0.0778483 0.271552
0 0.195962 0.79027 0.050855 0.174934 0.253241
