0 0.611059 0.420125 0.0420055 0.108137 0.657835
0 0.751756 0.318638 0.0332302 0.12728 0.604313
0 0.439745 0.557437 0.0395838 0.170865 0.587855
0 0.523287 0.301943 0.0278841 0.154676 0.585806
0 0.415511 0.734494 0.0405315 0.181172 0.54842
0 0.449676 0.345531 0.0460674 0.140304 0.509488
0 0.615462 0.51574 0.0751879 0.171908 0.509216
0 0.605495 0.453542 0.0262081 0.0627484 0.494765
0 0.618195 0.244072 0.030399 0.14786 0.478615
0 0.388303 0.832539 0.0359884 0.0776099 0.4741
0 0.649678 0.170463 0.022807 0.0482907 0.422009
0 0.929252 0.244938 0.0216217 0.0400007 0.400369
0 0.440823 0.816013 0.0444953 0.122128 0.343496
0 0.39296 0.406286 0.0319658 0.189324 0.302954
0 0.721969 0.284928 0.0430605 0.0974425 0.278285
0 0.764672 0.199932 0.0220705 0.0511234 0.277955
0 0.22469 0.438137 0.0400221 0.190877 0.276243
0 0.146678 0.266012 0.019393 0.066995 0.274886
0 0.603666 0.485347 0.0331807 0.116764 0.273625
0 0.162685 0.30582 0.0236542 0.0701556 0.255026
0 0.991231 0.260262 0.0168163 0.0420169 0.254124
