0 0.270993 0.632658 0.0298742 0.187481 0.687728
0 0.717007 0.440883 0.0675397 0.147453 0.650881
0 0.811302 0.425361 0.0399282 0.15475 0.636559
0 0.317188 0.575253 0.0310137 0.169698 0.633262
0 0.868113 0.345368 0.0261223 0.152751 0.605949
0 0.566399 0.341838 0.02148 0.153023 0.536876
0 0.544498 0.60897 0.0564815 0.193771 0.481583
0 0.245421 0.807623 0.0373505 0.166076 0.437286
0 0.867395 0.372843 0.0242046 0.0983628 0.421978
0 0.444364 0.456248 0.0276969 0.179383 0.401039
0 0.503092 0.51562 0.0274301 0.185403 0.391145
0 0.857814 0.257742 0.0205414 0.037148 0.386076
0 0.427431 0.438504 0.0262481 0.167815 0.383277
0 0.27766 0.84183 0.0337899 0.14564 0.357039
0 0.382802 0.870341 0.0387817 0.0735616 0.294529
0 0.275011 0.808368 0.0279339 0.0748074 0.283497
0 0.670216 0.317713 0.0403685 0.109258 0.276194
0 0.311464 0.854171 0.0396144 0.107865 0.273349
0 0.0869416 0.759841 0.0368745 0.0956856 0.2627
0 0.116301 0.82679 0.0302298 0.123598 0.256935
