0 0.614747 0.233835 0.0319819 0.15455 0.791049
0 0.682643 0.554872 0.0611777 0.147653 0.791008
0 0.409954 0.739365 0.0421062 0.169591 0.592399
0 0.754795 0.32154 0.0440551 0.129822 0.572086
0 0.619425 0.413453 0.0354959 0.157827 0.559137
0 0.447244 0.348234 0.0436661 0.141209 0.558523
0 0.38475 0.832923 0.0342908 0.0814017 0.530004
0 0.429137 0.817446 0.0449406 0.11537 0.498867
0 0.865631 0.220619 0.0259693 0.0513638 0.483238
0 0.504108 0.319645 0.0417067 0.140087 0.48061
0 0.792838 0.203305 0.0273342 0.0555269 0.468423
0 0.774877 0.298874 0.0252968 0.114208 0.395701
0 0.382245 0.422323 0.0303164 0.193099 0.385424
0 0.646085 0.165547 0.0215479 0.0514178 0.379835
0 0.602536 0.575654 0.0522055 0.168309 0.36433
0 0.929615 0.240278 0.0211651 0.0434322 0.363871
0 0.824615 0.213959 0.0272846 0.045548 0.356764
0 0.469907 0.579212 0.050871 0.168141 0.33198
0 0.235653 0.439653 0.03423 0.176279 0.322327
0 0.551144 0.147257 0.0213505 0.03858 0.288394
