0 0.478357 0.509646 0.0285855 0.156572 0.762653
0 0.425557 0.35863 0.0288126 0.12373 0.742983
0 0.216626 0.504743 0.0342361 0.162413 0.588994
0 0.659592 0.522835 0.0274821 0.144717 0.552812
0 0.551885 0.320625 0.0250052 0.0995095 0.511888
0 0.404508 0.813706 0.0391934 0.130815 0.494054
0 0.0271446 0.953511 0.0427062 0.0929788 0.47631
0 0.718578 0.791128 0.0132916 0.0304224 0.473684
0 0.401239 0.536169 0.0363137 0.160697 0.467877
0 0.347081 0.485895 0.0317654 0.152125 0.372782
0 0.791484 0.715336 0.0279446 0.110736 0.31013
0 0.537295 0.264971 0.0239406 0.0876891 0.292917
0 0.764322 0.664304 0.0463408 0.162379 0.290664
0 0.472178 0.482191 0.0140262 0.101169 0.288391
0 0.473853 0.499101 0.019401 0.135201 0.255795
