0 0.650725 0.523733 0.0425614 0.186613 0.719101
0 0.735125 0.313258 0.03827 0.113208 0.698767
0 0.82666 0.411474 0.0387047 0.159788 0.691226
0 0.31781 0.70205 0.0523909 0.145499 0.637536
0 0.779779 0.431518 0.0373484 0.171264 0.608036
0 0.909844 0.32915 0.0375488 0.177249 0.595789
0 0.431289 0.607781 0.0444664 0.178076 0.540454
0 0.67415 0.309614 0.0313613 0.131717 0.472013
0 0.719756 0.516077 0.0459515 0.178622 0.460547
0 0.666677 0.184755 0.0197593 0.0515971 0.438752
0 0.884213 0.245945 0.0287445 0.051069 0.433503
0 0.570841 0.165212 0.0224653 0.0400985 0.418204
0 0.498665 0.829656 0.0442149 0.0991106 0.417196
0 0.445515 0.342269 0.0292841 0.16737 0.314841
