0 0.371024 0.45669 0.031078 0.18408 0.73841
0 0.75282 0.807449 0.0335384 0.14104 0.627764
0 0.299686 0.360618 0.0368232 0.161035 0.608716
0 0.575519 0.493975 0.0311525 0.179155 0.569442
0 0.427938 0.25296 0.0270525 0.130816 0.560306
0 0.190626 0.346719 0.0299684 0.165407 0.552249
0 0.251849 0.891259 0.0429284 0.210576 0.502051
0 0.55947 0.615868 0.0475578 0.213783 0.475485
0 0.502285 0.383569 0.0348994 0.17426 0.468101
0 0.390074 0.184565 0.0259672 0.0472143 0.394343
0 0.230816 0.22643 0.0252495 0.0492988 0.374347
0 0.835366 0.784169 0.0245472 0.0965519 0.331797
0 0.909878 0.949135 0.0365826 0.0994328 0.319795
0 0.416686 0.178216 0.0203016 0.0475176 0.308268
0 0.865361 0.462939 0.0347393 0.158905 0.300558
0 0.798114 0.431558 0.0289644 0.143423 0.276112
0 0.871291 0.762316 0.0475304 0.139465 0.273771
0 0.0710261 0.272013 0.0202677 0.0519506 0.267128
0 0.74451 0.902288 0.0502154 0.106883 0.267071
0 0.310551 0.262446 0.0191269 0.116547 0.258973
0 0.094798 0.199251 0.0244706 0.0715763 0.256575
0 0.267124 0.218237 0.022833 0.0468339 0.254275
0 0.800521 0.406957 0.0265908 0.09189 0.252427
