0 0.181624 0.503995 0.0506825 0.209949 0.501632
0 0.187306 0.247238 0.0284539 0.170336 0.487184
0 0.312703 0.166114 0.0275758 0.170453 0.485124
0 0.513131 0.219277 0.0364254 0.170535 0.472642
0 0.481748 0.398354 0.0433199 0.197938 0.469872
0 0.465979 0.283075 0.0310448 0.209255 0.412159
0 0.466213 0.246476 0.0288329 0.13133 0.37223
0 0.233527 0.113262 0.0285596 0.0564726 0.37094
0 0.585046 0.345253 0.0255655 0.171604 0.336545
0 0.557381 0.310721 0.0404052 0.149815 0.301586
0 0.269561 0.109852 0.0227737 0.040386 0.274436
0 0.0935753 0.148807 0.0205447 0.058628 0.262702
