0 0.598686 0.806051 0.0753265 0.140065 0.841587
0 0.635218 0.340697 0.0480989 0.150476 0.774058
0 0.970254 0.340047 0.0258293 0.161871 0.751357
0 0.726574 0.312435 0.0255632 0.14317 0.667716
0 0.705971 0.411572 0.036873 0.1892 0.579537
0 0.482474 0.321805 0.0285919 0.163535 0.57055
0 0.778792 0.301235 0.0451948 0.109409 0.514338
0 0.855424 0.213195 0.027293 0.0518118 0.459272
0 0.445047 0.385751 0.0354721 0.184903 0.423927
0 0.705645 0.170723 0.0233151 0.0540138 0.357815
0 0.932954 0.23459 0.0264023 0.0439278 0.302806
0 0.875259 0.178472 0.0231958 0.0681996 0.298373
0 0.554854 0.764386 0.0884686 0.173283 0.295901
0 0.648247 0.863339 0.0164644 0.0588364 0.285622
0 0.684856 0.335004 0.0168799 0.03753 0.284845
0 0.621428 0.679089 0.0672191 0.206162 0.27142
0 0.20684 0.296876 0.0229437 0.0669249 0.262706
0 0.88982 0.222939 0.0265156 0.0487116 0.260425
