0 0.785776 0.420433 0.0425795 0.143411 0.660663
0 0.848048 0.422356 0.0399257 0.15794 0.656966
0 0.425919 0.367068 0.0357763 0.139761 0.622221
0 0.587639 0.464372 0.0445535 0.164022 0.610642
0 0.632935 0.491844 0.0819256 0.178755 0.597646
0 0.409836 0.603642 0.0361327 0.182806 0.573456
0 0.71867 0.307132 0.0393772 0.122633 0.540211
0 0.66875 0.314078 0.031558 0.144622 0.467091
0 0.475048 0.43898 0.0401706 0.194827 0.362765
0 0.257716 0.837294 0.0272938 0.0812344 0.348312
0 0.885837 0.320069 0.0302952 0.15355 0.340734
0 0.480712 0.828174 0.0412798 0.0991874 0.33761
0 0.329826 0.809582 0.0373214 0.113709 0.337287
0 0.863688 0.245518 0.0253023 0.0480116 0.325901
0 0.824 0.234794 0.027599 0.0412703 0.31174
0 0.987233 0.274498 0.024842 0.0568354 0.304444
0 0.306603 0.690553 0.0374152 0.195264 0.300513
0 0.928455 0.261913 0.020594 0.0446828 0.272587
0 0.791036 0.228731 0.0295589 0.0443404 0.254544
