0 0.765965 0.613072 0.0558321 0.188854 0.676334
0 0.49969 0.361014 0.0402401 0.159439 0.647906
0 0.737543 0.941332 0.0434889 0.117336 0.569771
0 0.489674 0.761004 0.0587454 0.149853 0.465583
0 0.726139 0.411975 0.0565051 0.151197 0.435032
0 0.95742 0.34406 0.0337338 0.169783 0.403348
0 0.786119 0.389861 0.0366926 0.148676 0.398042
0 0.659031 0.176815 0.0172281 0.0381354 0.389137
0 0.687658 0.178367 0.022995 0.0544536 0.385019
0 0.281937 0.83253 0.0337033 0.0853104 0.332485
0 0.495296 0.829929 0.0496898 0.0841613 0.303856
0 0.687151 0.339739 0.044958 0.148322 0.271914
