0 0.636457 0.282957 0.0348882 0.151048 0.811647
0 0.561108 0.317394 0.0211141 0.130849 0.783716
0 0.436597 0.758698 0.0429598 0.205886 0.76156
0 0.706288 0.289283 0.0408373 0.149871 0.673985
0 0.486587 0.494818 0.052136 0.156171 0.604962
0 0.487638 0.37266 0.0452997 0.12133 0.587168
0 0.561153 0.297588 0.0213287 0.0976125 0.562491
0 0.554354 0.438729 0.0640538 0.144493 0.54323
0 0.774999 0.36088 0.0282913 0.144836 0.514219
0 0.443392 0.833273 0.040081 0.102353 0.485203
0 0.668494 0.209139 0.0226923 0.0437901 0.449371
0 0.434628 0.435485 0.0343496 0.132896 0.449157
0 0.37233 0.831247 0.0331608 0.0810686 0.427362
0 0.637196 0.306803 0.0352726 0.106872 0.397928
0 0.781418 0.241253 0.0241848 0.043719 0.389023
0 0.811741 0.249343 0.0283659 0.0497809 0.385067
0 0.433958 0.414407 0.0328958 0.0903767 0.368997
0 0.846209 0.257794 0.0283931 0.0472413 0.365526
0 0.484756 0.441427 0.0425459 0.0576126 0.292429
0 0.639981 0.25163 0.0228055 0.0835454 0.275241
0 0.828587 0.213708 0.02637 0.0651965 0.274491
0 0.269878 0.950878 0.0324944 0.0982432 0.270537
0 0.775586 0.34193 0.0221993 0.1088 0.254744
0 0.498714 0.49988 0.0792626 0.152139 0.25274
