0 0.47712 0.601293 0.04116 0.177457 0.780723
0 0.339883 0.278557 0.0514393 0.137831 0.720486
0 0.0880188 0.876177 0.0475744 0.169799 0.679409
0 0.447765 0.225299 0.0220872 0.125356 0.661267
0 0.916186 0.603626 0.0383104 0.15783 0.64157
0 0.923104 0.719254 0.0401562 0.147068 0.582361
0 0.107098 0.614712 0.0650761 0.164217 0.57879
0 0.410481 0.695714 0.0604358 0.204369 0.551037
0 0.635109 0.609839 0.028943 0.126379 0.519874
0 0.89592 0.829399 0.0329777 0.0977077 0.517213
0 0.967066 0.713345 0.0336805 0.107108 0.456934
0 0.516848 0.217815 0.0157385 0.0852415 0.418778
0 0.620398 0.725014 0.0424547 0.178755 0.415143
0 0.613578 0.438947 0.036458 0.152928 0.397353
0 0.156803 0.844615 0.0341113 0.21667 0.340813
0 0.516023 0.324391 0.0397894 0.12427 0.334215
0 0.895185 0.753408 0.0203991 0.0323439 0.305828
0 0.93336 0.784528 0.0398604 0.0701886 0.263019
