0 0.82584 0.970803 0.0548375 0.0572086 0.724383
0 0.729529 0.284365 0.0433111 0.0987322 0.647766
0 0.354667 0.847116 0.0394347 0.0619379 0.591563
0 0.595518 0.329554 0.0621717 0.125342 0.52412
0 0.466885 0.366296 0.049842 0.165569 0.520669
0 0.377342 0.499453 0.0551771 0.161668 0.485268
0 0.39945 0.725185 0.0797097 0.187013 0.479102
0 0.790049 0.37124 0.0378748 0.15892 0.464004
0 0.571499 0.361028 0.0139135 0.0327098 0.433413
0 0.317347 0.821739 0.0364195 0.0982982 0.433226
0 0.450676 0.438259 0.0351604 0.11859 0.385445
0 0.107825 0.757296 0.0266668 0.0961047 0.323266
0 0.21837 0.830555 0.0357053 0.116002 0.318389
0 0.520975 0.144111 0.0257782 0.0416425 0.314839
0 0.282681 0.790732 0.0381636 0.13623 0.313545
0 0.215679 0.842718 0.0304821 0.096079 0.308886
0 0.469118 0.343222 0.0430824 0.119411 0.297589
0 0.449464 0.128238 0.0223367 0.0467306 0.286536
0 0.611998 0.332962 0.0284104 0.126838 0.269569
0 0.905523 0.49644 0.0836537 0.183656 0.258976
0 0.458564 0.408419 0.0508383 0.17092 0.256905
