0 0.182548 0.503767 0.0487142 0.211077 0.53947
0 0.187081 0.248139 0.0274601 0.170365 0.528106
0 0.312673 0.169339 0.0266142 0.16543 0.513434
0 0.466588 0.246802 0.0283718 0.130603 0.50617
0 0.233888 0.113758 0.0280365 0.0564876 0.444345
0 0.482907 0.395612 0.0483965 0.200685 0.43955
0 0.584722 0.34654 0.0271254 0.175724 0.42106
0 0.512841 0.220728 0.0368542 0.16928 0.404202
0 0.193154 0.247561 0.0409553 0.17127 0.390273
0 0.270097 0.110834 0.0225071 0.0413388 0.279631
0 0.557787 0.314631 0.0421455 0.154042 0.259101
0 0.466349 0.271624 0.0302976 0.181428 0.250219
