0 0.208002 0.561092 0.025227 0.127725 0.826911
0 0.401588 0.26363 0.0329338 0.0960624 0.697852
0 0.354692 0.291785 0.0277762 0.119346 0.675212
0 0.896298 0.55724 0.0225285 0.135935 0.666201
0 0.465107 0.352287 0.0466586 0.105645 0.66549
0 0.206754 0.875266 0.0385169 0.184856 0.606708
0 0.537143 0.236909 0.0220594 0.106666 0.605058
0 0.656801 0.615813 0.0346264 0.19792 0.60251
0 0.50228 0.597295 0.0390253 0.170873 0.568209
0 0.841733 0.775102 0.0379292 0.0780082 0.542384
0 0.849665 0.695269 0.0272623 0.122163 0.541534
0 0.0478283 0.500266 0.0417341 0.168641 0.520061
0 0.581008 0.398859 0.032737 0.146106 0.514998
0 0.80606 0.82241 0.0312611 0.095562 0.487233
0 0.0986998 0.891311 0.0357444 0.212415 0.434254
0 0.949882 0.669132 0.0277995 0.0917246 0.425077
0 0.211259 0.592143 0.0202613 0.139743 0.390027
0 0.87278 0.695499 0.02841 0.0959573 0.384856
0 0.692123 0.702466 0.0388311 0.19574 0.36729
0 0.211785 0.630604 0.0151509 0.0634737 0.357993
0 0.803566 0.75574 0.0260569 0.0551708 0.331478
0 0.433267 0.621414 0.0370903 0.209725 0.323812
0 0.917421 0.686976 0.0266247 0.0741883 0.310569
0 0.916931 0.701843 0.0306316 0.100729 0.30001
0 0.856966 0.646682 0.0156872 0.0313976 0.278434
0 0.86378 0.970942 0.0464611 0.0572441 0.259011
