0 0.57888 0.423484 0.0395974 0.168353 0.752503
0 0.21815 0.300979 0.0309012 0.13383 0.638046
0 0.209625 0.458548 0.0453125 0.176486 0.630084
0 0.317885 0.368019 0.0361239 0.149139 0.621451
0 0.313545 0.24111 0.022656 0.14713 0.50276
0 0.385336 0.48289 0.0322414 0.211064 0.481061
0 0.495476 0.34253 0.0542553 0.166043 0.472129
0 0.656718 0.458731 0.0405279 0.146966 0.449228
0 0.414465 0.451587 0.0373863 0.180703 0.376097
0 0.740621 0.850709 0.0412497 0.107069 0.329397
0 0.193122 0.84917 0.0590083 0.238293 0.304173
0 0.0396815 0.245425 0.023892 0.0439905 0.293145
0 0.812746 0.392251 0.030526 0.0781232 0.270322
0 0.272995 0.186999 0.0218823 0.0378663 0.267949
0 0.0111658 0.254142 0.0215229 0.0556035 0.266395
0 0.786192 0.456938 0.0285164 0.105317 0.261461
0 0.899546 0.900696 0.0356957 0.112914 0.258068
0 0.0844311 0.233735 0.0181566 0.0495311 0.250505
