0 0.133087 0.44846 0.0426657 0.180441 0.719699
0 0.305672 0.432972 0.0344738 0.156209 0.62743
0 0.492749 0.65252 0.0496914 0.205824 0.624902
0 0.287836 0.356125 0.0235927 0.159297 0.537164
0 0.780348 0.601632 0.0265831 0.198122 0.483162
0 0.402767 0.555817 0.0413107 0.205296 0.450263
0 0.207839 0.302673 0.0272202 0.0545792 0.382598
0 0.471995 0.464686 0.0290917 0.141407 0.381559
0 0.565932 0.586176 0.0310217 0.18396 0.342599
0 0.243385 0.29479 0.022553 0.0443122 0.336334
0 0.36893 0.25751 0.0261154 0.0497583 0.32862
0 0.773802 0.95312 0.0379617 0.0900704 0.267546
