0 0.539223 0.529235 0.0370317 0.175783 0.751295
0 0.180834 0.505032 0.0462048 0.183122 0.70197
0 0.300987 0.271124 0.0222919 0.150547 0.641162
0 0.280213 0.346812 0.0375925 0.157926 0.579414
0 0.399226 0.311768 0.0340654 0.126232 0.5433
0 0.213002 0.323619 0.0339658 0.162662 0.52913
0 0.223103 0.225016 0.028677 0.0593512 0.521091
0 0.536795 0.393628 0.0377318 0.134943 0.474377
0 0.801282 0.560384 0.0254517 0.137451 0.439095
0 0.35151 0.436077 0.0589929 0.199146 0.349335
0 0.817206 0.963162 0.0449143 0.0703544 0.340384
0 0.257742 0.216032 0.0212264 0.0421906 0.330407
0 0.49992 0.365209 0.0468787 0.160384 0.299196
0 0.731865 0.886694 0.0324612 0.118276 0.288181
0 0.774986 0.480324 0.0241934 0.103361 0.283077
0 0.674088 0.686522 0.0469339 0.248549 0.273947
0 0.378474 0.179438 0.0249518 0.0468704 0.266409
0 0.807049 0.786843 0.0363781 0.131242 0.259917
0 0.739826 0.791166 0.035753 0.152698 0.257111
