0 0.757561 0.350239 0.0356188 0.146564 0.681193
0 0.581147 0.438037 0.0470935 0.108219 0.669862
0 0.474566 0.354371 0.0575178 0.132304 0.515525
0 0.429302 0.745074 0.0406635 0.185979 0.512404
0 0.544016 0.309821 0.0246412 0.121004 0.509011
0 0.623049 0.260093 0.0318834 0.145047 0.497589
0 0.706984 0.278929 0.0284794 0.139573 0.462943
0 0.422947 0.558759 0.0411348 0.208481 0.39816
0 0.83109 0.236417 0.0227697 0.0420443 0.367949
0 0.656741 0.186649 0.0241325 0.0475703 0.36685
0 0.418608 0.410986 0.0283346 0.160444 0.349805
0 0.544422 0.473546 0.0416909 0.120456 0.347991
0 0.464252 0.309782 0.0149141 0.0482975 0.311395
0 0.799319 0.226822 0.0279625 0.0503343 0.298699
0 0.87248 0.244682 0.0259812 0.0503393 0.295305
0 0.493916 0.15155 0.020809 0.0439913 0.278269
0 0.54599 0.435415 0.0240756 0.0825353 0.253186
