0 0.589357 0.363929 0.0437736 0.191274 0.737009
0 0.201969 0.470195 0.0451766 0.192607 0.716408
0 0.202486 0.271191 0.0408464 0.157349 0.704205
0 0.497538 0.236441 0.0367069 0.132617 0.680798
0 0.477367 0.284611 0.0343523 0.164865 0.669822
0 0.402832 0.594498 0.0356604 0.185079 0.570572
0 0.469363 0.43714 0.0656874 0.188136 0.560796
0 0.432259 0.331383 0.052743 0.139463 0.541735
0 0.448111 0.600233 0.0446949 0.222113 0.515925
0 0.319012 0.189694 0.0240251 0.158402 0.465128
0 0.2412 0.137105 0.0264008 0.0526709 0.454689
0 0.275105 0.132708 0.0225391 0.0432911 0.370452
0 0.884894 0.485101 0.0339429 0.0950599 0.296039
0 0.761767 0.706538 0.0333649 0.118694 0.282483
