0 0.85664 0.351816 0.0258038 0.147835 0.733574
0 0.582545 0.623527 0.0604974 0.181062 0.675276
0 0.690652 0.439926 0.0445498 0.143452 0.612076
0 0.675885 0.319694 0.0333234 0.120053 0.590857
0 0.408784 0.4598 0.0252039 0.184318 0.52828
0 0.454116 0.835251 0.0290925 0.0617054 0.523685
0 0.215825 0.807704 0.0406496 0.156254 0.477386
0 0.542889 0.347656 0.0261197 0.139374 0.476786
0 0.799752 0.438934 0.0402863 0.172009 0.47633
0 0.273046 0.631618 0.0489618 0.205248 0.434026
0 0.96148 0.282481 0.020446 0.0376374 0.419969
0 0.352736 0.870328 0.0347585 0.0619429 0.348157
0 0.493677 0.52509 0.0403624 0.179417 0.337384
0 0.0566923 0.75263 0.0304066 0.0631681 0.331315
0 0.389344 0.420064 0.0218886 0.117111 0.326627
0 0.815261 0.250107 0.0227381 0.0432724 0.324378
0 0.301624 0.562672 0.0359582 0.167128 0.305996
0 0.417732 0.173711 0.0223799 0.0468765 0.274936
0 0.407948 0.815915 0.0422524 0.132082 0.253634
0 0.0885771 0.819404 0.0327049 0.0915366 0.251046
