0 0.625907 0.261711 0.0328429 0.152317 0.684363
0 0.761453 0.355086 0.0330772 0.138371 0.674003
0 0.547731 0.309077 0.0248415 0.125249 0.645648
0 0.706671 0.282899 0.0298713 0.134287 0.539556
0 0.801692 0.229413 0.0272478 0.0525253 0.491492
0 0.539059 0.405936 0.0234299 0.0631144 0.45379
0 0.478365 0.35849 0.0569605 0.131576 0.441148
0 0.430782 0.736248 0.040518 0.163811 0.439997
0 0.571902 0.460509 0.0352045 0.151372 0.421346
0 0.540327 0.424534 0.0262631 0.0948634 0.380123
0 0.570767 0.442948 0.0292744 0.116236 0.379575
0 0.444331 0.828593 0.0443055 0.106529 0.36114
0 0.421585 0.413138 0.0319157 0.163665 0.340961
0 0.834234 0.239694 0.0253368 0.0487567 0.33057
0 0.874939 0.246749 0.0261221 0.0527186 0.330482
0 0.527882 0.487774 0.0410372 0.121279 0.306924
0 0.422368 0.55176 0.042342 0.204119 0.306
0 0.463616 0.321746 0.0182674 0.0593992 0.292891
0 0.657885 0.192079 0.0225173 0.0493202 0.281325
0 0.771083 0.223023 0.0216051 0.0435279 0.264483
