0 0.492394 0.749428 0.0350311 0.231624 0.683203
0 0.77185 0.311369 0.0470564 0.133349 0.678632
0 0.849683 0.29523 0.0347815 0.161379 0.614994
0 0.57734 0.654353 0.0393131 0.204094 0.596077
0 0.738379 0.683577 0.0525625 0.194059 0.580175
0 0.639405 0.367721 0.0535006 0.14471 0.567751
0 0.55543 0.347648 0.0402975 0.161194 0.541675
0 0.439176 0.344831 0.0300619 0.144525 0.538288
0 0.401153 0.835165 0.0372967 0.0734357 0.454112
0 0.644652 0.258668 0.0293883 0.118456 0.411375
0 0.608698 0.709795 0.0540933 0.191515 0.403269
0 0.439369 0.821916 0.0411962 0.113684 0.334743
0 0.36623 0.816451 0.0383113 0.115891 0.328237
0 0.956784 0.241569 0.0236042 0.0438124 0.319085
0 0.037162 0.907968 0.0512951 0.175601 0.310796
0 0.893069 0.219557 0.0257011 0.0540944 0.310475
0 0.848096 0.210615 0.0256287 0.0474521 0.302275
0 0.389424 0.462356 0.033898 0.20203 0.300206
0 0.817131 0.201648 0.0290138 0.054029 0.295555
0 0.173668 0.297066 0.0254929 0.0711049 0.27132
