0 0.459385 0.223396 0.02394 0.119437 0.875094
0 0.513069 0.320677 0.0478238 0.115181 0.80266
0 0.954283 0.724598 0.0432163 0.111476 0.683343
0 0.337909 0.279446 0.0251702 0.122504 0.638287
0 0.585208 0.728229 0.0503578 0.155695 0.605301
0 0.610755 0.436875 0.0443378 0.167095 0.582475
0 0.380134 0.698932 0.0383423 0.207931 0.567616
0 0.0751479 0.630213 0.042532 0.169955 0.537184
0 0.587881 0.719892 0.0386685 0.140937 0.482993
0 0.620198 0.63816 0.0392692 0.196735 0.433017
0 0.91122 0.638998 0.0404039 0.164867 0.418136
0 0.0401336 0.878423 0.0372504 0.155437 0.367706
0 0.445596 0.587089 0.0464565 0.174688 0.349696
0 0.487715 0.173152 0.0236609 0.0445195 0.298181
0 0.978055 0.786951 0.040699 0.0785614 0.297863
0 0.0815693 0.632093 0.0314123 0.169239 0.29626
0 0.583492 0.762892 0.0521479 0.0778348 0.280174
0 0.328973 0.279203 0.041736 0.123271 0.269106
0 0.292618 0.187009 0.0210423 0.0372244 0.259374
