0 0.878825 0.965471 0.0517052 0.0690582 0.82485
0 0.704806 0.693921 0.0645402 0.185413 0.798019
0 0.756214 0.360836 0.0596003 0.146904 0.736783
0 0.452423 0.460158 0.0397146 0.133685 0.696848
0 0.708175 0.251395 0.0430015 0.12126 0.661471
0 0.355582 0.518438 0.0595927 0.169335 0.642143
0 0.448556 0.336828 0.0497106 0.147345 0.581153
0 0.429881 0.73947 0.0576029 0.154592 0.553012
0 0.601476 0.297241 0.0487375 0.128283 0.414095
0 0.566021 0.332682 0.00958399 0.0267534 0.408296
0 0.884654 0.471476 0.0682694 0.178764 0.36235
0 0.4525 0.123526 0.026936 0.0550148 0.350818
0 0.710282 0.679114 0.0537253 0.155246 0.310675
0 0.390594 0.594095 0.0127254 0.031511 0.305609
0 0.764303 0.191047 0.0278939 0.0451981 0.285628
0 0.218334 0.772933 0.0459216 0.131969 0.283802
0 0.152259 0.820104 0.0366257 0.142919 0.280761
0 0.217651 0.893964 0.0324331 0.105198 0.251567
