0 0.634349 0.339147 0.047238 0.152677 0.815128
0 0.965088 0.337631 0.032291 0.158711 0.767737
0 0.780603 0.303486 0.0447212 0.107309 0.546795
0 0.723479 0.310995 0.0236061 0.139236 0.524871
0 0.607952 0.804964 0.0724159 0.136458 0.515632
0 0.856188 0.211766 0.0265388 0.0535709 0.501825
0 0.48227 0.321676 0.0281646 0.163262 0.48472
0 0.444694 0.384453 0.0358419 0.184328 0.480265
0 0.601526 0.79218 0.0562401 0.111796 0.46263
0 0.695896 0.404292 0.0456839 0.188422 0.427903
0 0.622754 0.678769 0.0588524 0.207265 0.406086
0 0.551337 0.768062 0.0620494 0.169511 0.39094
0 0.705362 0.169499 0.0238085 0.0529988 0.342133
0 0.932664 0.233956 0.0274426 0.0439368 0.301832
0 0.588868 0.676936 0.0275778 0.15488 0.292928
0 0.206504 0.296418 0.0233878 0.067416 0.275299
0 0.646202 0.165567 0.0219881 0.0307189 0.272059
0 0.431145 0.835577 0.0363676 0.069439 0.250288
0 0.79413 0.261392 0.0210098 0.0417107 0.25016
