0 0.833427 0.402074 0.0289778 0.153618 0.758725
0 0.874147 0.335247 0.0395235 0.149095 0.712726
0 0.754877 0.420016 0.0598889 0.138789 0.696698
0 0.681282 0.307332 0.044487 0.119081 0.619087
0 0.612522 0.320248 0.0541251 0.145309 0.568618
0 0.478878 0.498383 0.0443058 0.196116 0.452411
0 0.534192 0.475977 0.0617083 0.206353 0.441732
0 0.376581 0.58977 0.0390007 0.176169 0.4249
0 0.37132 0.848158 0.0353424 0.0587918 0.38727
0 0.788734 0.234035 0.0259661 0.0436546 0.38345
0 0.826172 0.243833 0.0253782 0.0455643 0.383096
0 0.309023 0.7928 0.040941 0.119631 0.356882
0 0.446635 0.829888 0.0441119 0.115709 0.33674
0 0.947785 0.274539 0.0241241 0.0516592 0.311978
0 0.41707 0.468524 0.0345616 0.192486 0.289328
0 0.331923 0.824757 0.0423631 0.117642 0.273916
0 0.729626 0.22012 0.0210608 0.0419382 0.271817
0 0.279228 0.686619 0.032579 0.209219 0.258791
