0 0.755533 0.347376 0.0305904 0.144676 0.641004
0 0.555645 0.476201 0.0370916 0.160986 0.614356
0 0.427016 0.734875 0.0409903 0.172775 0.59751
0 0.541038 0.305268 0.0267615 0.121065 0.560824
0 0.710081 0.275475 0.0244642 0.132651 0.514246
0 0.586562 0.44851 0.0455518 0.125493 0.49882
0 0.621583 0.25277 0.0308997 0.152714 0.464887
0 0.829782 0.231431 0.0251869 0.0429662 0.45225
0 0.415604 0.370625 0.0276219 0.0964354 0.442523
0 0.470735 0.349725 0.0591332 0.135105 0.422242
0 0.652903 0.185167 0.0227433 0.0456989 0.404048
0 0.422493 0.550659 0.038156 0.21564 0.391223
0 0.415839 0.392192 0.0291927 0.138541 0.370411
0 0.870724 0.241312 0.0261717 0.0487724 0.323344
0 0.767388 0.215174 0.0246622 0.0446386 0.32063
0 0.443332 0.818254 0.0468071 0.112401 0.287073
0 0.128609 0.443217 0.0272336 0.0769449 0.264956
0 0.627719 0.869314 0.0157129 0.0303866 0.261724
0 0.797422 0.221548 0.0302166 0.0518322 0.261305
