0 0.159251 0.509071 0.0487563 0.207238 0.747077
0 0.501118 0.386179 0.0468361 0.207326 0.704888
0 0.308946 0.157246 0.030484 0.172932 0.640973
0 0.500945 0.277004 0.0427818 0.105793 0.563778
0 0.399199 0.0601179 0.0267562 0.0538769 0.492112
0 0.466554 0.273833 0.0327261 0.203162 0.442373
0 0.586982 0.320127 0.0291561 0.185021 0.441248
0 0.189301 0.235285 0.0298935 0.183493 0.438492
0 0.558858 0.304361 0.0384153 0.173666 0.426203
0 0.266185 0.0975913 0.0243654 0.0448559 0.376954
0 0.229738 0.103768 0.0277065 0.0550975 0.368276
0 0.0550837 0.149338 0.0262342 0.05683 0.35793
0 0.519327 0.197306 0.0273775 0.149405 0.289576
0 0.10045 0.0825035 0.0238042 0.0730975 0.282021
0 0.776578 0.837008 0.0425201 0.131236 0.260755
