0 0.0612945 0.484722 0.0274861 0.183621 0.717736
0 0.354417 0.475363 0.0464937 0.174347 0.564162
0 0.453671 0.658423 0.0498348 0.201499 0.482755
0 0.188827 0.308864 0.0263606 0.055739 0.471133
0 0.27178 0.359831 0.0241817 0.17086 0.46725
0 0.0427944 0.344765 0.0226016 0.0632126 0.439137
0 0.0780681 0.339924 0.0218356 0.0508562 0.436974
0 0.796838 0.647173 0.0401013 0.179738 0.432522
0 0.014471 0.882012 0.0265627 0.110896 0.43005
0 0.226417 0.301265 0.0258634 0.0465244 0.377854
0 0.870952 0.863614 0.0407253 0.129918 0.375815
0 0.821913 0.914896 0.0445536 0.131195 0.357964
0 0.562683 0.655235 0.049358 0.213462 0.352393
0 0.43877 0.547101 0.0417418 0.184166 0.348983
0 0.355653 0.260391 0.026478 0.053448 0.324947
0 0.406156 0.419376 0.023729 0.180664 0.323031
0 0.742644 0.905176 0.0350609 0.128206 0.32041
0 0.0398409 0.282285 0.0241922 0.0734407 0.312586
0 0.0104643 0.351715 0.0185511 0.0623057 0.306542
0 0.10362 0.332378 0.0201585 0.0500469 0.292571
0 0.405027 0.403727 0.0207405 0.141631 0.277115
0 0.382596 0.258175 0.0219091 0.0404151 0.26952
0 0.414923 0.418823 0.0313691 0.176045 0.266923
0 0.407932 0.291709 0.0207634 0.0949028 0.258806
0 0.636536 0.430313 0.0266445 0.0714792 0.255615
