0 0.430283 0.478136 0.0371817 0.142095 0.782613
0 0.292002 0.336937 0.0338472 0.139542 0.744419
0 0.679183 0.576658 0.0299878 0.21353 0.688694
0 0.198689 0.452029 0.0406592 0.177956 0.668143
0 0.545016 0.387631 0.0408696 0.142786 0.543167
0 0.223549 0.298576 0.0323018 0.156085 0.54191
0 0.495212 0.383505 0.0591541 0.132162 0.501396
0 0.372912 0.435011 0.046573 0.184648 0.477047
0 0.74457 0.778278 0.0374957 0.151498 0.441412
0 0.266682 0.2055 0.0233549 0.0399222 0.423402
0 0.310323 0.257964 0.0229659 0.151846 0.416384
0 0.386606 0.36534 0.0295921 0.153469 0.406168
0 0.814855 0.776944 0.0368036 0.132486 0.379509
0 0.55095 0.390179 0.0282644 0.134514 0.279798
0 0.534368 0.379809 0.0433964 0.145036 0.269229
0 0.209299 0.402603 0.0223007 0.0718658 0.263728
0 0.825551 0.350548 0.0256165 0.0676986 0.253621
0 0.780881 0.466201 0.0274006 0.0978095 0.252983
