0 0.88233 0.497778 0.0367931 0.184173 0.571566
0 0.282587 0.168675 0.050386 0.182326 0.55364
0 0.226253 0.109268 0.0274902 0.0583779 0.509693
0 0.208285 0.211057 0.0459104 0.205377 0.461461
0 0.109146 0.144261 0.021673 0.0515124 0.448383
0 0.402209 0.0674969 0.0293444 0.0552459 0.437787
0 0.0746803 0.148857 0.0244759 0.0636092 0.430123
0 0.463751 0.566204 0.0578644 0.214733 0.421152
0 0.266577 0.0559997 0.0198608 0.0694567 0.363323
0 0.346539 0.839471 0.0533822 0.0868715 0.342174
0 0.803632 0.766983 0.0437015 0.161964 0.335186
0 0.839874 0.853909 0.0485626 0.1503 0.289797
0 0.438933 0.742498 0.0427637 0.274461 0.288187
0 0.430376 0.0590575 0.0242954 0.053666 0.288007
0 0.283963 0.0537946 0.019653 0.0683594 0.285855
0 0.478665 0.289903 0.0426806 0.212874 0.281366
0 0.262226 0.106025 0.0225455 0.0517042 0.266654
0 0.993094 0.849107 0.0131139 0.096053 0.256036
