0 0.287589 0.357983 0.0437122 0.160781 0.743184
0 0.596258 0.59997 0.0485118 0.204646 0.617591
0 0.292984 0.357474 0.0327776 0.143004 0.594952
0 0.192849 0.526119 0.0397993 0.220369 0.574318
0 0.493678 0.35438 0.0464041 0.173973 0.554062
0 0.347677 0.44751 0.0742475 0.195489 0.541083
0 0.802606 0.504573 0.0474033 0.229659 0.459924
0 0.555775 0.43279 0.0587275 0.169647 0.445693
0 0.309931 0.271362 0.0230822 0.146639 0.433465
0 0.421496 0.268154 0.0290597 0.146931 0.423279
0 0.750997 0.794137 0.0358695 0.150321 0.379085
0 0.739198 0.916688 0.0404708 0.165504 0.378039
0 0.820562 0.792146 0.0392175 0.133334 0.357563
0 0.741646 0.884824 0.0346386 0.105698 0.356526
0 0.130699 0.247389 0.0199491 0.0525634 0.346445
0 0.900738 0.934912 0.0379002 0.108902 0.338407
0 0.387279 0.179574 0.0240625 0.0429908 0.337379
0 0.266155 0.214557 0.0217431 0.0379341 0.273488
0 0.557656 0.415611 0.0533735 0.126525 0.269793
0 0.551684 0.401581 0.0516121 0.13713 0.2619
0 0.824997 0.884062 0.0451019 0.105019 0.258831
