0 0.637084 0.35936 0.0467918 0.15374 0.728468
0 0.740718 0.69659 0.0582815 0.186334 0.688455
0 0.860058 0.296491 0.0525644 0.168562 0.659985
0 0.774304 0.310314 0.0441106 0.132708 0.621035
0 0.451759 0.289568 0.0140698 0.0486277 0.520611
0 0.442746 0.346289 0.0315253 0.150345 0.480503
0 0.792401 0.195013 0.0224066 0.0454851 0.420623
0 0.566532 0.349169 0.0417164 0.168587 0.38875
0 0.853566 0.212887 0.0276849 0.0483784 0.379505
0 0.504847 0.751402 0.0393631 0.225239 0.363292
0 0.822017 0.20081 0.0304535 0.0585563 0.352552
0 0.962092 0.237293 0.0245671 0.0509956 0.337618
0 0.440635 0.821002 0.0405296 0.113416 0.32534
0 0.404663 0.835292 0.0354321 0.0723641 0.30707
0 0.649696 0.257829 0.0300998 0.121965 0.297849
0 0.397064 0.456636 0.0355701 0.215244 0.297592
0 0.638795 0.865005 0.0173002 0.0517471 0.279047
0 0.392386 0.458156 0.0303963 0.194822 0.258779
