0 0.406692 0.328554 0.032267 0.187303 0.704296
0 0.512409 0.453646 0.0519747 0.192914 0.661519
0 0.631669 0.537185 0.0367493 0.235894 0.548044
0 0.564603 0.401163 0.0436209 0.177684 0.485372
0 0.402801 0.789612 0.044178 0.162859 0.472692
0 0.53012 0.343862 0.0335182 0.190243 0.465046
0 0.818493 0.913583 0.0514736 0.171926 0.464739
0 0.0650244 0.203766 0.0293169 0.0767859 0.435445
0 0.317554 0.636632 0.0625644 0.227487 0.370769
0 0.20377 0.221402 0.0236624 0.145848 0.358463
0 0.987697 0.686145 0.0234749 0.107107 0.35447
0 0.928863 0.645409 0.0356087 0.243529 0.348798
0 0.265025 0.228364 0.024721 0.0497788 0.344579
0 0.564009 0.373383 0.04003 0.120278 0.328358
0 0.234511 0.305769 0.0262818 0.181016 0.328021
0 0.588501 0.444198 0.0530243 0.17045 0.319974
0 0.105879 0.272459 0.0193282 0.048628 0.311053
0 0.574692 0.261899 0.0254863 0.0666167 0.307483
0 0.874726 0.546919 0.0308468 0.112514 0.306823
0 0.853768 0.912438 0.0514381 0.128528 0.306227
0 0.404653 0.190903 0.028252 0.0531191 0.274698
0 0.435411 0.184326 0.0241312 0.0472462 0.271977
0 0.179405 0.205803 0.0229912 0.107014 0.266425
0 0.282958 0.186957 0.0178581 0.0875703 0.25365
