0 0.201809 0.566028 0.031862 0.131915 0.923825
0 0.477425 0.353567 0.0493057 0.106899 0.823387
0 0.408764 0.252388 0.0352837 0.115318 0.729853
0 0.654522 0.623786 0.0327875 0.188226 0.638936
0 0.505902 0.600052 0.0440014 0.161399 0.585565
0 0.901299 0.559777 0.0320588 0.137479 0.524588
0 0.9266 0.705189 0.0301266 0.102686 0.492743
0 0.105698 0.892067 0.0353724 0.21296 0.489483
0 0.539077 0.24431 0.0280388 0.110168 0.480616
0 0.681236 0.703243 0.0555296 0.174924 0.469852
0 0.355252 0.300954 0.0416762 0.120907 0.456923
0 0.882977 0.695591 0.0293484 0.0851459 0.456412
0 0.959371 0.670055 0.0288193 0.098697 0.455242
0 0.863154 0.698175 0.0387738 0.116731 0.451591
0 0.192602 0.879353 0.0393757 0.18211 0.403057
0 0.851187 0.783239 0.0375629 0.103084 0.393142
0 0.812755 0.749117 0.0224134 0.041168 0.352744
0 0.928352 0.684721 0.0256658 0.0636093 0.339867
0 0.815198 0.824489 0.0309978 0.0948285 0.325642
0 0.0379567 0.502692 0.042034 0.156508 0.324775
0 0.858157 0.706722 0.0292633 0.104174 0.317467
0 0.790474 0.77793 0.0184531 0.0491352 0.309509
0 0.272815 0.964373 0.0256671 0.0513329 0.302906
0 0.134408 0.245046 0.0182628 0.0448567 0.285318
0 0.866102 0.647258 0.0146664 0.0324966 0.283061
0 0.162436 0.24374 0.0193588 0.0363192 0.272797
0 0.782488 0.834778 0.0272233 0.0925731 0.264447
0 0.589081 0.40898 0.0252626 0.149772 0.262332
0 0.431313 0.645068 0.0553502 0.191385 0.250067
