0 0.29252 0.344478 0.0344317 0.142579 0.753112
0 0.679298 0.577978 0.0308414 0.215057 0.674027
0 0.199242 0.453982 0.0412941 0.185877 0.610789
0 0.22481 0.298636 0.0334815 0.154892 0.549598
0 0.424809 0.477621 0.0372032 0.144587 0.516611
0 0.547607 0.400748 0.0381546 0.118364 0.491721
0 0.385544 0.345308 0.0274174 0.115637 0.476281
0 0.310758 0.258306 0.0225401 0.151418 0.464715
0 0.375565 0.435829 0.0466018 0.180652 0.368128
0 0.815617 0.778316 0.0380844 0.134952 0.364921
0 0.744754 0.779234 0.0383286 0.153135 0.362477
0 0.55132 0.400351 0.0273533 0.114766 0.348819
0 0.267216 0.206394 0.0224808 0.0384252 0.315682
0 0.825873 0.350494 0.0257545 0.069882 0.300095
0 0.909959 0.611132 0.0500315 0.106641 0.262418
0 0.422664 0.476516 0.0270451 0.134349 0.261341
0 0.736436 0.873708 0.0370133 0.114591 0.258391
