0 0.202693 0.469563 0.0463572 0.190891 0.70302
0 0.203522 0.274104 0.0419183 0.154587 0.695576
0 0.478258 0.286589 0.0349689 0.168051 0.686904
0 0.588935 0.365819 0.0411533 0.18748 0.685434
0 0.472456 0.441444 0.0681967 0.186327 0.662666
0 0.497304 0.236764 0.0352184 0.130312 0.613005
0 0.447128 0.591969 0.0491762 0.204673 0.594001
0 0.428886 0.336907 0.0530966 0.148438 0.559571
0 0.318756 0.194035 0.0239149 0.150577 0.498128
0 0.241497 0.137999 0.0262787 0.0534519 0.408223
0 0.275463 0.133947 0.0225446 0.0430711 0.382243
0 0.412017 0.59584 0.0589067 0.188198 0.342757
0 0.938244 0.557375 0.0455494 0.109236 0.290763
0 0.761102 0.705218 0.03293 0.115395 0.275264
0 0.884558 0.487259 0.0327869 0.0863105 0.260943
