0 0.564744 0.326179 0.0257549 0.143767 0.735657
0 0.436678 0.763538 0.044392 0.208956 0.690899
0 0.779134 0.368148 0.0303774 0.152123 0.620356
0 0.63929 0.293038 0.0347062 0.132901 0.618162
0 0.559623 0.442055 0.0601007 0.150684 0.545574
0 0.439255 0.828227 0.0410116 0.101011 0.500584
0 0.564984 0.303058 0.0241802 0.0995253 0.493627
0 0.70689 0.294423 0.0334988 0.145154 0.485227
0 0.814657 0.250294 0.0292892 0.052788 0.467763
0 0.782961 0.243625 0.0227863 0.0413097 0.456007
0 0.48879 0.376823 0.0462051 0.125689 0.450745
0 0.475056 0.335807 0.021405 0.0461056 0.422765
0 0.439783 0.422001 0.0330568 0.110383 0.403006
0 0.670002 0.210321 0.0228961 0.0478232 0.391142
0 0.485699 0.352736 0.0432509 0.0811915 0.383688
0 0.889182 0.269368 0.0262619 0.0498228 0.375277
0 0.847028 0.259212 0.0271263 0.0476908 0.373565
0 0.439654 0.449669 0.0360433 0.166686 0.323167
0 0.373031 0.831373 0.0335206 0.0786695 0.29808
0 0.479856 0.361458 0.0331535 0.0987901 0.288975
0 0.272737 0.860104 0.0315827 0.0924791 0.283478
0 0.566426 0.345374 0.0226919 0.122998 0.283415
0 0.482623 0.485827 0.0447594 0.165282 0.263241
0 0.643228 0.289479 0.024411 0.128686 0.259496
0 0.880633 0.222924 0.0231109 0.0827528 0.253096
