0 0.418558 0.612696 0.0411224 0.205256 0.642784
0 0.360133 0.38543 0.0439151 0.177708 0.637235
0 0.241491 0.317001 0.0391229 0.166592 0.588473
0 0.28123 0.346275 0.0353875 0.161496 0.500135
0 0.553561 0.474446 0.040226 0.196911 0.477736
0 0.201628 0.250587 0.0254876 0.0480554 0.443435
0 0.288946 0.346923 0.0496768 0.161425 0.422011
0 0.416098 0.45254 0.0306556 0.170103 0.390863
0 0.341293 0.208592 0.0305758 0.0605553 0.337591
0 0.293189 0.426518 0.0564199 0.173588 0.33122
0 0.583998 0.608385 0.0578828 0.214101 0.319583
0 0.287433 0.224567 0.0235634 0.0570213 0.314308
0 0.130969 0.247644 0.0210098 0.155801 0.307865
0 0.0651594 0.241435 0.0272476 0.0884624 0.266607
0 0.494732 0.241343 0.0197389 0.126945 0.265877
0 0.80684 0.429401 0.0256714 0.158583 0.263038
0 0.415338 0.433073 0.0279526 0.129728 0.260971
0 0.134847 0.242555 0.0295431 0.151923 0.254038
0 0.244806 0.200346 0.0232088 0.100094 0.252306
