0 0.196562 0.212786 0.0444998 0.182242 0.79323
0 0.292725 0.164778 0.0403056 0.151087 0.667064
0 0.463489 0.566493 0.0605823 0.217612 0.579911
0 0.226944 0.0983445 0.0282116 0.0638253 0.543074
0 0.08993 0.521567 0.0382463 0.235946 0.531508
0 0.327927 0.834297 0.0552864 0.107972 0.489634
0 0.882739 0.484767 0.0309585 0.173223 0.483831
0 0.264924 0.091109 0.0248446 0.0458209 0.401214
0 0.533772 0.36035 0.0444321 0.25388 0.369278
0 0.579333 0.28877 0.0652384 0.191835 0.356382
0 0.885087 0.737171 0.0362312 0.142642 0.355606
0 0.527166 0.186906 0.0278726 0.14631 0.334854
0 0.268057 0.0377294 0.0204658 0.0617555 0.322194
0 0.430476 0.0458885 0.0225502 0.0460672 0.320993
0 0.786773 0.845507 0.050592 0.119146 0.307727
0 0.442298 0.741572 0.0589277 0.267754 0.306547
0 0.800887 0.743019 0.0424618 0.158684 0.303753
0 0.246849 0.050251 0.0289044 0.0929967 0.29766
0 0.402438 0.0503353 0.0267967 0.050246 0.292717
0 0.938225 0.481629 0.03886 0.115815 0.270723
0 0.349583 0.0643544 0.0271176 0.0566027 0.268103
0 0.110126 0.128454 0.0254158 0.0526518 0.25999
0 0.475493 0.0313069 0.0224635 0.0497196 0.259528
0 0.828022 0.730916 0.0385136 0.109206 0.255198
