0 0.273353 0.629788 0.0323338 0.17243 0.783752
0 0.85133 0.351666 0.0437362 0.148735 0.701446
0 0.531108 0.353624 0.0273268 0.148141 0.686375
0 0.294953 0.567775 0.0308403 0.1663 0.592692
0 0.581168 0.618012 0.0639091 0.189237 0.552707
0 0.496473 0.524415 0.0359059 0.180185 0.50077
0 0.797588 0.246914 0.020297 0.0446496 0.498923
0 0.792749 0.445191 0.0447313 0.169988 0.458756
0 0.394178 0.459177 0.0319262 0.174223 0.454572
0 0.675833 0.453775 0.0373937 0.147869 0.386076
0 0.971474 0.280469 0.0201408 0.0440557 0.349755
0 0.681504 0.304066 0.0204323 0.11267 0.339895
0 0.203161 0.807268 0.0381032 0.151057 0.319662
0 0.680258 0.319435 0.0234609 0.139354 0.30094
0 0.681943 0.289123 0.018738 0.0835853 0.269836
0 0.944095 0.273089 0.0196483 0.0422122 0.260246
0 0.36669 0.451335 0.0309751 0.171709 0.254591
