0 0.0681891 0.48582 0.0322734 0.188653 0.541878
0 0.422815 0.427625 0.023945 0.150817 0.508851
0 0.228545 0.302932 0.025038 0.045949 0.466599
0 0.27385 0.362985 0.0246174 0.165584 0.459704
0 0.0809645 0.342428 0.0191799 0.0510622 0.45912
0 0.353261 0.469737 0.0430006 0.171295 0.394526
0 0.409977 0.388734 0.0204315 0.121419 0.351737
0 0.436772 0.521311 0.0428423 0.121926 0.338355
0 0.0138025 0.874085 0.0241447 0.122753 0.331853
0 0.796635 0.641479 0.0384115 0.185513 0.330859
0 0.872414 0.862272 0.0434833 0.129295 0.330349
0 0.107881 0.33525 0.0183026 0.0485961 0.325511
0 0.821789 0.914441 0.0447815 0.13033 0.31828
0 0.402976 0.424013 0.0373348 0.183087 0.29356
0 0.434521 0.564215 0.0463358 0.213515 0.290716
0 0.743132 0.903855 0.0357822 0.125155 0.285576
0 0.356774 0.262042 0.026322 0.05103 0.261201
