0 0.393077 0.489658 0.0335629 0.0930538 0.707946
0 0.485597 0.350246 0.0286077 0.164269 0.706685
0 0.5319 0.523125 0.0363952 0.184573 0.640564
0 0.587897 0.768762 0.05221 0.182027 0.583056
0 0.263151 0.271766 0.0257161 0.0504269 0.559386
0 0.396548 0.613271 0.0522691 0.232524 0.548578
0 0.628935 0.576452 0.0507287 0.216192 0.457595
0 0.0798419 0.249329 0.0242188 0.0787225 0.434828
0 0.442413 0.350527 0.0283999 0.155222 0.415317
0 0.868994 0.673627 0.0374844 0.151039 0.408547
0 0.394631 0.232536 0.0270656 0.0511297 0.380392
0 0.589142 0.753698 0.0438831 0.14827 0.355138
0 0.403916 0.418108 0.0372331 0.185604 0.333685
0 0.380839 0.406879 0.0371211 0.147836 0.295349
0 0.0597255 0.767472 0.0357018 0.251363 0.293847
0 0.388546 0.359184 0.0197582 0.0780185 0.254044
