0 0.403786 0.394376 0.0280001 0.1243 0.827316
0 0.405974 0.493947 0.038711 0.14308 0.654466
0 0.35096 0.371482 0.0328209 0.126171 0.641709
0 0.333154 0.602517 0.0388026 0.173895 0.616204
0 0.46593 0.833312 0.0332056 0.0843154 0.592655
0 0.481171 0.55171 0.0374148 0.153374 0.504178
0 0.515137 0.339431 0.0208695 0.0864277 0.503172
0 0.522354 0.338769 0.0328289 0.085833 0.496348
0 0.28095 0.564054 0.0428301 0.178168 0.473265
0 0.636585 0.546007 0.0361704 0.151363 0.372456
0 0.527725 0.338821 0.0215885 0.0834594 0.325309
0 0.764926 0.771765 0.0297487 0.111321 0.303662
0 0.642365 0.496158 0.0207518 0.0566047 0.28531
0 0.772442 0.673948 0.033123 0.134618 0.277015
0 0.381519 0.280649 0.0189852 0.038959 0.254869
