0 0.899326 0.957295 0.0622942 0.0854103 0.952636
0 0.0644148 0.63654 0.0321434 0.134467 0.771334
0 0.593643 0.283533 0.0441971 0.125084 0.572574
0 0.698249 0.241481 0.0294086 0.135374 0.51119
0 0.444803 0.756119 0.054544 0.200035 0.484765
0 0.497542 0.839269 0.0332905 0.0696089 0.48464
0 0.860226 0.459769 0.0656912 0.156799 0.483949
0 0.74071 0.343519 0.037053 0.153005 0.463665
0 0.216898 0.832911 0.0356539 0.162438 0.402977
0 0.437857 0.480627 0.0629916 0.182547 0.383939
0 0.871224 0.460324 0.0430702 0.157199 0.373285
0 0.404388 0.117584 0.0251389 0.0442553 0.365381
0 0.0613002 0.642642 0.0436228 0.147957 0.299295
0 0.433859 0.315977 0.0615149 0.146909 0.299089
0 0.448281 0.310685 0.032321 0.137292 0.296684
0 0.746454 0.329969 0.0259765 0.125768 0.283426
0 0.111927 0.833941 0.0335471 0.0820791 0.282469
0 0.177726 0.789139 0.0477898 0.183858 0.278141
0 0.355358 0.527103 0.0501844 0.175637 0.277066
0 0.580793 0.145909 0.0267087 0.0571078 0.27285
0 0.253555 0.861921 0.0424122 0.120781 0.260219
0 0.329485 0.858842 0.022606 0.0594932 0.256096
