0 0.559969 0.863828 0.0294506 0.0856644 0.820885
0 0.81602 0.420371 0.0359944 0.150288 0.756198
0 0.733047 0.426735 0.0492235 0.13751 0.62048
0 0.579615 0.338701 0.0349255 0.146325 0.616634
0 0.478713 0.578413 0.0312807 0.210496 0.614671
0 0.336492 0.58632 0.0354087 0.166076 0.613418
0 0.651584 0.321159 0.0473006 0.0917279 0.613285
0 0.870919 0.35198 0.0286335 0.126114 0.607497
0 0.263417 0.637741 0.033317 0.176238 0.547278
0 0.473471 0.441286 0.0244154 0.149743 0.540698
0 0.501044 0.51943 0.032161 0.190527 0.522646
0 0.33739 0.861556 0.0378347 0.0967636 0.501978
0 0.891428 0.267043 0.0226265 0.0451377 0.470981
0 0.270436 0.78787 0.0324968 0.131089 0.390975
0 0.474414 0.40738 0.0205017 0.085957 0.36346
0 0.773969 0.23884 0.0255147 0.0431889 0.299419
0 0.45614 0.409673 0.025852 0.107624 0.296078
0 0.300129 0.837157 0.0332745 0.140267 0.271718
0 0.431784 0.834956 0.0416099 0.134772 0.259189
