0 0.398815 0.615299 0.0509889 0.229381 0.672717
0 0.528982 0.523068 0.037645 0.181809 0.650734
0 0.598813 0.758283 0.036287 0.157511 0.633544
0 0.386775 0.501732 0.031403 0.114823 0.596289
0 0.485699 0.355884 0.02701 0.173845 0.593698
0 0.628613 0.574612 0.051134 0.214711 0.523289
0 0.0666175 0.765279 0.0361022 0.256405 0.490145
0 0.264059 0.273423 0.0247929 0.0487375 0.439794
0 0.388189 0.519549 0.0341502 0.14966 0.426403
0 0.442511 0.350156 0.0256509 0.155796 0.409453
0 0.387916 0.368892 0.0209779 0.101262 0.377716
0 0.0844277 0.257465 0.0235558 0.0808049 0.350907
0 0.396384 0.235675 0.0266364 0.0497676 0.349727
0 0.423345 0.229818 0.0224066 0.0426293 0.343337
0 0.865235 0.675318 0.0388168 0.146053 0.310284
0 0.405518 0.418516 0.0335673 0.18563 0.281
