0 0.579617 0.36838 0.0416427 0.144884 0.802566
0 0.729723 0.30942 0.0288789 0.154591 0.794652
0 0.455955 0.771792 0.0561382 0.214385 0.789601
0 0.683887 0.334262 0.0229395 0.13298 0.737189
0 0.806805 0.422552 0.0289927 0.138361 0.665715
0 0.512927 0.448705 0.052595 0.17205 0.560889
0 0.878088 0.281148 0.0276264 0.0520713 0.559976
0 0.484204 0.400239 0.0329775 0.123651 0.54181
0 0.434773 0.374905 0.0275301 0.102655 0.459025
0 0.814061 0.266452 0.0223336 0.0450737 0.438381
0 0.21675 0.544825 0.0377984 0.15638 0.424855
0 0.845429 0.273798 0.0304211 0.0539382 0.405292
0 0.696126 0.233082 0.0240268 0.0465877 0.357514
0 0.480335 0.365287 0.0209392 0.0532003 0.341368
0 0.446431 0.833078 0.0448627 0.0907644 0.332864
0 0.434242 0.357895 0.0237205 0.0671298 0.319891
0 0.601413 0.212539 0.0237496 0.0380413 0.283229
0 0.396742 0.464485 0.0257222 0.158792 0.274856
0 0.193848 0.510377 0.0220158 0.088731 0.271476
0 0.481627 0.421083 0.030393 0.11038 0.270521
0 0.991225 0.31553 0.0167695 0.0425131 0.266519
0 0.862213 0.239664 0.0240559 0.0642872 0.254653
