0 0.2568 0.791107 0.035111 0.140037 0.628463
0 0.866313 0.325717 0.0391815 0.186711 0.609238
0 0.819735 0.415556 0.0277183 0.141118 0.589382
0 0.457027 0.454112 0.0272676 0.179916 0.585001
0 0.864807 0.351079 0.0414902 0.136662 0.558521
0 0.26925 0.639027 0.0576499 0.176983 0.536644
0 0.570824 0.33773 0.0325293 0.14846 0.536229
0 0.666037 0.318167 0.0186289 0.123404 0.527171
0 0.721208 0.424352 0.050578 0.132486 0.492467
0 0.427238 0.830681 0.0374701 0.14024 0.474594
0 0.329176 0.575943 0.0359807 0.163778 0.435728
0 0.187184 0.831622 0.0299406 0.0841126 0.376038
0 0.530853 0.858507 0.030296 0.0959768 0.36543
0 0.439979 0.439207 0.0276582 0.169755 0.347024
0 0.32388 0.854205 0.0383122 0.103136 0.342107
0 0.286035 0.842277 0.0297478 0.150224 0.308868
0 0.100715 0.757358 0.0345261 0.0935231 0.300156
0 0.841738 0.248656 0.0253204 0.0489518 0.29046
0 0.395925 0.870784 0.0361374 0.0721344 0.277866
0 0.441625 0.416855 0.024406 0.125831 0.26357
0 0.757723 0.236365 0.0229445 0.0381439 0.263433
