0 0.393144 0.539479 0.0359587 0.163534 0.612263
0 0.481449 0.512738 0.0415638 0.149338 0.552287
0 0.422515 0.363624 0.0328774 0.121914 0.507082
0 0.656706 0.523985 0.0299255 0.149107 0.480121
0 0.0187573 0.959712 0.0364372 0.0805757 0.422061
0 0.350631 0.483673 0.0435785 0.153569 0.389082
0 0.370293 0.324208 0.0213327 0.128457 0.360267
0 0.228327 0.515171 0.0591159 0.16311 0.355793
0 0.413716 0.813527 0.0315622 0.119274 0.340878
0 0.716758 0.820489 0.0249834 0.0797906 0.330719
0 0.391225 0.284969 0.0240585 0.132281 0.27037
0 0.544409 0.301862 0.0244042 0.0786202 0.257428
0 0.737215 0.790581 0.0170055 0.0510173 0.257076
