0 0.432521 0.527829 0.0440594 0.132545 0.622994
0 0.432831 0.565132 0.0466915 0.207274 0.598469
0 0.408965 0.421051 0.0381075 0.188155 0.465594
0 0.412215 0.391982 0.0196326 0.128514 0.463065
0 0.351673 0.469068 0.0399153 0.169322 0.456642
0 0.109913 0.337396 0.0187562 0.0490764 0.450886
0 0.0747202 0.483785 0.03368 0.186774 0.441304
0 0.228934 0.304616 0.0246448 0.0439735 0.436401
0 0.0827645 0.344359 0.0202205 0.0506081 0.413393
0 0.27485 0.365876 0.0247811 0.161622 0.407919
0 0.872419 0.863016 0.043758 0.129696 0.386156
0 0.192276 0.313342 0.0271754 0.060537 0.381568
0 0.797611 0.640064 0.0407005 0.18971 0.369345
0 0.409917 0.421734 0.0247191 0.183714 0.358367
0 0.461449 0.653034 0.0584363 0.211011 0.342371
0 0.821784 0.914495 0.0441929 0.130837 0.332721
0 0.0555461 0.347689 0.0219533 0.0586459 0.313449
0 0.0170603 0.804398 0.0294384 0.259781 0.309855
0 0.412351 0.291668 0.0203518 0.108843 0.285575
0 0.743192 0.903998 0.0356481 0.12498 0.262133
0 0.423438 0.42575 0.0242922 0.139816 0.258685
