0 0.487177 0.59164 0.0711754 0.194829 0.774614
0 0.510315 0.489734 0.0355774 0.155535 0.594759
0 0.257534 0.330612 0.0266315 0.175749 0.576409
0 0.346166 0.22887 0.0281247 0.0507327 0.438519
0 0.210611 0.268491 0.0244803 0.0471959 0.434699
0 0.00879151 0.561731 0.0165183 0.0310883 0.376896
0 0.343234 0.416289 0.0380803 0.1744 0.374749
0 0.420798 0.621313 0.0555778 0.226077 0.36253
0 0.0855885 0.300792 0.020126 0.0590703 0.28852
0 0.230762 0.207491 0.0223827 0.0566435 0.278995
0 0.0558193 0.307107 0.0214392 0.0584601 0.275945
0 0.272389 0.246321 0.0181823 0.0586523 0.274719
0 0.389832 0.42342 0.0413296 0.209412 0.255271
0 0.882232 0.871093 0.0455183 0.134195 0.252891
