0 0.634502 0.254194 0.0306185 0.116268 0.865592
0 0.823121 0.291581 0.0430363 0.152104 0.788316
0 0.432683 0.351478 0.033994 0.140483 0.765652
0 0.635778 0.390903 0.0478743 0.16961 0.704872
0 0.382347 0.473558 0.037472 0.18125 0.592619
0 0.605775 0.690864 0.0489912 0.210272 0.552481
0 0.543209 0.651086 0.0429899 0.219461 0.523559
0 0.767889 0.307908 0.0403257 0.135321 0.515451
0 0.468382 0.762606 0.0391693 0.230982 0.511601
0 0.539051 0.346454 0.0439722 0.163975 0.464305
0 0.720279 0.626616 0.0379997 0.154242 0.458473
0 0.394942 0.834705 0.0356406 0.0782357 0.379807
0 0.947653 0.240539 0.0223651 0.0411578 0.377296
0 0.778762 0.195211 0.0213724 0.0439964 0.335938
0 0.842604 0.209829 0.0264868 0.0452041 0.319628
0 0.436151 0.820455 0.0444092 0.113083 0.309252
0 0.808927 0.202407 0.0293978 0.0546856 0.28295
0 0.166377 0.297898 0.0247272 0.0737321 0.279096
0 0.439678 0.301228 0.0151229 0.04154 0.268058
