0 0.912604 0.328981 0.0404484 0.173768 0.753881
0 0.737666 0.313422 0.0377995 0.113083 0.732461
0 0.432809 0.611787 0.0408587 0.149581 0.661843
0 0.345815 0.818826 0.0380736 0.109232 0.637583
0 0.659212 0.530997 0.0486861 0.173054 0.625603
0 0.816499 0.407273 0.0318771 0.166129 0.602089
0 0.771569 0.434985 0.0425824 0.174646 0.56765
0 0.329991 0.705254 0.0739945 0.131915 0.55016
0 0.67272 0.314026 0.0372734 0.138429 0.500818
0 0.88555 0.243569 0.0271976 0.0488702 0.480469
0 0.485453 0.39756 0.0325842 0.181262 0.413859
0 0.669389 0.183762 0.0217539 0.0506989 0.403184
0 0.50077 0.829798 0.0444738 0.0980634 0.378651
0 0.451294 0.33304 0.0274042 0.169013 0.362764
0 0.729769 0.542745 0.0503153 0.20004 0.34214
0 0.573154 0.165872 0.0235205 0.0369248 0.339111
0 0.370724 0.82128 0.034575 0.105797 0.327463
0 0.267725 0.839547 0.0319333 0.0898414 0.295645
