0 0.879815 0.331379 0.0368294 0.169817 0.560633
0 0.846032 0.421563 0.0311239 0.157314 0.550897
0 0.769335 0.421149 0.054598 0.139788 0.550843
0 0.596364 0.473935 0.0679076 0.18294 0.542781
0 0.419458 0.40787 0.0405485 0.174237 0.539801
0 0.550501 0.436704 0.0379471 0.130605 0.463394
0 0.852999 0.246233 0.0251754 0.0478043 0.449187
0 0.389096 0.849897 0.0374293 0.0561658 0.426643
0 0.406197 0.593262 0.0350155 0.182317 0.397057
0 0.977031 0.278872 0.0284501 0.0479692 0.372286
0 0.814059 0.235325 0.0257927 0.045613 0.356659
0 0.473514 0.467005 0.0389963 0.203212 0.356558
0 0.655355 0.319271 0.0338791 0.134874 0.345813
0 0.353678 0.821823 0.0347287 0.111392 0.322321
0 0.468332 0.827817 0.0391329 0.105048 0.300997
0 0.947183 0.261062 0.0199133 0.0545944 0.290316
0 0.294869 0.697979 0.0285866 0.208751 0.267901
