0 0.859409 0.351545 0.0445196 0.152832 0.713978
0 0.408972 0.441314 0.02293 0.166654 0.704733
0 0.80653 0.426881 0.0315529 0.154351 0.697532
0 0.706971 0.436858 0.0537175 0.139278 0.671888
0 0.275865 0.63853 0.0488067 0.194719 0.657373
0 0.229404 0.805126 0.0392349 0.154543 0.55887
0 0.670444 0.307811 0.0265454 0.144882 0.538741
0 0.310095 0.567649 0.0418424 0.164065 0.536932
0 0.554696 0.33973 0.030985 0.149424 0.514405
0 0.482061 0.843928 0.0275839 0.0895569 0.457247
0 0.560299 0.618788 0.0479504 0.185989 0.409252
0 0.426204 0.453848 0.0261997 0.177381 0.408637
0 0.835507 0.254576 0.0237808 0.0446514 0.392174
0 0.143421 0.783405 0.0368437 0.0841921 0.388094
0 0.262021 0.843185 0.031654 0.139609 0.330591
0 0.16365 0.836184 0.0257159 0.08651 0.314338
0 0.294842 0.634694 0.0120248 0.028725 0.311964
0 0.367193 0.870337 0.0377696 0.0686605 0.294786
0 0.414124 0.826367 0.0413603 0.157228 0.288329
0 0.0716453 0.764768 0.0361457 0.0936512 0.28781
0 0.502894 0.521633 0.0527691 0.179831 0.287311
0 0.409325 0.418846 0.0231593 0.114849 0.253218
