0 0.73019 0.318797 0.0389333 0.100337 0.767826
0 0.903102 0.325563 0.0369965 0.177807 0.647721
0 0.440382 0.348683 0.0347342 0.160315 0.640495
0 0.424891 0.609103 0.041196 0.178575 0.626193
0 0.841768 0.424629 0.0602965 0.153729 0.574346
0 0.632637 0.50135 0.0369101 0.190546 0.492972
0 0.703993 0.491346 0.0553504 0.185844 0.492135
0 0.67377 0.309389 0.0349084 0.137401 0.418142
0 0.878753 0.243941 0.0239713 0.0465248 0.364345
0 0.788004 0.430287 0.036348 0.153565 0.359612
0 0.484927 0.417797 0.0377541 0.192035 0.327527
0 0.404857 0.849544 0.036567 0.0577749 0.31691
0 0.311851 0.692096 0.0485618 0.17602 0.310916
0 0.662272 0.18842 0.0224805 0.0459115 0.276208
0 0.341375 0.819327 0.033563 0.109028 0.270387
0 0.942341 0.262984 0.0236503 0.0434406 0.268304
