0 0.494084 0.352022 0.0368475 0.179421 0.676525
0 0.296099 0.352 0.0388561 0.155995 0.640368
0 0.596653 0.60448 0.0382701 0.207954 0.628684
0 0.353948 0.44669 0.0574626 0.197139 0.601957
0 0.1999 0.541322 0.0435752 0.22884 0.540375
0 0.810707 0.499765 0.0481495 0.240601 0.529525
0 0.426129 0.259512 0.0252323 0.131675 0.484452
0 0.878021 0.750302 0.0306225 0.123348 0.467623
0 0.553014 0.388412 0.0418445 0.139876 0.456215
0 0.218897 0.33076 0.0250197 0.150614 0.427721
0 0.314626 0.269831 0.0223896 0.15033 0.424084
0 0.237619 0.222868 0.0256843 0.0645755 0.385277
0 0.0796306 0.261937 0.0190985 0.0475728 0.317448
0 0.574736 0.458981 0.0269152 0.159777 0.309758
0 0.189352 0.890168 0.0702405 0.219664 0.296248
0 0.558515 0.396712 0.0544756 0.146493 0.29612
0 0.562942 0.457088 0.0496282 0.175571 0.283702
0 0.551478 0.367668 0.0306324 0.0959814 0.281292
0 0.827665 0.79396 0.0390265 0.132097 0.275039
0 0.756529 0.795353 0.036704 0.150707 0.272206
0 0.65686 0.746194 0.0495189 0.258462 0.271846
