0 0.961033 0.328502 0.0352435 0.172638 0.796979
0 0.634377 0.336772 0.0455784 0.151839 0.749695
0 0.625293 0.676685 0.0546537 0.207834 0.657553
0 0.720269 0.301766 0.0222105 0.132546 0.624813
0 0.782897 0.301579 0.0407572 0.115065 0.596633
0 0.483077 0.326841 0.0288809 0.165174 0.540369
0 0.609521 0.790762 0.0571545 0.110169 0.487962
0 0.688517 0.399128 0.0403585 0.1877 0.473644
0 0.443895 0.381121 0.0352587 0.184877 0.465486
0 0.855521 0.211137 0.0280085 0.0522283 0.440787
0 0.705782 0.167765 0.0226861 0.0512759 0.367466
0 0.609415 0.807046 0.0651216 0.137719 0.365387
0 0.206237 0.29567 0.0237522 0.0671749 0.28386
0 0.576722 0.699566 0.049644 0.191301 0.267267
0 0.566632 0.700877 0.0739945 0.191904 0.265236
0 0.875729 0.174919 0.0229893 0.0617062 0.263036
