0 0.325825 0.57086 0.0545034 0.185801 0.783106
0 0.403313 0.420935 0.0374691 0.116166 0.755729
0 0.268501 0.651206 0.0516333 0.190884 0.661026
0 0.637369 0.56844 0.0486223 0.17565 0.646945
0 0.522541 0.347429 0.022864 0.113548 0.646046
0 0.450127 0.464368 0.0276315 0.0964568 0.570974
0 0.461004 0.586059 0.032164 0.163278 0.542682
0 0.492853 0.375595 0.0131954 0.0395922 0.538342
0 0.740321 0.719094 0.0411571 0.153437 0.467934
0 0.761163 0.803342 0.0353705 0.110484 0.421487
0 0.769375 0.766642 0.0159679 0.0349083 0.325047
0 0.828136 0.813732 0.0298092 0.111358 0.309795
0 0.108657 0.357787 0.0196896 0.0355035 0.271554
0 0.127914 0.345944 0.019149 0.049082 0.26386
