0 0.301425 0.270633 0.0226178 0.149762 0.688272
0 0.184923 0.479964 0.0399689 0.182426 0.630253
0 0.279928 0.342656 0.0393625 0.157842 0.607896
0 0.213643 0.316981 0.0293073 0.15498 0.602053
0 0.359326 0.429492 0.0469559 0.188739 0.592555
0 0.400974 0.324403 0.0312718 0.154028 0.58807
0 0.510298 0.512999 0.0533748 0.154036 0.421817
0 0.258084 0.214861 0.0212688 0.0406414 0.346289
0 0.672182 0.676865 0.0462755 0.235288 0.314206
0 0.814024 0.359906 0.0284366 0.0815622 0.302021
0 0.805603 0.782558 0.0372043 0.126654 0.292556
0 0.223008 0.223791 0.0285057 0.0582889 0.279375
