0 0.805807 0.39653 0.037429 0.160392 0.818365
0 0.913025 0.492776 0.0805506 0.158762 0.79325
0 0.381641 0.671603 0.0526165 0.172368 0.703281
0 0.588994 0.376069 0.0612393 0.110954 0.656674
0 0.728854 0.969486 0.0602586 0.0581726 0.634569
0 0.749197 0.303831 0.0429449 0.0976178 0.525571
0 0.523889 0.1533 0.0227798 0.0493089 0.462475
0 0.443841 0.442708 0.0314808 0.10235 0.454223
0 0.991217 0.273532 0.0169175 0.0426917 0.348811
0 0.925182 0.255425 0.0317383 0.0492497 0.341177
0 0.596483 0.170126 0.0259403 0.0414445 0.337519
0 0.141063 0.467846 0.0301539 0.110307 0.317677
0 0.88217 0.245089 0.0256847 0.044429 0.317542
0 0.633887 0.188246 0.0218158 0.0325509 0.304502
0 0.815918 0.22332 0.0239266 0.0534818 0.29112
0 0.470897 0.362265 0.02859 0.0781959 0.275019
0 0.394446 0.495146 0.0404473 0.116275 0.272725
0 0.738128 0.964285 0.0422101 0.0536487 0.268478
0 0.595606 0.360123 0.0462575 0.0801943 0.259218
0 0.957239 0.261936 0.0206077 0.0454823 0.25632
