0 0.83268 0.396445 0.0277893 0.157603 0.925318
0 0.675451 0.309306 0.0463772 0.117252 0.67093
0 0.753344 0.41731 0.0489488 0.135757 0.588709
0 0.306136 0.791978 0.0390469 0.118708 0.548443
0 0.602966 0.321518 0.042606 0.152491 0.530718
0 0.524334 0.476214 0.0583338 0.204586 0.469077
0 0.370549 0.587116 0.0370278 0.166283 0.435503
0 0.873199 0.334493 0.039699 0.148011 0.427331
0 0.367242 0.8529 0.0359248 0.0678224 0.404793
0 0.480784 0.4734 0.0358101 0.204025 0.333083
0 0.82057 0.243224 0.0247437 0.0480702 0.301743
0 0.940968 0.273393 0.0226318 0.0486416 0.296418
0 0.232633 0.83349 0.0274219 0.0751244 0.293424
0 0.906894 0.25984 0.0251815 0.0494957 0.267738
0 0.782971 0.234961 0.0260958 0.0393068 0.25995
