0 0.638699 0.345272 0.0512481 0.147029 0.816977
0 0.563757 0.816391 0.0380948 0.106874 0.688346
0 0.777792 0.303388 0.0400348 0.110097 0.667416
0 0.979109 0.353255 0.0417824 0.165942 0.652814
0 0.480804 0.316674 0.0272594 0.154251 0.643363
0 0.722365 0.432016 0.0583258 0.180735 0.549662
0 0.889224 0.227179 0.0265423 0.0458404 0.457689
0 0.738971 0.334999 0.0309351 0.162099 0.440718
0 0.589684 0.731278 0.0476212 0.224523 0.42612
0 0.606855 0.151406 0.0229967 0.0442446 0.418593
0 0.451262 0.392285 0.0448021 0.176752 0.38705
0 0.705241 0.174168 0.0248178 0.054087 0.382174
0 0.52107 0.756125 0.0688479 0.141544 0.380252
0 0.789202 0.20191 0.0329985 0.0498094 0.371344
0 0.932398 0.236971 0.0265491 0.0463628 0.362534
0 0.854586 0.218956 0.0286428 0.0489995 0.35451
0 0.652645 0.870148 0.016268 0.0429239 0.326759
0 0.537185 0.133914 0.0215429 0.0434963 0.309015
0 0.967455 0.24091 0.0254711 0.0584065 0.301505
0 0.785812 0.302775 0.0269383 0.113137 0.282643
0 0.962639 0.241695 0.02052 0.0518885 0.270065
0 0.77208 0.301952 0.0300411 0.106969 0.252454
