0 0.512286 0.350958 0.0257007 0.128811 0.788832
0 0.477518 0.490679 0.0337729 0.140952 0.667027
0 0.347119 0.577273 0.0383103 0.202068 0.607738
0 0.372595 0.390712 0.0465089 0.136417 0.595411
0 0.480927 0.331155 0.0208727 0.143995 0.574986
0 0.21724 0.68149 0.0455203 0.209169 0.49782
0 0.636701 0.576646 0.0474488 0.198405 0.400073
0 0.714994 0.737399 0.0630743 0.192818 0.389188
0 0.442353 0.593465 0.0410905 0.196732 0.389046
0 0.825675 0.630373 0.0234833 0.122039 0.382197
0 0.0856697 0.35065 0.0253417 0.0575969 0.340074
0 0.413587 0.426392 0.0422646 0.135587 0.29091
0 0.767352 0.841704 0.0340948 0.141663 0.262902
0 0.429221 0.217656 0.0205091 0.0626591 0.262563
0 0.912292 0.962561 0.033938 0.0722544 0.256378
