0 0.891158 0.500877 0.0791859 0.163803 0.79708
0 0.778501 0.411218 0.0627255 0.149374 0.628189
0 0.851396 0.250909 0.0261267 0.0545772 0.483186
0 0.816371 0.247757 0.0303659 0.052367 0.43663
0 0.993817 0.291317 0.0117579 0.0460933 0.411744
0 0.767343 0.298005 0.0383634 0.153621 0.376707
0 0.330468 0.463105 0.0408058 0.129899 0.375598
0 0.665436 0.205342 0.0234473 0.0437204 0.34181
0 0.374701 0.82654 0.0444444 0.0886947 0.317253
0 0.557236 0.175221 0.021463 0.0444566 0.310903
0 0.628683 0.195007 0.0255942 0.0403913 0.307272
0 0.425305 0.479326 0.0405203 0.0897277 0.299522
0 0.177148 0.614133 0.0453128 0.219208 0.288393
0 0.548677 0.38323 0.0621941 0.1536 0.288084
0 0.4119 0.843947 0.0251955 0.0503586 0.284009
0 0.917739 0.272802 0.0266548 0.0464018 0.272053
0 0.174471 0.478032 0.0287873 0.0916053 0.268995
0 0.455378 0.873949 0.016988 0.0277773 0.267459
0 0.817022 0.199048 0.0195336 0.0592409 0.265048
0 0.903551 0.227008 0.0244461 0.0657841 0.253008
