0 0.740241 0.69243 0.0569986 0.185304 0.811824
0 0.637582 0.362696 0.0483511 0.146901 0.749366
0 0.858742 0.296327 0.0449816 0.157527 0.672723
0 0.563364 0.346813 0.0434067 0.166156 0.640809
0 0.773788 0.309086 0.0444451 0.134731 0.57367
0 0.501148 0.748759 0.0376209 0.221729 0.573174
0 0.442058 0.343854 0.0300799 0.147012 0.530083
0 0.403124 0.834809 0.0356371 0.0721512 0.470238
0 0.606712 0.735532 0.0531838 0.2259 0.41112
0 0.649229 0.257545 0.0258742 0.119079 0.406808
0 0.821889 0.201913 0.0304314 0.057435 0.376073
0 0.440344 0.821264 0.0397452 0.114136 0.374514
0 0.79195 0.195207 0.0227726 0.0455149 0.359414
0 0.590327 0.612735 0.0371637 0.103551 0.331381
0 0.960245 0.238956 0.0235823 0.0468606 0.326521
0 0.450986 0.290558 0.013443 0.0493226 0.307751
0 0.394185 0.458361 0.0339221 0.205892 0.291507
0 0.851468 0.211522 0.0249889 0.0503046 0.267869
