0 0.479921 0.490603 0.0415221 0.150096 0.859366
0 0.218454 0.311356 0.0308277 0.137255 0.732199
0 0.363876 0.42803 0.0481592 0.194173 0.72805
0 0.192905 0.462353 0.0345984 0.172335 0.720001
0 0.204982 0.405781 0.0170933 0.0586299 0.606006
0 0.285047 0.336467 0.0330691 0.154486 0.593072
0 0.505849 0.363011 0.0438717 0.168462 0.465929
0 0.304985 0.265247 0.0210897 0.154584 0.402018
0 0.811 0.786174 0.0361299 0.143541 0.360281
0 0.676899 0.637033 0.0424692 0.227867 0.357088
0 0.394865 0.361711 0.0310077 0.153918 0.304289
0 0.193738 0.410688 0.0189823 0.0653412 0.296629
0 0.262756 0.210567 0.0218908 0.0415785 0.283317
