0 0.378809 0.305439 0.0245433 0.12583 0.716729
0 0.344676 0.818398 0.0331551 0.122985 0.662195
0 0.307087 0.518219 0.0330259 0.157378 0.657298
0 0.477564 0.53103 0.0569415 0.164224 0.647802
0 0.161818 0.488505 0.0300101 0.144347 0.638565
0 0.435764 0.364268 0.0316333 0.127489 0.612802
0 0.560345 0.368031 0.0319015 0.130669 0.588932
0 0.0545389 0.939925 0.0434857 0.118614 0.548557
0 0.67165 0.553716 0.0261073 0.181074 0.400518
0 0.533064 0.28968 0.010345 0.0341811 0.396612
0 0.739817 0.770233 0.0170691 0.0498698 0.386776
0 0.420862 0.554102 0.0342153 0.158531 0.338704
0 0.403862 0.295386 0.0174013 0.0679309 0.280138
