0 0.556323 0.812064 0.0400817 0.11386 0.822733
0 0.526353 0.733428 0.0605616 0.129063 0.700706
0 0.980311 0.362305 0.0385686 0.136383 0.651777
0 0.479237 0.327659 0.0442123 0.212723 0.633977
0 0.786578 0.361888 0.0457224 0.185745 0.612155
0 0.672769 0.347104 0.042094 0.149408 0.600358
0 0.743563 0.416948 0.0414482 0.173532 0.539249
0 0.605828 0.153921 0.0227006 0.0438361 0.45958
0 0.654682 0.661834 0.0505045 0.218386 0.429249
0 0.626305 0.61089 0.0425394 0.138936 0.322863
0 0.702429 0.17715 0.0257069 0.0564774 0.321384
0 0.993764 0.409622 0.0118921 0.060445 0.267113
0 0.871537 0.182 0.0239304 0.073732 0.255777
0 0.483211 0.826485 0.0494122 0.103237 0.253226
