0 0.418546 0.618476 0.0379917 0.223051 0.682015
0 0.324811 0.431611 0.0546002 0.176191 0.655797
0 0.312416 0.318537 0.0275206 0.0945281 0.654039
0 0.450916 0.569451 0.0421801 0.199628 0.380736
0 0.412184 0.435606 0.0353 0.12369 0.370126
0 0.246746 0.328593 0.0401037 0.165185 0.360045
0 0.828616 0.661087 0.0302247 0.161779 0.343811
0 0.375545 0.395036 0.0370268 0.178496 0.341853
0 0.411039 0.463811 0.0341608 0.177578 0.337205
0 0.204535 0.261525 0.024704 0.0418663 0.326948
0 0.537983 0.47931 0.0343844 0.19963 0.320449
0 0.371176 0.208616 0.0244258 0.0547142 0.311475
0 0.88071 0.646185 0.0372841 0.0949381 0.257209
0 0.142063 0.250087 0.0284404 0.144085 0.253658
0 0.164262 0.272823 0.0268874 0.0503483 0.250865
