0 0.812947 0.420532 0.0408251 0.147772 0.769208
0 0.563566 0.865076 0.0308056 0.083298 0.657289
0 0.47494 0.427184 0.0232711 0.122672 0.633612
0 0.337412 0.587058 0.0355181 0.165603 0.615844
0 0.263389 0.639816 0.0337865 0.179081 0.593551
0 0.581335 0.335196 0.03309 0.150939 0.589628
0 0.871858 0.345137 0.0256764 0.135804 0.584238
0 0.652035 0.314553 0.0497115 0.111646 0.57719
0 0.476497 0.576066 0.0334768 0.202579 0.567187
0 0.894025 0.267013 0.0211029 0.0436691 0.550497
0 0.733212 0.427822 0.0494129 0.135189 0.545751
0 0.457692 0.406602 0.0255297 0.101892 0.524818
0 0.338729 0.862039 0.0377943 0.0958106 0.49398
0 0.74403 0.426485 0.072405 0.133089 0.477089
0 0.269966 0.788284 0.0390046 0.128529 0.396886
0 0.77557 0.239027 0.0252115 0.0437048 0.345403
0 0.272527 0.808707 0.037771 0.164904 0.283282
