0 0.409903 0.606853 0.0380803 0.214281 0.699351
0 0.430681 0.468089 0.0412001 0.19952 0.657481
0 0.350984 0.378663 0.0485344 0.166196 0.582212
0 0.196583 0.242957 0.0191677 0.0447619 0.545925
0 0.271925 0.441569 0.0542321 0.203755 0.533869
0 0.246966 0.355651 0.0295129 0.147143 0.453545
0 0.409475 0.5655 0.0350797 0.127102 0.414652
0 0.224432 0.314332 0.0286424 0.162695 0.405977
0 0.58222 0.608315 0.0605907 0.207339 0.403689
0 0.293325 0.473194 0.0127773 0.0380057 0.384633
0 0.2337 0.229954 0.0217114 0.0539352 0.374487
0 0.497077 0.228167 0.020374 0.144087 0.295395
0 0.366383 0.588757 0.0421126 0.190572 0.274513
0 0.128035 0.234228 0.0211552 0.141027 0.265762
0 0.843256 0.650866 0.0306153 0.169081 0.263333
