0 0.488515 0.402685 0.0407835 0.171006 0.614974
0 0.567238 0.514661 0.0299921 0.184643 0.614341
0 0.295519 0.387611 0.0376825 0.149943 0.581566
0 0.271141 0.915629 0.050729 0.168742 0.5662
0 0.163243 0.386676 0.0314687 0.17517 0.521043
0 0.785716 0.572669 0.0263084 0.144904 0.470914
0 0.254138 0.24509 0.023226 0.046476 0.443729
0 0.460035 0.383299 0.0387655 0.196269 0.376862
0 0.377949 0.209943 0.0261466 0.0491646 0.368261
0 0.525192 0.616601 0.0452076 0.199953 0.331325
0 0.380271 0.505966 0.0505018 0.195596 0.328668
0 0.745918 0.824064 0.030629 0.113764 0.30993
0 0.298357 0.29202 0.0253369 0.125073 0.264891
0 0.218268 0.25401 0.0260593 0.0533778 0.251717
