0 0.84311 0.968712 0.0542415 0.0621089 0.778838
0 0.783369 0.368878 0.035687 0.160891 0.700588
0 0.606465 0.328496 0.0447461 0.122684 0.610413
0 0.726497 0.274916 0.0617762 0.111944 0.580746
0 0.300701 0.826096 0.0383315 0.114114 0.542393
0 0.902533 0.491008 0.0782188 0.173625 0.526538
0 0.448123 0.457491 0.0495307 0.118771 0.485316
0 0.365074 0.503534 0.0651627 0.159592 0.447518
0 0.456129 0.352165 0.0687582 0.158974 0.440192
0 0.338119 0.844865 0.0379248 0.0631689 0.42419
0 0.455254 0.453739 0.0341814 0.11449 0.404323
0 0.0811973 0.640975 0.0407553 0.11386 0.346622
0 0.197617 0.837982 0.0313719 0.0948926 0.335735
0 0.501785 0.14124 0.0248748 0.0367834 0.334741
0 0.0894934 0.753353 0.0270611 0.0912516 0.282239
0 0.592262 0.34622 0.0208031 0.0649576 0.278469
0 0.108135 0.785269 0.0287655 0.0972521 0.27246
