0 0.663941 0.462262 0.0476898 0.144104 0.855345
0 0.788162 0.443049 0.0338492 0.163442 0.744336
0 0.513375 0.351977 0.0223619 0.155845 0.716745
0 0.488001 0.52148 0.0483679 0.188893 0.568546
0 0.407398 0.811683 0.0435484 0.11161 0.531953
0 0.847529 0.366107 0.02813 0.116494 0.520834
0 0.373924 0.465534 0.0305376 0.173243 0.466799
0 0.59388 0.607059 0.0362561 0.194196 0.460748
0 0.469469 0.185561 0.021077 0.0481711 0.452442
0 0.088565 0.781887 0.0370667 0.114366 0.437244
0 0.69407 0.331257 0.0304209 0.146256 0.409808
0 0.282977 0.610261 0.0508705 0.202924 0.403981
0 0.343402 0.457533 0.0243677 0.170708 0.397617
0 0.154162 0.843624 0.033777 0.0784369 0.359183
0 0.692457 0.318557 0.0235857 0.120481 0.358501
0 0.249702 0.858732 0.0380662 0.114905 0.335766
0 0.156888 0.833781 0.0293536 0.0583779 0.313322
0 0.918902 0.268197 0.0207077 0.0421624 0.310012
0 0.775036 0.242898 0.0221653 0.0393177 0.305614
0 0.851385 0.350151 0.0209511 0.142172 0.295614
