0 0.527733 0.305869 0.0244064 0.143922 0.757562
0 0.418043 0.726109 0.0395231 0.156032 0.637493
0 0.749233 0.334167 0.0325479 0.125926 0.621452
0 0.389287 0.832608 0.0354465 0.0787491 0.58007
0 0.453301 0.345032 0.0484007 0.139316 0.564997
0 0.609036 0.430659 0.0493626 0.120425 0.521124
0 0.427589 0.561731 0.0415735 0.17974 0.499985
0 0.617963 0.24574 0.0309923 0.146323 0.471518
0 0.401869 0.397921 0.0277925 0.179212 0.43323
0 0.716708 0.285662 0.0450822 0.0928737 0.416087
0 0.795067 0.210574 0.0236279 0.0501378 0.394929
0 0.219486 0.451212 0.0386469 0.16864 0.325239
0 0.929349 0.244407 0.0221783 0.0420722 0.29885
0 0.442921 0.816502 0.0457697 0.123233 0.282563
0 0.585214 0.502263 0.0505503 0.154958 0.278126
0 0.163629 0.306741 0.0227312 0.0672658 0.27785
0 0.865664 0.227094 0.0258148 0.0474355 0.276865
0 0.64995 0.172318 0.0217514 0.0501963 0.275715
