0 0.157898 0.394711 0.027474 0.175771 0.63137
0 0.487883 0.415482 0.0412222 0.159302 0.630405
0 0.78515 0.581172 0.0266209 0.143551 0.584014
0 0.382385 0.514011 0.0501031 0.203031 0.52859
0 0.296069 0.392083 0.0396614 0.151844 0.516833
0 0.5632 0.525392 0.0346843 0.195175 0.502348
0 0.280606 0.919511 0.0365187 0.160977 0.499899
0 0.216931 0.259822 0.0267276 0.0580232 0.393582
0 0.251671 0.255538 0.023395 0.0466717 0.364388
0 0.456431 0.385837 0.0349491 0.188843 0.345957
0 0.515103 0.621703 0.0491149 0.205401 0.288287
0 0.417827 0.265206 0.0212086 0.163894 0.266683
