0 0.830542 0.408623 0.0256412 0.130483 0.91156
0 0.875805 0.332932 0.0260364 0.146811 0.74348
0 0.48658 0.395382 0.025706 0.0799778 0.605322
0 0.616098 0.869176 0.0309508 0.0729001 0.602887
0 0.426911 0.509221 0.0523428 0.188665 0.498077
0 0.747053 0.422969 0.0504797 0.140507 0.466399
0 0.47673 0.505648 0.0478496 0.188933 0.458807
0 0.362836 0.587041 0.0386366 0.165851 0.449356
0 0.930339 0.273133 0.0229059 0.0461585 0.428102
0 0.666285 0.307867 0.0437852 0.111823 0.408845
0 0.513987 0.426819 0.0289931 0.118666 0.336155
0 0.593943 0.325787 0.0430656 0.154677 0.334005
0 0.810384 0.242063 0.0254059 0.0489253 0.323469
0 0.361593 0.850705 0.0352718 0.0643288 0.322878
0 0.773545 0.234299 0.0277598 0.0408874 0.322665
0 0.270763 0.668631 0.0374317 0.203847 0.284023
0 0.322574 0.818032 0.0379335 0.102922 0.275752
0 0.898684 0.260519 0.023929 0.0515607 0.274293
0 0.301055 0.791462 0.03379 0.114889 0.266647
