0 0.634801 0.561902 0.0579206 0.229489 0.634497
0 0.556108 0.476798 0.0547876 0.17915 0.633032
0 0.489325 0.777229 0.060042 0.194641 0.529411
0 0.458734 0.502015 0.034813 0.210716 0.49744
0 0.497601 0.364795 0.0437832 0.157347 0.44597
0 0.425629 0.475615 0.0385809 0.106913 0.433518
0 0.435382 0.344862 0.0348931 0.157965 0.415173
0 0.462336 0.362077 0.045134 0.133672 0.388073
0 0.801407 0.915279 0.0460577 0.163588 0.370474
0 0.392076 0.21433 0.0283463 0.0503088 0.365492
0 0.425986 0.444152 0.0381451 0.166098 0.315791
0 0.0631169 0.239916 0.020898 0.0693891 0.295892
0 0.254425 0.253441 0.0257286 0.0471163 0.293631
