0 0.411335 0.38201 0.0271176 0.12522 0.728951
0 0.530643 0.33113 0.0261416 0.096937 0.687387
0 0.3867 0.4808 0.0319292 0.137865 0.628604
0 0.258099 0.545591 0.0597312 0.172051 0.610377
0 0.356915 0.346841 0.0208219 0.134776 0.57677
0 0.481334 0.532142 0.0372647 0.158808 0.527319
0 0.448548 0.8294 0.0345098 0.11727 0.42256
0 0.357011 0.570802 0.0321844 0.176028 0.398735
0 0.643801 0.540597 0.0265614 0.170488 0.328482
0 0.77182 0.660391 0.0371138 0.128815 0.310977
0 0.827003 0.744678 0.0282554 0.0904957 0.301489
