0 0.477208 0.526383 0.0590858 0.170414 0.708794
0 0.33188 0.818975 0.0317667 0.120489 0.70521
0 0.432632 0.362859 0.0247688 0.119543 0.655535
0 0.148348 0.475632 0.0230094 0.107379 0.621825
0 0.560983 0.367447 0.0340626 0.126294 0.608816
0 0.0585812 0.938717 0.0417446 0.121821 0.544258
0 0.297059 0.52253 0.0381019 0.151558 0.502442
0 0.742268 0.773171 0.0151792 0.0423317 0.485621
0 0.533091 0.294338 0.00990164 0.0248373 0.39807
0 0.673017 0.562172 0.0288731 0.172307 0.37535
0 0.376095 0.311013 0.0283145 0.125868 0.369308
0 0.14945 0.487438 0.0294589 0.129743 0.327762
0 0.543995 0.245579 0.0262853 0.101351 0.301077
0 0.743045 0.677599 0.0408344 0.187799 0.285109
0 0.421195 0.556971 0.0306255 0.151159 0.285016
