0 0.561847 0.474916 0.0525219 0.175418 0.735307
0 0.43555 0.425688 0.0434464 0.183823 0.543114
0 0.975723 0.726467 0.0472193 0.137943 0.515011
0 0.465608 0.780284 0.0410052 0.199992 0.508747
0 0.634423 0.563012 0.0534503 0.239417 0.497035
0 0.254711 0.250438 0.0251344 0.0501032 0.487646
0 0.803797 0.916372 0.0452108 0.161817 0.380019
0 0.468109 0.486592 0.0369449 0.221484 0.376753
0 0.393338 0.212136 0.0282551 0.0506961 0.373209
0 0.497771 0.370761 0.0498089 0.192339 0.36357
0 0.749096 0.371789 0.0314834 0.0838836 0.326269
0 0.0589115 0.23101 0.0279728 0.0865886 0.286955
0 0.434665 0.331785 0.0329834 0.106038 0.259094
