0 0.482363 0.354786 0.0483918 0.10312 0.810305
0 0.412737 0.255153 0.0336567 0.105411 0.757355
0 0.196557 0.56922 0.0353707 0.142181 0.692066
0 0.191767 0.877882 0.0520245 0.179329 0.681059
0 0.507525 0.600153 0.0454157 0.157091 0.655543
0 0.655183 0.629711 0.0326735 0.201869 0.595054
0 0.792833 0.77049 0.0162444 0.0350839 0.569432
0 0.356557 0.297126 0.0384828 0.128433 0.542927
0 0.862491 0.694735 0.0309689 0.122739 0.531618
0 0.591892 0.416985 0.0230577 0.14791 0.502735
0 0.679015 0.70833 0.0606989 0.174268 0.501299
0 0.96401 0.673584 0.0297364 0.0958155 0.482314
0 0.901826 0.559858 0.0333855 0.13936 0.47808
0 0.541833 0.243952 0.0343657 0.11169 0.466826
0 0.886949 0.699443 0.0301903 0.0952763 0.463105
0 0.041713 0.501258 0.0352885 0.15669 0.454207
0 0.932055 0.677474 0.0227675 0.0456152 0.419522
0 0.931244 0.705569 0.0323021 0.101286 0.417049
0 0.819991 0.826074 0.0322868 0.0980708 0.411505
0 0.109182 0.886126 0.034554 0.21106 0.373596
0 0.19906 0.577832 0.0466751 0.164598 0.361351
0 0.854948 0.772448 0.0395168 0.0836944 0.294309
0 0.442556 0.645299 0.0341386 0.179728 0.281546
0 0.433764 0.647311 0.0542632 0.185198 0.277828
0 0.868827 0.648321 0.0160664 0.0331835 0.275825
0 0.356837 0.291982 0.0299027 0.113729 0.275569
0 0.540815 0.238813 0.0271772 0.0968511 0.26885
