0 0.635313 0.341287 0.0472195 0.149552 0.779302
0 0.726916 0.317131 0.0233559 0.142351 0.746028
0 0.97071 0.341622 0.0252005 0.162692 0.72948
0 0.70806 0.413509 0.0376113 0.182671 0.708258
0 0.586709 0.805838 0.0685469 0.136819 0.69376
0 0.48216 0.321434 0.0285457 0.161925 0.658718
0 0.778904 0.301033 0.0446846 0.110085 0.554215
0 0.855253 0.21339 0.0276079 0.0514107 0.439319
0 0.327648 0.347233 0.037339 0.162727 0.402878
0 0.70634 0.170826 0.0244311 0.055263 0.366212
0 0.61581 0.678858 0.0677612 0.202953 0.327333
0 0.44606 0.387035 0.0356402 0.180147 0.317194
0 0.875163 0.178581 0.0231839 0.0666366 0.310421
0 0.932871 0.235155 0.0259602 0.0433954 0.294539
0 0.543591 0.764317 0.0767065 0.18148 0.291935
0 0.889651 0.223112 0.0263241 0.0493789 0.289243
0 0.585983 0.69493 0.0370548 0.175298 0.279142
