0 0.408427 0.609397 0.049808 0.228803 0.710453
0 0.492534 0.397512 0.0429682 0.207505 0.706937
0 0.402276 0.161684 0.0298125 0.0569415 0.592878
0 0.854944 0.947523 0.0443497 0.102766 0.515932
0 0.28463 0.300964 0.028317 0.181126 0.492125
0 0.89693 0.577296 0.0392742 0.230461 0.3967
0 0.53999 0.389386 0.037052 0.200962 0.375661
0 0.809591 0.961408 0.048223 0.0754284 0.374261
0 0.431122 0.154929 0.0228133 0.0509747 0.355959
0 0.220349 0.250177 0.0298457 0.148461 0.35519
0 0.388978 0.107791 0.0261246 0.0729661 0.354969
0 0.246449 0.273072 0.0405499 0.169572 0.348565
0 0.262073 0.198865 0.0229988 0.052053 0.3408
0 0.4323 0.804505 0.0627487 0.117743 0.328342
0 0.374412 0.162814 0.0263324 0.0654766 0.316065
0 0.962608 0.610346 0.0430664 0.112928 0.309269
0 0.578734 0.357042 0.0319231 0.204638 0.29937
0 0.0612258 0.172862 0.0293316 0.0805713 0.297136
0 0.762788 0.325036 0.0340574 0.0870122 0.293258
0 0.103978 0.240336 0.0206106 0.0517402 0.291367
0 0.281638 0.141698 0.0215412 0.0641889 0.287977
0 0.281691 0.157789 0.0223085 0.0886336 0.283604
0 0.848434 0.876603 0.0458851 0.130761 0.267101
0 0.9913 0.573399 0.0167377 0.195448 0.260823
