0 0.899279 0.517049 0.0538353 0.117661 0.851641
0 0.804619 0.395767 0.0390205 0.160806 0.668224
0 0.571802 0.396821 0.0732071 0.110188 0.546142
0 0.905529 0.504207 0.0613754 0.135359 0.530828
0 0.379157 0.485397 0.0416235 0.102551 0.521504
0 0.657872 0.741896 0.0621656 0.196879 0.511281
0 0.583181 0.396252 0.0483828 0.107872 0.501251
0 0.749332 0.295766 0.048338 0.128274 0.495977
0 0.898957 0.534698 0.0526672 0.0906787 0.48968
0 0.378266 0.661738 0.0428304 0.151035 0.428787
0 0.995809 0.742365 0.00775401 0.0730829 0.427674
0 0.704977 0.199511 0.0232559 0.0461436 0.406313
0 0.45117 0.401445 0.0714357 0.146715 0.388214
0 0.606948 0.175319 0.0244394 0.0467928 0.366711
0 0.180899 0.784573 0.03176 0.0848449 0.355784
0 0.15178 0.465608 0.0300249 0.096833 0.330453
0 0.153665 0.621329 0.0520836 0.239927 0.314086
0 0.760418 0.302874 0.0288828 0.112941 0.307218
0 0.367591 0.661205 0.0458769 0.151213 0.300752
0 0.307865 0.44276 0.0402599 0.116853 0.277712
0 0.392899 0.841247 0.0348099 0.0743247 0.263406
0 0.373577 0.775092 0.0295885 0.0710651 0.261316
0 0.534903 0.161925 0.0241321 0.0411566 0.259475
0 0.971391 0.269609 0.0187656 0.046107 0.25214
