0 0.398752 0.266468 0.0162005 0.0993352 0.742384
0 0.356115 0.296373 0.0269099 0.127434 0.725276
0 0.443876 0.359341 0.0372565 0.106184 0.723181
0 0.578159 0.387719 0.0241293 0.0948931 0.674293
0 0.491921 0.562168 0.0443016 0.227586 0.625315
0 0.0861836 0.897287 0.0341851 0.201988 0.478387
0 0.433847 0.591293 0.0399868 0.204368 0.472623
0 0.57791 0.400783 0.0272877 0.122607 0.467506
0 0.539894 0.242047 0.0240846 0.103673 0.46023
0 0.233027 0.866798 0.0760977 0.173549 0.41725
0 0.0660851 0.505809 0.0732278 0.135835 0.401466
0 0.83764 0.695856 0.0252409 0.118931 0.401151
0 0.079422 0.508834 0.0458709 0.129464 0.395893
0 0.224102 0.55298 0.0343005 0.14838 0.393958
0 0.767003 0.770876 0.0191259 0.0347537 0.35738
0 0.428472 0.467781 0.0302006 0.106137 0.343712
0 0.0640929 0.432914 0.0198674 0.0505026 0.316724
0 0.793537 0.823414 0.0322023 0.0951176 0.297625
0 0.659517 0.597211 0.0262697 0.192463 0.29498
0 0.791511 0.762195 0.0295675 0.0664608 0.281235
0 0.829142 0.778419 0.0375559 0.0691429 0.280951
