0 0.715484 0.297726 0.0283022 0.149803 0.77673
0 0.661329 0.311978 0.02664 0.12649 0.627122
0 0.443142 0.764376 0.0491844 0.215383 0.596605
0 0.572338 0.337419 0.0357164 0.136084 0.551047
0 0.794884 0.404423 0.025457 0.14037 0.485081
0 0.49387 0.383632 0.0462617 0.129793 0.407333
0 0.967987 0.298446 0.0238524 0.0448029 0.399883
0 0.212814 0.515724 0.0308218 0.165407 0.365563
0 0.465775 0.484316 0.0315738 0.167581 0.335265
0 0.437772 0.827817 0.0442986 0.101786 0.323666
0 0.800518 0.252059 0.0192776 0.0503794 0.316271
0 0.768435 0.249187 0.0231811 0.0491274 0.312619
0 0.861879 0.271847 0.0255262 0.0442342 0.298875
0 0.532039 0.425474 0.0324754 0.156221 0.298363
0 0.797113 0.253416 0.021556 0.0449092 0.290834
0 0.440769 0.739812 0.0533405 0.157017 0.262008
0 0.797577 0.376682 0.0213735 0.0855012 0.257912
0 0.828612 0.257567 0.0269566 0.04835 0.250614
