0 0.911994 0.328737 0.0401169 0.174711 0.750089
0 0.73719 0.313385 0.0375229 0.112295 0.693169
0 0.658934 0.52972 0.0492554 0.174652 0.645371
0 0.327081 0.706224 0.0713322 0.135592 0.61134
0 0.432823 0.617222 0.041629 0.161107 0.582177
0 0.672583 0.31449 0.0377334 0.139232 0.538393
0 0.344987 0.817479 0.037647 0.112427 0.537759
0 0.8181 0.412883 0.0321289 0.171986 0.501875
0 0.885159 0.243675 0.0278322 0.0497747 0.48692
0 0.772267 0.433855 0.0426377 0.172317 0.481625
0 0.668715 0.183633 0.0222565 0.0512937 0.460732
0 0.727257 0.538696 0.0457886 0.197204 0.434581
0 0.485062 0.397659 0.0333548 0.182265 0.405302
0 0.45212 0.335449 0.029607 0.167424 0.336165
0 0.370126 0.821207 0.0347859 0.105471 0.320646
0 0.572759 0.165592 0.0240799 0.0382819 0.304531
0 0.500662 0.830346 0.0447531 0.0986724 0.301051
0 0.991934 0.708616 0.0155979 0.0939947 0.282552
0 0.267195 0.837667 0.0325073 0.0863117 0.252403
