0 0.704314 0.348314 0.0240807 0.136554 0.626341
0 0.741767 0.319344 0.0289915 0.154606 0.584604
0 0.577566 0.375786 0.0502266 0.149514 0.573405
0 0.455016 0.842879 0.0410051 0.0874818 0.563773
0 0.820336 0.43111 0.0350754 0.130957 0.543239
0 0.475306 0.774181 0.0487824 0.211402 0.515616
0 0.826735 0.271412 0.0252041 0.0485082 0.504154
0 0.481017 0.454224 0.0410503 0.179257 0.477025
0 0.891475 0.290148 0.028693 0.0483128 0.385562
0 0.470836 0.395471 0.0201072 0.0642695 0.35886
0 0.423346 0.506626 0.0366738 0.165039 0.336583
0 0.208771 0.553766 0.0372291 0.185316 0.32831
0 0.707787 0.236142 0.0229366 0.0472696 0.321914
0 0.876556 0.244066 0.024234 0.0635129 0.317103
0 0.35518 0.477996 0.041674 0.0999327 0.298253
0 0.542589 0.197292 0.0228329 0.0436549 0.29639
0 0.859121 0.279261 0.0306423 0.0580308 0.28129
0 0.823912 0.274502 0.0225136 0.0445661 0.276959
