0 0.319327 0.212087 0.0247303 0.154544 0.767516
0 0.211193 0.474578 0.0427275 0.196619 0.679198
0 0.208048 0.291273 0.0405671 0.157955 0.655131
0 0.488497 0.310638 0.0401086 0.175104 0.624742
0 0.376202 0.361004 0.0382247 0.150568 0.607582
0 0.585539 0.391006 0.0379823 0.176269 0.579567
0 0.45759 0.442916 0.0421459 0.116834 0.528969
0 0.619526 0.385917 0.0291828 0.144281 0.486151
0 0.443025 0.552181 0.0324889 0.138743 0.459566
0 0.243198 0.160745 0.0257588 0.0521631 0.449651
0 0.435417 0.54969 0.0494954 0.147999 0.428724
0 0.758011 0.763357 0.0347632 0.0870376 0.374145
0 0.277163 0.157203 0.0225163 0.041096 0.357413
0 0.752162 0.730415 0.0393829 0.145735 0.332705
0 0.0130739 0.225594 0.0245332 0.0589712 0.3269
0 0.317339 0.114579 0.0163816 0.0714156 0.275641
0 0.825553 0.727784 0.0340656 0.126023 0.266086
