0 0.711782 0.294093 0.0285559 0.149536 0.798249
0 0.571255 0.333738 0.0296903 0.126605 0.738739
0 0.654483 0.305268 0.0328264 0.128212 0.662997
0 0.438021 0.751446 0.0497053 0.187247 0.567479
0 0.78901 0.382113 0.0273602 0.139693 0.556898
0 0.542298 0.44204 0.0298058 0.184362 0.505427
0 0.49329 0.379191 0.0445078 0.127542 0.443317
0 0.678242 0.218095 0.0223821 0.0508486 0.430624
0 0.793149 0.248259 0.0238157 0.0473026 0.336186
0 0.857836 0.266489 0.0267472 0.0474308 0.334614
0 0.897703 0.276608 0.0250286 0.0461951 0.292837
0 0.351916 0.830698 0.0343548 0.0793886 0.288627
0 0.823716 0.257692 0.0289282 0.0505638 0.2839
0 0.279096 0.863466 0.0297838 0.084583 0.281586
0 0.441724 0.403531 0.0255819 0.113791 0.274877
