0 0.852633 0.35204 0.0313644 0.144406 0.717813
0 0.271584 0.630845 0.0348311 0.1826 0.69736
0 0.681955 0.442297 0.0408729 0.133194 0.600707
0 0.537511 0.3478 0.0264992 0.155678 0.573667
0 0.679552 0.322038 0.0341002 0.128273 0.554819
0 0.297163 0.566074 0.0332295 0.168873 0.517599
0 0.400155 0.460791 0.026958 0.179534 0.499889
0 0.583721 0.619909 0.0691243 0.184876 0.447035
0 0.116333 0.775859 0.0372487 0.0971058 0.402679
0 0.950361 0.278328 0.0199369 0.0402552 0.400003
0 0.804961 0.247637 0.0220173 0.044019 0.386114
0 0.49608 0.525027 0.0281639 0.182299 0.385829
0 0.208997 0.81307 0.0413526 0.160724 0.37417
0 0.437909 0.8353 0.0293312 0.0576361 0.3218
0 0.975309 0.279372 0.0215298 0.047702 0.319557
0 0.496374 0.185445 0.0203358 0.0485358 0.311959
0 0.407214 0.17361 0.0208849 0.0442923 0.276287
0 0.795849 0.446708 0.0419798 0.172375 0.269876
0 0.374414 0.448925 0.0296855 0.172619 0.254512
