0 0.579193 0.421234 0.0377713 0.172381 0.796485
0 0.323187 0.367559 0.0331314 0.147115 0.653057
0 0.216872 0.303653 0.0302198 0.137666 0.623147
0 0.20895 0.45546 0.0453199 0.174664 0.62122
0 0.38398 0.485555 0.0331194 0.209169 0.539236
0 0.313405 0.241539 0.022121 0.150568 0.527531
0 0.498532 0.343085 0.043647 0.168344 0.509976
0 0.414848 0.460555 0.0419927 0.197432 0.408521
0 0.65641 0.456436 0.0413098 0.149732 0.351773
0 0.480102 0.314867 0.0413093 0.136753 0.288149
0 0.0398698 0.245046 0.0225431 0.0421906 0.287018
0 0.491073 0.340397 0.0601581 0.174693 0.277875
0 0.740198 0.849886 0.0410833 0.107817 0.272929
0 0.0111322 0.252995 0.0214057 0.0561163 0.27123
0 0.384556 0.462946 0.0269679 0.160235 0.265046
0 0.820601 0.748835 0.0363333 0.116079 0.264873
0 0.898809 0.901873 0.0368227 0.119044 0.26432
0 0.193086 0.84821 0.0602261 0.239663 0.252952
0 0.775914 0.850773 0.0455256 0.15642 0.252891
