0 0.662597 0.306786 0.0301124 0.133691 0.722501
0 0.816771 0.418014 0.0331364 0.14963 0.627306
0 0.726229 0.423208 0.0507572 0.142418 0.620646
0 0.572338 0.338112 0.0424083 0.148713 0.583629
0 0.260939 0.63931 0.0406879 0.163183 0.577747
0 0.332168 0.58188 0.0352572 0.167008 0.576944
0 0.869575 0.339889 0.0442337 0.161307 0.509941
0 0.462479 0.453342 0.029508 0.181734 0.508335
0 0.544086 0.861508 0.0296935 0.0896428 0.507057
0 0.501199 0.588319 0.0653545 0.191683 0.405702
0 0.728157 0.229307 0.0224425 0.0428543 0.38109
0 0.446569 0.427045 0.0261097 0.145295 0.378297
0 0.403703 0.873522 0.0365589 0.0706263 0.358147
0 0.447606 0.397704 0.0241688 0.0847716 0.341621
0 0.26378 0.805055 0.0353051 0.155625 0.325845
0 0.504752 0.518714 0.0289438 0.179952 0.323054
0 0.328646 0.85745 0.0382161 0.101479 0.265222
0 0.429237 0.833026 0.0374415 0.140295 0.260551
0 0.764381 0.235149 0.0244034 0.041915 0.258052
