0 0.457192 0.774643 0.0557743 0.215245 0.786971
0 0.730552 0.310878 0.0282835 0.156137 0.776344
0 0.579008 0.370019 0.0441834 0.143004 0.773649
0 0.808832 0.421557 0.0274033 0.13934 0.675196
0 0.685964 0.334635 0.0227648 0.139318 0.640313
0 0.512416 0.449842 0.051207 0.169102 0.633315
0 0.697016 0.233204 0.0234003 0.0476281 0.534461
0 0.879153 0.281479 0.0279175 0.0522763 0.494267
0 0.481274 0.407088 0.0335632 0.132927 0.46708
0 0.81522 0.266872 0.0218246 0.0441373 0.430601
0 0.435704 0.374315 0.0258588 0.100015 0.40718
0 0.215415 0.543414 0.0431907 0.159547 0.404304
0 0.394096 0.473654 0.0259208 0.161836 0.402786
0 0.44659 0.836444 0.0436438 0.0950481 0.369179
0 0.846169 0.275635 0.0321424 0.0558422 0.300032
0 0.989924 0.315305 0.0194031 0.04285 0.286199
