0 0.625632 0.258895 0.0325409 0.15447 0.684401
0 0.759651 0.353063 0.0351349 0.143967 0.6828
0 0.706828 0.28111 0.029485 0.139149 0.598153
0 0.546303 0.309592 0.0254143 0.124692 0.585924
0 0.430362 0.745422 0.0409557 0.182918 0.556256
0 0.582308 0.45407 0.0611193 0.140216 0.489984
0 0.573756 0.443041 0.0428326 0.116798 0.440673
0 0.47697 0.357514 0.0565971 0.131455 0.438654
0 0.422542 0.557311 0.0419859 0.203135 0.412042
0 0.800917 0.22792 0.0278874 0.0539782 0.388108
0 0.464005 0.316119 0.0158784 0.0491663 0.372529
0 0.833444 0.239116 0.0251159 0.046223 0.371396
0 0.536487 0.48259 0.0294533 0.120373 0.354441
0 0.539299 0.40904 0.0262074 0.0636392 0.34682
0 0.543236 0.446795 0.0222817 0.104708 0.346656
0 0.657161 0.19087 0.0227457 0.0499953 0.334762
0 0.874622 0.24672 0.0258796 0.0502466 0.325978
0 0.419976 0.4075 0.0298904 0.152788 0.307057
0 0.546081 0.328128 0.0250964 0.0884439 0.296308
0 0.461696 0.323074 0.0211856 0.0645281 0.279055
0 0.530062 0.48487 0.0426147 0.119111 0.254118
0 0.49534 0.157498 0.0207699 0.041933 0.250604
