0 0.510907 0.328618 0.0418424 0.123095 0.836008
0 0.444404 0.245114 0.0329981 0.102045 0.678668
0 0.107222 0.883969 0.0437332 0.185101 0.643684
0 0.918239 0.593173 0.0383375 0.148228 0.620728
0 0.631375 0.741982 0.0622917 0.176207 0.589398
0 0.494701 0.611954 0.0465204 0.176148 0.538674
0 0.642193 0.70962 0.0343106 0.128295 0.525011
0 0.149175 0.853032 0.036721 0.220522 0.503327
0 0.425667 0.692409 0.0483856 0.213927 0.493462
0 0.133652 0.615014 0.0361883 0.1727 0.489072
0 0.345971 0.275279 0.0274377 0.148482 0.438846
0 0.91348 0.707624 0.0324976 0.119095 0.422752
0 0.644052 0.609501 0.0255766 0.131046 0.418023
0 0.605868 0.805479 0.0150367 0.0522957 0.396943
0 0.611547 0.433183 0.02825 0.154081 0.381044
0 0.879433 0.828695 0.0306328 0.098732 0.342875
0 0.949806 0.714298 0.0305363 0.107112 0.333903
0 0.988879 0.718233 0.0216514 0.114177 0.320354
0 0.231787 0.210761 0.0199321 0.0369604 0.262514
0 0.644631 0.727177 0.0347813 0.162034 0.250724
