0 0.730133 0.31891 0.0392266 0.0989048 0.770976
0 0.844182 0.427362 0.061502 0.15242 0.57663
0 0.440258 0.351216 0.0352646 0.166385 0.576331
0 0.424235 0.607765 0.0410867 0.17343 0.567089
0 0.902162 0.324749 0.0372501 0.180132 0.533819
0 0.702828 0.491126 0.0571984 0.187888 0.474915
0 0.674444 0.308968 0.0352806 0.137912 0.457251
0 0.630261 0.495996 0.0341627 0.184823 0.451445
0 0.87769 0.242866 0.0266087 0.0487859 0.421909
0 0.788123 0.426652 0.0365833 0.144565 0.418374
0 0.484824 0.418752 0.037321 0.193383 0.326629
0 0.404395 0.849906 0.0370005 0.0581521 0.317893
0 0.311971 0.691091 0.0470298 0.180426 0.304318
0 0.497466 0.149721 0.0192475 0.0430029 0.251858
