0 0.0522719 0.940866 0.0441143 0.117886 0.70515
0 0.437008 0.364732 0.0347513 0.127158 0.66739
0 0.165058 0.485371 0.0329031 0.139511 0.656925
0 0.476552 0.528667 0.0528615 0.167284 0.64737
0 0.379403 0.303875 0.0221095 0.130642 0.638204
0 0.402171 0.280527 0.0205421 0.0978972 0.604228
0 0.556977 0.366819 0.0336023 0.130829 0.535374
0 0.310395 0.516524 0.0308567 0.162206 0.493733
0 0.538828 0.282933 0.0217694 0.0438605 0.419641
0 0.672326 0.552792 0.0230408 0.182421 0.41191
0 0.420359 0.551547 0.033311 0.162418 0.383288
0 0.349733 0.8187 0.0306517 0.119798 0.36746
0 0.541751 0.247902 0.0254084 0.110979 0.327565
0 0.752825 0.665519 0.0323164 0.173362 0.276851
0 0.159213 0.441694 0.0189194 0.0523596 0.274708
