0 0.290382 0.161805 0.0422194 0.164016 0.718176
0 0.197775 0.215888 0.0446907 0.189091 0.684452
0 0.540436 0.372421 0.0419266 0.226286 0.640971
0 0.226453 0.0991481 0.028778 0.063726 0.593809
0 0.466205 0.560482 0.0539041 0.204654 0.510789
0 0.440702 0.740388 0.0467533 0.267387 0.473478
0 0.882431 0.489617 0.0319641 0.1697 0.457275
0 0.264621 0.0905916 0.0249897 0.0478464 0.392141
0 0.267076 0.0385246 0.0199026 0.0616538 0.366686
0 0.572173 0.288524 0.0350306 0.190483 0.34208
0 0.586184 0.292532 0.0486442 0.190224 0.305738
0 0.334795 0.830405 0.0569717 0.101191 0.280432
0 0.40228 0.0513093 0.0263528 0.0507782 0.278377
0 0.886593 0.741057 0.0354942 0.143929 0.268533
0 0.349135 0.0652024 0.0272065 0.0563245 0.255107
