0 0.566341 0.324143 0.0370413 0.121913 0.881699
0 0.411532 0.548571 0.0356237 0.169823 0.729053
0 0.0431785 0.649596 0.0393735 0.172633 0.670548
0 0.30812 0.65033 0.0653587 0.193056 0.621992
0 0.51274 0.225085 0.0235183 0.116755 0.620523
0 0.655977 0.433989 0.0588943 0.161072 0.57524
0 0.512566 0.773321 0.0744766 0.171791 0.513715
0 0.527012 0.77458 0.046725 0.17404 0.47463
0 0.34891 0.262419 0.0206694 0.096382 0.461075
0 0.348997 0.278307 0.0227208 0.119128 0.387034
0 0.622224 0.638135 0.0414034 0.193938 0.34184
0 0.261837 0.844987 0.0363528 0.152406 0.333694
0 0.343075 0.281657 0.0352466 0.126295 0.263011
0 0.906717 0.75749 0.0731817 0.181441 0.261608
0 0.56153 0.320807 0.0265907 0.112169 0.259935
