0 0.432912 0.364843 0.0232141 0.119536 0.805022
0 0.29217 0.523451 0.0460221 0.150089 0.589849
0 0.559141 0.371866 0.0448597 0.131103 0.554681
0 0.316534 0.821514 0.0337265 0.11683 0.525397
0 0.0624185 0.937894 0.037135 0.124211 0.518119
0 0.477443 0.52037 0.055822 0.178461 0.503287
0 0.138475 0.491151 0.0329628 0.135945 0.460876
0 0.745049 0.771665 0.0139325 0.0457666 0.45041
0 0.372964 0.31069 0.0352086 0.128734 0.426681
0 0.545589 0.246773 0.0257473 0.101877 0.370454
0 0.735783 0.678412 0.0472939 0.168637 0.352848
0 0.421763 0.560118 0.0283676 0.15702 0.347404
0 0.672004 0.579242 0.0365674 0.18723 0.323268
0 0.567083 0.372803 0.0283793 0.129539 0.290452
0 0.399606 0.285794 0.0175463 0.0769677 0.254153
