0 0.580566 0.413734 0.0344438 0.169332 0.800111
0 0.334616 0.365793 0.0326052 0.148467 0.723689
0 0.313971 0.239 0.0223395 0.149693 0.606602
0 0.209784 0.447392 0.0449233 0.187297 0.605952
0 0.214064 0.29629 0.0283698 0.136328 0.539313
0 0.488698 0.336548 0.0620308 0.180062 0.482493
0 0.24046 0.18715 0.0253229 0.0525589 0.465937
0 0.272629 0.181443 0.0212784 0.0428323 0.457821
0 0.648246 0.445472 0.0476778 0.171755 0.444208
0 0.384398 0.498947 0.0398966 0.19242 0.439337
0 0.420073 0.464657 0.0512907 0.203394 0.351065
0 0.418962 0.420021 0.0484627 0.112858 0.279893
0 0.899389 0.888373 0.0345265 0.0986459 0.259531
0 0.741865 0.851365 0.0376829 0.112613 0.257268
