0 0.551513 0.794347 0.0655909 0.166272 0.842292
0 0.743582 0.418739 0.0375769 0.169276 0.7186
0 0.797826 0.387959 0.0391418 0.157451 0.676624
0 0.680297 0.353354 0.0283646 0.157668 0.672904
0 0.477948 0.303773 0.0312151 0.156863 0.627158
0 0.523116 0.701398 0.0524411 0.139183 0.578317
0 0.487347 0.352858 0.0391935 0.166382 0.573433
0 0.532519 0.701126 0.0346466 0.13784 0.560572
0 0.605118 0.151756 0.024933 0.0504518 0.484104
0 0.70152 0.178056 0.0266262 0.056048 0.398257
0 0.980672 0.355721 0.0379626 0.169298 0.387475
0 0.924472 0.236764 0.0283161 0.055572 0.337991
0 0.884813 0.231989 0.0296501 0.0420431 0.336025
0 0.492467 0.825842 0.0448438 0.0993268 0.32599
0 0.353415 0.312616 0.0297861 0.134819 0.309097
0 0.689823 0.644747 0.0594657 0.220193 0.276163
0 0.87038 0.182427 0.0229269 0.0652915 0.275187
0 0.492601 0.349483 0.0298459 0.157705 0.262298
0 0.639742 0.164928 0.0225264 0.0400373 0.260557
0 0.396007 0.820916 0.0361467 0.110708 0.259452
