0 0.826624 0.40899 0.0296986 0.132109 0.828542
0 0.594595 0.86694 0.0319841 0.0731881 0.766695
0 0.657483 0.314854 0.0506523 0.11195 0.687567
0 0.590056 0.32791 0.0359189 0.137259 0.630563
0 0.442348 0.834971 0.0417332 0.132824 0.564357
0 0.87145 0.341205 0.0366762 0.149858 0.547007
0 0.351831 0.858987 0.0368733 0.0813969 0.546433
0 0.742438 0.428708 0.06439 0.140504 0.523332
0 0.477703 0.399446 0.0240816 0.0870579 0.520701
0 0.290321 0.793554 0.0310551 0.13033 0.490661
0 0.352014 0.588722 0.0371038 0.165041 0.488585
0 0.476069 0.421811 0.026097 0.128664 0.395734
0 0.798727 0.24132 0.0257445 0.0468564 0.356528
0 0.267965 0.663559 0.0428308 0.207249 0.35372
0 0.917034 0.270531 0.0222935 0.0428044 0.350696
0 0.443962 0.540993 0.0349251 0.203913 0.313475
0 0.991153 0.193068 0.0169755 0.0478832 0.256242
0 0.63147 0.220382 0.0211707 0.120825 0.253061
