0 0.272318 0.632205 0.0443504 0.202108 0.708848
0 0.855555 0.349695 0.0252743 0.148039 0.702393
0 0.585014 0.619847 0.0629785 0.183058 0.645459
0 0.685723 0.439122 0.0515691 0.142476 0.547699
0 0.677235 0.322533 0.0348406 0.121245 0.546078
0 0.405825 0.457081 0.0286253 0.172586 0.525098
0 0.213409 0.809877 0.0379555 0.158252 0.471466
0 0.494885 0.524289 0.0318218 0.18344 0.446986
0 0.541608 0.35415 0.0275122 0.151112 0.443019
0 0.448103 0.835892 0.0277266 0.056439 0.438779
0 0.811296 0.249412 0.0216896 0.0481832 0.43179
0 0.797878 0.438754 0.0428717 0.163109 0.406252
0 0.957797 0.280367 0.0207872 0.0400956 0.349543
0 0.243564 0.838047 0.0332815 0.118759 0.344395
0 0.300551 0.56284 0.034231 0.168916 0.343587
0 0.0526258 0.760078 0.0307941 0.0713132 0.327828
0 0.121964 0.776163 0.0372722 0.0948845 0.306113
0 0.277544 0.863572 0.0373861 0.124444 0.264639
0 0.382732 0.442387 0.021679 0.160865 0.260055
0 0.661628 0.223555 0.0233217 0.039357 0.258273
