0 0.417574 0.485548 0.0451257 0.16145 0.788433
0 0.200898 0.452335 0.0425464 0.178272 0.664785
0 0.293259 0.349896 0.0338094 0.141496 0.615196
0 0.3807 0.428973 0.0351352 0.14606 0.566384
0 0.387073 0.351694 0.0280262 0.0987008 0.47317
0 0.680492 0.572188 0.0334844 0.222528 0.462623
0 0.225599 0.298969 0.0352398 0.148426 0.446928
0 0.312581 0.258998 0.0217614 0.150084 0.400133
0 0.483215 0.390898 0.0369934 0.114055 0.36037
0 0.549908 0.404676 0.0332731 0.10998 0.339383
0 0.816619 0.776797 0.0377617 0.133497 0.327776
0 0.189114 0.867105 0.0613972 0.234314 0.265495
0 0.894955 0.911514 0.0326248 0.0962633 0.251214
