0 0.660146 0.312567 0.0469651 0.11129 0.796119
0 0.825207 0.406337 0.0353224 0.140049 0.785196
0 0.591179 0.323103 0.0394916 0.146515 0.608123
0 0.478358 0.419099 0.0321775 0.129179 0.605476
0 0.874145 0.338797 0.0296268 0.149184 0.596327
0 0.482781 0.51021 0.0584005 0.189819 0.579643
0 0.92219 0.272227 0.0209484 0.0463545 0.550536
0 0.355136 0.587439 0.0376084 0.165308 0.541465
0 0.480068 0.406616 0.0264349 0.100477 0.529068
0 0.742039 0.424861 0.0580015 0.139645 0.514685
0 0.293166 0.793244 0.0331365 0.131901 0.49764
0 0.502554 0.428619 0.026721 0.124882 0.466449
0 0.355573 0.848153 0.035877 0.0592382 0.357926
0 0.267691 0.660749 0.042344 0.199288 0.357579
0 0.320673 0.820548 0.0318107 0.108753 0.336672
0 0.765194 0.234216 0.0262056 0.0399607 0.315355
0 0.504202 0.451343 0.0303774 0.170065 0.312636
0 0.438856 0.530071 0.0361339 0.208048 0.307228
0 0.803865 0.242046 0.0225262 0.0461663 0.276138
