0 0.511471 0.360389 0.0412474 0.094301 0.869991
0 0.42903 0.246547 0.0181995 0.118977 0.759596
0 0.50801 0.613671 0.0512301 0.160016 0.71707
0 0.658718 0.616391 0.0275531 0.146397 0.660919
0 0.17057 0.603495 0.0275071 0.159587 0.654134
0 0.449623 0.685295 0.0599644 0.186803 0.607326
0 0.130798 0.881365 0.035664 0.217775 0.575675
0 0.887616 0.698523 0.0347851 0.107672 0.559653
0 0.661922 0.716867 0.0674095 0.191925 0.552174
0 0.355908 0.297002 0.0297367 0.120058 0.551517
0 0.916502 0.577612 0.0312107 0.151593 0.548576
0 0.0194953 0.505188 0.0363158 0.150339 0.538661
0 0.990305 0.680413 0.0186787 0.107672 0.518245
0 0.542354 0.239153 0.0273521 0.110526 0.416604
0 0.913966 0.712427 0.0309898 0.103861 0.391475
0 0.603568 0.440768 0.0281023 0.151961 0.357476
0 0.659587 0.581119 0.025387 0.0759169 0.344298
0 0.196102 0.233448 0.0210154 0.0352647 0.331669
0 0.160122 0.884515 0.041223 0.176611 0.31403
0 0.847063 0.830814 0.0330333 0.0979065 0.293523
0 0.958312 0.712943 0.0266409 0.101622 0.267145
0 0.170894 0.230965 0.0195335 0.0440729 0.255363
