0 0.661725 0.46343 0.0469366 0.144808 0.829793
0 0.787621 0.443844 0.0347546 0.161735 0.731601
0 0.511735 0.351218 0.0210207 0.154639 0.703519
0 0.848485 0.352089 0.0243698 0.148503 0.60731
0 0.40623 0.813418 0.0477212 0.114328 0.538815
0 0.597829 0.607885 0.0435589 0.193023 0.455172
0 0.693412 0.323665 0.0234981 0.129571 0.407208
0 0.69389 0.335651 0.0285914 0.15339 0.394629
0 0.279384 0.615425 0.0595476 0.200447 0.367328
0 0.371458 0.470855 0.0288492 0.183149 0.34696
0 0.155879 0.830771 0.0290506 0.0546293 0.346743
0 0.488523 0.520627 0.0464026 0.190375 0.330791
0 0.772417 0.24233 0.0217132 0.0388462 0.328716
0 0.0858616 0.778391 0.0344376 0.102763 0.325975
0 0.152937 0.836776 0.0337088 0.0670425 0.310708
0 0.465503 0.183974 0.0194139 0.0531533 0.256953
