0 0.475837 0.282684 0.0322311 0.161165 0.722837
0 0.199946 0.268615 0.0384747 0.158212 0.665879
0 0.200023 0.474981 0.0433867 0.197367 0.652116
0 0.437307 0.333643 0.0476389 0.148086 0.608803
0 0.586473 0.357741 0.0449599 0.192279 0.589047
0 0.24044 0.134827 0.0259819 0.0528711 0.522937
0 0.471508 0.432877 0.0563778 0.169771 0.521695
0 0.31908 0.184558 0.0247149 0.162779 0.472959
0 0.274556 0.128497 0.0230484 0.0474183 0.463643
0 0.405059 0.594728 0.0338741 0.186866 0.423737
0 0.501088 0.236143 0.0387331 0.140119 0.415656
0 0.449421 0.625609 0.0460126 0.254209 0.367815
0 0.20227 0.812582 0.070498 0.22121 0.309935
0 0.840361 0.71416 0.0338837 0.122886 0.272802
0 0.852824 0.284769 0.0289669 0.0795248 0.252598
