0 0.514226 0.331773 0.0402941 0.11875 0.756135
0 0.443372 0.248428 0.0324051 0.0949974 0.691759
0 0.111188 0.882676 0.0552296 0.191061 0.662757
0 0.647385 0.744369 0.0301438 0.162374 0.547781
0 0.645034 0.615896 0.0292791 0.148604 0.534841
0 0.919649 0.591433 0.0330547 0.1517 0.518049
0 0.349076 0.275577 0.0246606 0.159282 0.472082
0 0.430505 0.681377 0.0483906 0.190712 0.471965
0 0.600232 0.431203 0.0487697 0.148286 0.463733
0 0.13823 0.606984 0.0401948 0.162934 0.420947
0 0.146968 0.858042 0.0370573 0.208698 0.404705
0 0.013868 0.508348 0.026373 0.109486 0.403945
0 0.875759 0.82925 0.0325955 0.100328 0.369899
0 0.501255 0.617716 0.0549406 0.175393 0.355384
0 0.636961 0.758204 0.0504264 0.127625 0.336097
0 0.946261 0.712716 0.0309208 0.104673 0.326985
0 0.91217 0.786862 0.0383485 0.0748734 0.315344
0 0.147378 0.888714 0.0387872 0.151528 0.308112
0 0.119959 0.699812 0.0168962 0.0249909 0.28833
0 0.987258 0.71203 0.0249317 0.104335 0.250119
