0 0.896284 0.318734 0.0306299 0.160687 0.836542
0 0.845152 0.432232 0.0592979 0.153096 0.737187
0 0.726777 0.311944 0.039492 0.114056 0.689219
0 0.789899 0.423946 0.0392372 0.14387 0.611008
0 0.613882 0.478354 0.0499258 0.167409 0.590114
0 0.436255 0.353996 0.0325529 0.162256 0.58006
0 0.620732 0.47715 0.0351934 0.164117 0.476357
0 0.482726 0.425226 0.0368836 0.200396 0.459111
0 0.491298 0.828735 0.0445308 0.0991464 0.413821
0 0.401619 0.849002 0.0375209 0.0546455 0.407382
0 0.873118 0.243991 0.0273847 0.0523208 0.406528
0 0.31344 0.698463 0.0427315 0.217743 0.385455
0 0.801409 0.22622 0.0280815 0.0485781 0.368461
0 0.33663 0.819165 0.0382582 0.115137 0.329997
0 0.833547 0.234697 0.0266968 0.0402616 0.294021
0 0.7946 0.459327 0.0375938 0.0710307 0.284559
0 0.263209 0.834243 0.0287282 0.0788609 0.274033
