0 0.436264 0.759911 0.0426727 0.207821 0.764192
0 0.635067 0.282263 0.0353981 0.149871 0.717157
0 0.705204 0.286477 0.041214 0.153321 0.710186
0 0.429384 0.421509 0.0416767 0.108848 0.63554
0 0.559755 0.314346 0.0209487 0.138919 0.568527
0 0.489848 0.487096 0.0553049 0.149382 0.567847
0 0.485595 0.369858 0.039768 0.121068 0.56272
0 0.84379 0.256735 0.0253998 0.0426886 0.536482
0 0.558065 0.444598 0.0549097 0.141048 0.524863
0 0.77153 0.359643 0.0269852 0.140858 0.522104
0 0.666301 0.207655 0.021002 0.0449149 0.48796
0 0.559418 0.293424 0.0211809 0.0967387 0.485575
0 0.779706 0.238704 0.0256683 0.0449167 0.442401
0 0.443462 0.833193 0.0414432 0.100802 0.374754
0 0.371957 0.829918 0.0324053 0.0812418 0.371412
0 0.810471 0.24624 0.0298354 0.0517906 0.330055
0 0.884661 0.266362 0.0269722 0.0474668 0.310067
0 0.572659 0.190626 0.0236396 0.0339497 0.286332
