0 0.36833 0.816024 0.0343454 0.120619 0.747506
0 0.56205 0.346861 0.0326641 0.129047 0.714358
0 0.434714 0.361233 0.0342203 0.133626 0.695078
0 0.183938 0.47971 0.0355733 0.126712 0.694416
0 0.539226 0.248842 0.0264004 0.109474 0.635807
0 0.535355 0.264403 0.0195127 0.0782951 0.56988
0 0.381 0.305765 0.0231415 0.12716 0.530148
0 0.671076 0.538477 0.0226123 0.171241 0.484401
0 0.0445037 0.943091 0.0460103 0.112794 0.471391
0 0.80252 0.705867 0.0298843 0.115504 0.439634
0 0.475233 0.519463 0.0444686 0.167594 0.421613
0 0.417009 0.54135 0.0343778 0.155081 0.411425
0 0.322056 0.496856 0.0334994 0.158925 0.39045
0 0.174769 0.440679 0.0156015 0.0475549 0.330452
0 0.732336 0.781543 0.0140128 0.0315237 0.32814
0 0.179512 0.489556 0.0470427 0.144039 0.309839
0 0.757125 0.672213 0.0351626 0.183921 0.299006
0 0.180624 0.469325 0.02881 0.105636 0.298484
