0 0.867739 0.484151 0.0474178 0.163627 0.667498
0 0.854178 0.265759 0.0241234 0.0451672 0.583772
0 0.888151 0.272938 0.0322226 0.055986 0.463666
0 0.408645 0.422768 0.0269451 0.0914692 0.442282
0 0.760716 0.389035 0.0382246 0.15954 0.44069
0 0.523959 0.411371 0.0465203 0.14506 0.4248
0 0.731468 0.230067 0.0249678 0.0460665 0.399054
0 0.968996 0.295042 0.0289633 0.0520579 0.384655
0 0.922383 0.282742 0.0314329 0.0492168 0.324314
0 0.631895 0.206557 0.0228257 0.0376282 0.305362
0 0.442207 0.45923 0.030793 0.15758 0.297592
0 0.906733 0.23759 0.0229328 0.0720641 0.29096
0 0.185173 0.60092 0.0381123 0.178678 0.274156
0 0.821307 0.210321 0.0203005 0.0581595 0.272725
0 0.875903 0.217465 0.0237036 0.0863795 0.251992
