0 0.260303 0.224102 0.0262114 0.0530301 0.526576
0 0.383065 0.804144 0.0379855 0.127009 0.520001
0 0.338463 0.323798 0.0278116 0.191247 0.474744
0 0.401422 0.187209 0.0298775 0.0537639 0.466988
0 0.985889 0.679201 0.0270066 0.109006 0.452116
0 0.911989 0.618332 0.0402864 0.233764 0.420525
0 0.430919 0.180554 0.023973 0.0499799 0.383007
0 0.281044 0.163988 0.0217115 0.0565521 0.360186
0 0.229157 0.30347 0.0230562 0.181925 0.354243
0 0.214941 0.274693 0.0234467 0.147344 0.354207
0 0.609203 0.5222 0.0656171 0.212713 0.324269
0 0.571092 0.252414 0.0236196 0.0615319 0.314684
0 0.764871 0.354696 0.0302018 0.0937102 0.289106
0 0.38914 0.134223 0.0253701 0.0778902 0.282163
0 0.507881 0.436752 0.0624392 0.209229 0.271603
0 0.0636212 0.204993 0.0358411 0.0808775 0.259313
