0 0.557011 0.314988 0.0238811 0.134904 0.828951
0 0.506536 0.483433 0.0609549 0.140065 0.717496
0 0.429058 0.401614 0.0371595 0.0958034 0.692105
0 0.43543 0.759607 0.0428291 0.209916 0.669746
0 0.703782 0.281761 0.0418469 0.153352 0.64343
0 0.483216 0.369498 0.0452847 0.131109 0.57193
0 0.633704 0.279056 0.0349423 0.149851 0.556558
0 0.562111 0.438453 0.0417888 0.122596 0.545351
0 0.841555 0.253259 0.026536 0.0460623 0.522769
0 0.770901 0.358635 0.0316025 0.135926 0.490921
0 0.778368 0.236369 0.0227925 0.0432252 0.458492
0 0.443067 0.831555 0.0437509 0.0965527 0.402198
0 0.809318 0.244674 0.0291514 0.0518546 0.35313
0 0.710113 0.286683 0.0275194 0.150366 0.338413
0 0.663146 0.204671 0.0231674 0.0501098 0.318073
0 0.57006 0.43508 0.027584 0.118264 0.2964
0 0.369653 0.829283 0.0318945 0.0852221 0.290086
0 0.882297 0.262116 0.0253216 0.048719 0.286865
0 0.501408 0.438922 0.0298692 0.0506818 0.268134
0 0.339185 0.827297 0.0355778 0.0968633 0.258844
