0 0.656582 0.754001 0.0673392 0.169101 0.653776
0 0.944679 0.469831 0.0181595 0.0614686 0.633508
0 0.804972 0.398167 0.0381569 0.157166 0.629819
0 0.575599 0.394475 0.0689833 0.106359 0.614624
0 0.901369 0.510786 0.0567024 0.118265 0.602214
0 0.91285 0.504379 0.0771614 0.131057 0.534993
0 0.748166 0.303491 0.0474851 0.115494 0.498048
0 0.451546 0.394994 0.0694589 0.136155 0.479148
0 0.805573 0.360795 0.0350368 0.0952211 0.42457
0 0.377761 0.485047 0.0421104 0.097893 0.421844
0 0.605729 0.174838 0.0260557 0.0464831 0.420089
0 0.703479 0.199319 0.0243512 0.0469671 0.418252
0 0.80806 0.343225 0.0236387 0.0605122 0.416538
0 0.995607 0.743058 0.00814145 0.0763534 0.408193
0 0.380186 0.662407 0.0393452 0.155199 0.370749
0 0.900933 0.526235 0.0539501 0.0815411 0.370076
0 0.759773 0.300399 0.0281777 0.117024 0.34712
0 0.391679 0.840319 0.0339361 0.073456 0.323508
0 0.93671 0.263116 0.031948 0.0497809 0.304939
0 0.940392 0.456173 0.0231617 0.0886976 0.297616
0 0.892901 0.253157 0.0266625 0.045014 0.287324
0 0.150842 0.465181 0.0291665 0.0966156 0.277529
0 0.179759 0.783813 0.0313007 0.0872693 0.274834
0 0.804617 0.350167 0.0302824 0.0754801 0.274565
0 0.589584 0.383759 0.0394901 0.0848298 0.255806
0 0.362484 0.679914 0.0458913 0.12026 0.253901
