0 0.391239 0.392864 0.0107411 0.0287636 0.677118
0 0.358257 0.430341 0.0471785 0.192554 0.646601
0 0.301308 0.272786 0.0224173 0.14882 0.645469
0 0.40178 0.32109 0.0356806 0.149254 0.607111
0 0.279547 0.344652 0.0398989 0.1579 0.59525
0 0.213698 0.317134 0.0293889 0.154414 0.55903
0 0.18348 0.483156 0.0425713 0.181139 0.549138
0 0.672265 0.677405 0.0455976 0.235054 0.37822
0 0.814272 0.361096 0.0274589 0.0799455 0.34041
0 0.257967 0.215062 0.0213582 0.0417605 0.289999
0 0.12289 0.249298 0.0198713 0.0513017 0.275587
0 0.805856 0.782272 0.03668 0.125334 0.268604
0 0.222707 0.223841 0.029243 0.0583205 0.266758
