0 0.389124 0.543016 0.0358314 0.166938 0.691586
0 0.481221 0.514641 0.047558 0.15119 0.650003
0 0.418036 0.368806 0.0390147 0.122763 0.619387
0 0.425297 0.823481 0.0329767 0.134927 0.565442
0 0.0153805 0.963034 0.0301409 0.0721681 0.561402
0 0.231077 0.524723 0.0458238 0.160483 0.558075
0 0.351862 0.48192 0.044119 0.140642 0.459328
0 0.65449 0.522821 0.0298422 0.151305 0.418294
0 0.878045 0.692843 0.0302425 0.097563 0.314525
0 0.386708 0.291179 0.0282493 0.125309 0.304641
0 0.36214 0.479975 0.0231532 0.136634 0.298661
0 0.734299 0.786361 0.0170224 0.036525 0.268262
0 0.538997 0.303661 0.0302109 0.138346 0.257908
0 0.839724 0.721978 0.0290052 0.0941667 0.254058
