0 0.210744 0.474583 0.0436956 0.193667 0.691469
0 0.207453 0.287881 0.0406551 0.153498 0.646805
0 0.578454 0.384197 0.0442116 0.173286 0.61098
0 0.386188 0.360025 0.0397529 0.15102 0.598832
0 0.319271 0.205453 0.022214 0.1582 0.558535
0 0.408198 0.540738 0.0615515 0.181776 0.496996
0 0.445467 0.561812 0.0421844 0.154529 0.482843
0 0.486481 0.306312 0.0373375 0.17281 0.473349
0 0.477677 0.468575 0.0614975 0.166814 0.443786
0 0.612659 0.379327 0.0335844 0.143591 0.374501
0 0.243162 0.156433 0.0258301 0.050147 0.342097
0 0.90274 0.865317 0.0340958 0.106088 0.311975
0 0.278036 0.148197 0.0231143 0.0446682 0.300049
0 0.0127605 0.218865 0.0231971 0.0563241 0.278052
0 0.143894 0.17924 0.0168029 0.0510905 0.277175
0 0.753386 0.724221 0.0383986 0.143473 0.275591
0 0.874624 0.828503 0.0338867 0.0798011 0.267685
0 0.833451 0.494331 0.0281318 0.189478 0.259678
0 0.827097 0.718582 0.0336128 0.120902 0.252314
