0 0.631589 0.541551 0.0358298 0.243061 0.624888
0 0.410038 0.338033 0.0322686 0.187606 0.56337
0 0.511679 0.45996 0.0512814 0.179409 0.55559
0 0.819015 0.91317 0.049337 0.168115 0.472056
0 0.586896 0.45005 0.0529936 0.166574 0.467865
0 0.526852 0.341567 0.0324709 0.18445 0.37891
0 0.0643989 0.204657 0.0301533 0.0809379 0.378246
0 0.987989 0.687879 0.0234104 0.106063 0.376426
0 0.40498 0.790892 0.0429105 0.157346 0.372727
0 0.874617 0.553639 0.0286923 0.112972 0.336574
0 0.29606 0.220959 0.0203718 0.0593206 0.316382
0 0.575164 0.268307 0.023806 0.0742276 0.315589
0 0.316765 0.638079 0.0647176 0.22419 0.311196
0 0.283943 0.165458 0.0197031 0.0587089 0.308736
0 0.203635 0.223762 0.0237459 0.146729 0.307129
0 0.434223 0.18472 0.0250742 0.04801 0.305453
0 0.10597 0.273281 0.0193867 0.0504671 0.287594
0 0.915246 0.924484 0.0491394 0.150163 0.276223
0 0.350183 0.20614 0.0276481 0.0549323 0.263489
0 0.40406 0.193048 0.0279859 0.0499578 0.260391
0 0.233144 0.305891 0.0235359 0.183368 0.257258
0 0.562907 0.399547 0.0478525 0.189223 0.252616
