0 0.824101 0.407844 0.0346308 0.138292 0.808013
0 0.65952 0.312937 0.0467366 0.112539 0.774588
0 0.589902 0.325276 0.036039 0.139846 0.600228
0 0.292703 0.791655 0.0332373 0.133733 0.563821
0 0.874412 0.340211 0.031197 0.150738 0.551298
0 0.74154 0.426089 0.0588757 0.139542 0.533279
0 0.354496 0.587736 0.037781 0.166567 0.501379
0 0.92114 0.272397 0.0217198 0.0462568 0.483041
0 0.477848 0.428195 0.0314041 0.144635 0.47892
0 0.354828 0.848447 0.0349102 0.0600056 0.452835
0 0.501311 0.426681 0.0275301 0.120414 0.402983
0 0.501916 0.459078 0.0295656 0.184506 0.395423
0 0.479292 0.406682 0.025785 0.101246 0.379927
0 0.319599 0.82301 0.0308185 0.111971 0.369919
0 0.48113 0.51547 0.0615984 0.189064 0.350467
0 0.267641 0.661224 0.0420359 0.20003 0.349742
0 0.599298 0.870377 0.0341189 0.0791766 0.322697
0 0.439891 0.533912 0.035586 0.211349 0.301115
0 0.802049 0.240961 0.0248241 0.0477051 0.295337
0 0.763818 0.234104 0.025786 0.0405878 0.286674
