0 0.0161999 0.615458 0.0312232 0.188482 0.55431
0 0.887438 0.539837 0.0301235 0.17057 0.54713
0 0.245094 0.243807 0.0583952 0.196626 0.520972
0 0.440141 0.550192 0.0403658 0.188254 0.51297
0 0.22414 0.141008 0.0298737 0.0628005 0.47664
0 0.488948 0.32778 0.0370775 0.214489 0.473444
0 0.799084 0.91067 0.0551682 0.131074 0.418238
0 0.224257 0.178549 0.0309024 0.136245 0.357288
0 0.544688 0.330892 0.0295956 0.185825 0.35612
0 0.107506 0.174901 0.0240887 0.053313 0.335873
0 0.283331 0.0731293 0.0192253 0.0515082 0.334308
0 0.265861 0.0842154 0.0198639 0.0656685 0.312442
0 0.570525 0.320815 0.0344656 0.179159 0.304873
0 0.0734216 0.179943 0.0202226 0.0606554 0.27074
0 0.18212 0.135942 0.0246048 0.155 0.265247
0 0.261867 0.153829 0.023176 0.0771689 0.264486
0 0.374588 0.101659 0.0231798 0.0559977 0.25378
