0 0.586723 0.454399 0.0384384 0.138094 0.698458
0 0.557661 0.475521 0.0369415 0.159835 0.628263
0 0.75554 0.334428 0.0323119 0.131385 0.620087
0 0.425923 0.755767 0.042578 0.213838 0.511075
0 0.621224 0.254013 0.0320392 0.151687 0.509632
0 0.709217 0.278269 0.0253859 0.127487 0.496643
0 0.829798 0.229782 0.0272278 0.0453763 0.485833
0 0.7083 0.29464 0.0230499 0.0913996 0.430392
0 0.652859 0.182603 0.0214332 0.0477656 0.38423
0 0.415144 0.396876 0.0304776 0.158855 0.382691
0 0.870264 0.240063 0.0254635 0.0484212 0.378008
0 0.539466 0.308507 0.0256933 0.124096 0.37656
0 0.469493 0.348764 0.059337 0.135463 0.366206
0 0.582771 0.404497 0.0219431 0.0391667 0.322619
0 0.425858 0.726102 0.0389972 0.15244 0.317963
0 0.57099 0.489532 0.0501157 0.196533 0.298796
0 0.797194 0.22083 0.0299423 0.0507652 0.296822
0 0.766697 0.214709 0.0237734 0.0449673 0.271788
0 0.329475 0.816141 0.0343082 0.110888 0.261991
0 0.44285 0.818663 0.0487242 0.112391 0.258494
0 0.583535 0.487613 0.0384651 0.202044 0.251435
