0 0.832302 0.398361 0.0274759 0.155119 0.834211
0 0.673649 0.311448 0.0459936 0.110063 0.612691
0 0.597344 0.322096 0.0380443 0.149298 0.563252
0 0.305271 0.791413 0.0372961 0.116066 0.543826
0 0.752054 0.418743 0.0480666 0.135779 0.515264
0 0.869963 0.333506 0.0397154 0.152949 0.504704
0 0.522442 0.472731 0.0590004 0.196048 0.464543
0 0.369214 0.586758 0.0373608 0.170162 0.458866
0 0.366572 0.850387 0.0348135 0.0630334 0.354949
0 0.905286 0.258567 0.0238704 0.0484587 0.305969
0 0.483274 0.468 0.0380026 0.221314 0.298956
0 0.818776 0.243381 0.0236568 0.0467748 0.293187
0 0.421754 0.492386 0.0322199 0.187828 0.266944
0 0.938262 0.274325 0.0238162 0.0492458 0.264507
0 0.628451 0.867016 0.031184 0.0682966 0.253924
