0 0.433174 0.243141 0.0274921 0.14595 0.672046
0 0.298218 0.355589 0.0346101 0.169975 0.644816
0 0.579759 0.479611 0.0279946 0.155855 0.555393
0 0.197956 0.339139 0.0249928 0.160045 0.502979
0 0.611122 0.748221 0.0493693 0.245944 0.490979
0 0.236615 0.22153 0.0264556 0.0555853 0.480801
0 0.575064 0.617932 0.051911 0.198689 0.475932
0 0.360484 0.457364 0.0485493 0.195563 0.474718
0 0.58079 0.451545 0.0230411 0.101606 0.454832
0 0.510873 0.388335 0.0257456 0.157615 0.452051
0 0.314235 0.27329 0.0211197 0.148655 0.428691
0 0.912558 0.944401 0.0382511 0.103308 0.367951
0 0.798684 0.544697 0.025572 0.14219 0.367755
0 0.393823 0.181658 0.025649 0.0475871 0.336524
0 0.135323 0.249227 0.0194589 0.0516338 0.303973
0 0.0997555 0.19393 0.0253937 0.0730034 0.259225
0 0.756584 0.790782 0.0326879 0.120743 0.257503
