0 0.77123 0.420305 0.0566586 0.1372 0.651057
0 0.602766 0.475253 0.0595919 0.177402 0.592471
0 0.66055 0.320608 0.0408003 0.143144 0.565429
0 0.554996 0.435726 0.0389633 0.125647 0.562196
0 0.407055 0.59381 0.0347479 0.17664 0.553146
0 0.880223 0.331362 0.0377119 0.170271 0.51182
0 0.854689 0.246131 0.0230156 0.0473761 0.461703
0 0.473282 0.46675 0.0405239 0.203517 0.429856
0 0.418848 0.403068 0.039966 0.172121 0.401325
0 0.84756 0.422079 0.0303341 0.15729 0.364503
0 0.295565 0.697342 0.0281772 0.205218 0.361239
0 0.390244 0.851062 0.0370697 0.0576245 0.335203
0 0.469951 0.827211 0.038369 0.103606 0.33236
0 0.979155 0.278832 0.0273847 0.0487997 0.302495
0 0.815557 0.236364 0.024564 0.0417033 0.287282
