0 0.762102 0.57402 0.0497669 0.195937 0.71664
0 0.661604 0.532651 0.0570864 0.175173 0.705424
0 0.46976 0.313664 0.0186305 0.149733 0.620287
0 0.679296 0.336303 0.0474819 0.161625 0.610813
0 0.785928 0.398923 0.0402224 0.159102 0.60622
0 0.463508 0.604228 0.0413577 0.136265 0.562728
0 0.430906 0.760732 0.0613707 0.186273 0.557888
0 0.735341 0.938398 0.0355383 0.123204 0.437989
0 0.500224 0.36791 0.0307235 0.164314 0.422074
0 0.419831 0.846059 0.0370176 0.053572 0.384569
0 0.736994 0.407218 0.0587579 0.160142 0.381863
0 0.943833 0.334398 0.0318773 0.164209 0.369487
0 0.749147 0.297938 0.0307793 0.0930829 0.364302
0 0.682101 0.179346 0.0215659 0.0483527 0.349766
0 0.504926 0.827383 0.0419754 0.0920933 0.324576
0 0.900219 0.23931 0.0274361 0.0465321 0.262732
