0 0.253566 0.259283 0.0503472 0.209359 0.772241
0 0.489001 0.36267 0.036795 0.208107 0.623717
0 0.89125 0.568388 0.0346913 0.175067 0.558937
0 0.222524 0.17284 0.0303762 0.0631564 0.471287
0 0.438277 0.797248 0.052454 0.143947 0.455949
0 0.435131 0.576508 0.0468647 0.218023 0.407717
0 0.803932 0.940823 0.0587136 0.118355 0.375979
0 0.572059 0.321829 0.0333162 0.127389 0.340976
0 0.282797 0.106319 0.0209644 0.0572889 0.336833
0 0.571236 0.304361 0.0309526 0.0913522 0.326466
0 0.264209 0.118042 0.0186336 0.0665064 0.322282
0 0.40111 0.128282 0.0275879 0.054932 0.314314
0 0.905542 0.845882 0.0417513 0.141582 0.30668
0 0.600398 0.377275 0.035213 0.164821 0.296694
0 0.7063 0.308881 0.0302191 0.0730094 0.274184
0 0.104675 0.204752 0.0211644 0.0531111 0.273827
0 0.57498 0.421997 0.0338457 0.247878 0.270983
0 0.571859 0.361508 0.036993 0.20576 0.255634
