0 0.832302 0.398305 0.0274706 0.155188 0.833692
0 0.67361 0.311557 0.0459015 0.110101 0.606069
0 0.597326 0.322009 0.0380608 0.149097 0.570708
0 0.305296 0.791516 0.0372772 0.116236 0.547554
0 0.752031 0.418735 0.0480661 0.135766 0.523404
0 0.869943 0.333475 0.0397102 0.153049 0.507827
0 0.522435 0.472726 0.058979 0.196007 0.465584
0 0.369216 0.586805 0.0373391 0.170089 0.455743
0 0.366573 0.850321 0.0348101 0.0628977 0.356022
0 0.905263 0.258614 0.023906 0.0484622 0.308826
0 0.483323 0.468131 0.0375995 0.221158 0.294187
0 0.818803 0.243378 0.0236233 0.0467781 0.288535
0 0.421742 0.4924 0.0321852 0.187862 0.266539
0 0.938265 0.274322 0.023822 0.0492423 0.262642
0 0.628452 0.867002 0.0311527 0.0683363 0.253278
