0 0.391405 0.49111 0.0347114 0.0949825 0.735167
0 0.530254 0.523035 0.0357048 0.184643 0.703917
0 0.591905 0.76936 0.0555031 0.182586 0.68171
0 0.397518 0.615677 0.0519261 0.226742 0.636699
0 0.0634459 0.761369 0.037341 0.251797 0.603406
0 0.485766 0.353432 0.0281383 0.164712 0.593328
0 0.262942 0.273426 0.025189 0.0485462 0.541324
0 0.628973 0.577635 0.0502733 0.212674 0.505886
0 0.442123 0.350225 0.028474 0.155749 0.418617
0 0.406213 0.416467 0.0325645 0.181851 0.409474
0 0.592952 0.757126 0.0434082 0.153926 0.407211
0 0.395937 0.234175 0.0268543 0.0506029 0.400076
0 0.388014 0.365857 0.0204309 0.0930642 0.38482
0 0.867154 0.675835 0.0374119 0.148541 0.378386
0 0.0824343 0.252785 0.0241656 0.0748228 0.37753
0 0.422695 0.229238 0.0222861 0.0415965 0.258952
