0 0.409501 0.546721 0.0357134 0.172425 0.717684
0 0.0415131 0.642309 0.0423556 0.177665 0.703268
0 0.509712 0.774618 0.0783949 0.178108 0.700619
0 0.308402 0.647898 0.0611345 0.189248 0.685147
0 0.566974 0.325282 0.0323442 0.119304 0.665644
0 0.659477 0.434291 0.0583175 0.163851 0.618198
0 0.521369 0.77575 0.0555235 0.177585 0.451744
0 0.351104 0.266863 0.0198437 0.0954752 0.444206
0 0.6221 0.637428 0.0440346 0.198117 0.382356
0 0.264948 0.845155 0.0371398 0.154952 0.291952
0 0.907328 0.760086 0.0776121 0.185722 0.279902
0 0.511447 0.2306 0.0198333 0.105584 0.275704
0 0.511298 0.24871 0.0225859 0.115552 0.271912
