0 0.661319 0.304954 0.0313726 0.136037 0.745878
0 0.815561 0.420165 0.0326755 0.150277 0.635231
0 0.546297 0.860685 0.029966 0.0885301 0.591645
0 0.726387 0.418975 0.0508186 0.136987 0.574062
0 0.332531 0.58268 0.0346063 0.167643 0.557174
0 0.57483 0.33815 0.0387853 0.148518 0.535078
0 0.260953 0.63122 0.0365488 0.155517 0.527046
0 0.463949 0.445592 0.0271244 0.165116 0.509049
0 0.870969 0.342435 0.0422089 0.154592 0.489733
0 0.447118 0.440065 0.0294357 0.168654 0.458319
0 0.26484 0.792048 0.0344223 0.132697 0.413724
0 0.508037 0.519314 0.0378252 0.177872 0.350552
0 0.498567 0.577115 0.0578735 0.209888 0.344294
0 0.881553 0.263268 0.0240993 0.0401913 0.319712
0 0.729337 0.229314 0.0223099 0.0429106 0.317098
0 0.404848 0.873932 0.0350209 0.0716397 0.309935
0 0.465643 0.419172 0.0216529 0.11504 0.301975
0 0.429529 0.833909 0.0373017 0.138824 0.294773
0 0.449271 0.396498 0.024457 0.0826294 0.275541
0 0.330118 0.860072 0.0380562 0.0997828 0.254764
