0 0.652129 0.525297 0.0447372 0.183057 0.797927
0 0.735427 0.313182 0.0390589 0.114486 0.768133
0 0.318268 0.703097 0.056084 0.139236 0.734994
0 0.825375 0.412999 0.0368158 0.175995 0.678301
0 0.778271 0.432397 0.0385724 0.173501 0.647272
0 0.43213 0.607267 0.0434417 0.173706 0.597465
0 0.884344 0.244932 0.0292103 0.0511277 0.592722
0 0.910229 0.328724 0.0382818 0.179501 0.575301
0 0.672416 0.313456 0.0380881 0.137968 0.524088
0 0.66725 0.183428 0.0213553 0.0516427 0.517272
0 0.72147 0.526447 0.0443973 0.195172 0.46509
0 0.571299 0.166595 0.0230309 0.0380461 0.369078
0 0.44704 0.34027 0.0307285 0.166001 0.361823
0 0.499446 0.829708 0.0448944 0.098762 0.335437
0 0.716149 0.466298 0.0294217 0.0722809 0.251274
