0 0.506457 0.350965 0.0255889 0.135633 0.77374
0 0.405686 0.41773 0.061805 0.172227 0.711567
0 0.356684 0.566183 0.0619866 0.206283 0.643697
0 0.486549 0.507138 0.0489824 0.163302 0.613373
0 0.685749 0.748534 0.0443291 0.186413 0.569864
0 0.177375 0.70526 0.0393189 0.225897 0.561271
0 0.471529 0.331498 0.0244628 0.150027 0.53432
0 0.835523 0.623985 0.0336578 0.169772 0.499617
0 0.63353 0.583616 0.0478147 0.205837 0.43768
0 0.311173 0.28975 0.0207996 0.0400311 0.410475
0 0.437423 0.600078 0.0449845 0.206208 0.409931
0 0.453097 0.253248 0.0210354 0.0415217 0.326032
0 0.418484 0.214246 0.0227509 0.0653619 0.273709
0 0.12894 0.335958 0.0220628 0.0485758 0.267147
0 0.0882974 0.348669 0.0227973 0.0372417 0.2568
0 0.0588435 0.353943 0.0269272 0.0508837 0.251116
