0 0.508033 0.601546 0.0455923 0.154837 0.770235
0 0.973104 0.674551 0.0291893 0.0997105 0.7337
0 0.117201 0.887515 0.0386431 0.219429 0.66551
0 0.656477 0.634028 0.0302026 0.193464 0.654699
0 0.895441 0.703965 0.0287994 0.0904737 0.637739
0 0.87056 0.696503 0.0335953 0.12136 0.625196
0 0.358668 0.29737 0.0348601 0.122038 0.618454
0 0.492219 0.360403 0.0467864 0.0971155 0.567884
0 0.670431 0.711185 0.0716308 0.176155 0.52098
0 0.0403466 0.497419 0.0471045 0.154537 0.520309
0 0.907356 0.557378 0.0343881 0.152177 0.508991
0 0.419591 0.250378 0.0330422 0.11437 0.506647
0 0.182613 0.599055 0.0569828 0.188169 0.5015
0 0.181174 0.879582 0.0656587 0.18475 0.480593
0 0.828129 0.827102 0.0302776 0.0967804 0.422476
0 0.591433 0.406117 0.0356149 0.195207 0.416621
0 0.512101 0.585645 0.0314121 0.109122 0.361437
0 0.592467 0.418994 0.0322676 0.15064 0.339457
0 0.148006 0.242471 0.018192 0.042853 0.336048
0 0.938892 0.708647 0.0276573 0.101832 0.309921
0 0.795429 0.838589 0.0284903 0.0917195 0.303947
0 0.446811 0.656412 0.0392055 0.170393 0.297963
0 0.802142 0.770504 0.0176704 0.0319108 0.288016
0 0.863789 0.79006 0.0386152 0.0920158 0.279426
0 0.825876 0.751036 0.0183651 0.0314886 0.26521
0 0.940773 0.691792 0.0282141 0.0722862 0.254162
