0 0.409868 0.549484 0.0543903 0.172536 0.796481
0 0.558772 0.324943 0.0449613 0.11813 0.715448
0 0.525647 0.773788 0.0539996 0.179041 0.699158
0 0.0393796 0.650243 0.0560049 0.182992 0.684353
0 0.344706 0.264602 0.0182298 0.100314 0.664995
0 0.908227 0.748148 0.0610068 0.183764 0.561387
0 0.249044 0.847446 0.0321705 0.150995 0.494018
0 0.62118 0.642566 0.0355828 0.187139 0.46136
0 0.514818 0.246572 0.0165602 0.0751548 0.36852
0 0.662468 0.428742 0.0313768 0.144655 0.354316
0 0.650513 0.430297 0.0555455 0.149443 0.303443
0 0.503813 0.228309 0.0367047 0.125444 0.303209
