0 0.544711 0.778524 0.0632412 0.202579 0.771281
0 0.434489 0.522828 0.0518364 0.20297 0.613922
0 0.541207 0.482196 0.0377311 0.184368 0.606114
0 0.488131 0.368749 0.0359864 0.163592 0.540342
0 0.631798 0.554782 0.0497969 0.223114 0.535721
0 0.255619 0.263174 0.0240205 0.0443204 0.5083
0 0.891491 0.66287 0.0321323 0.223269 0.506402
0 0.433769 0.373138 0.030195 0.186898 0.334409
0 0.390442 0.223877 0.0283841 0.053393 0.331227
0 0.555651 0.29117 0.0238356 0.0789003 0.328462
0 0.737782 0.469063 0.0395174 0.107299 0.280999
0 0.0654479 0.244215 0.0241804 0.0741302 0.276049
0 0.916753 0.540558 0.037923 0.178471 0.272512
0 0.446491 0.3141 0.0196544 0.0932005 0.270336
0 0.373333 0.626473 0.0462005 0.214123 0.264098
