0 0.650635 0.610802 0.0293011 0.151855 0.729224
0 0.440576 0.244648 0.0335403 0.106377 0.707582
0 0.144831 0.601998 0.050374 0.165625 0.702105
0 0.654499 0.73507 0.0453926 0.179385 0.589232
0 0.920283 0.588667 0.0272964 0.157793 0.571319
0 0.349667 0.282254 0.0263034 0.137948 0.569432
0 0.441746 0.694685 0.0526048 0.209063 0.540656
0 0.520735 0.33703 0.0469051 0.117878 0.539416
0 0.904577 0.706008 0.0369473 0.13298 0.498017
0 0.508969 0.62231 0.0599609 0.173162 0.41049
0 0.658515 0.716 0.039901 0.147878 0.379579
0 0.486969 0.583143 0.0190823 0.102016 0.376702
0 0.118415 0.689972 0.0121531 0.0342287 0.363914
0 0.937931 0.713929 0.0307396 0.110199 0.353947
0 0.868772 0.830268 0.0308907 0.0988441 0.329724
0 0.0147793 0.487388 0.0281159 0.163117 0.309672
0 0.489759 0.578322 0.0188196 0.0934254 0.276483
0 0.602364 0.432649 0.039652 0.156955 0.273576
0 0.220355 0.215595 0.0186813 0.0361969 0.264267
