0 0.566665 0.336111 0.0309326 0.145577 0.702997
0 0.782876 0.377565 0.0264829 0.149988 0.67223
0 0.437032 0.768262 0.0462357 0.221215 0.616166
0 0.644064 0.298142 0.0357161 0.13277 0.601739
0 0.708332 0.294737 0.0302053 0.146552 0.597493
0 0.790154 0.246114 0.0232743 0.0471672 0.585892
0 0.673857 0.213008 0.0257572 0.051287 0.570575
0 0.551756 0.431521 0.0454567 0.141118 0.552717
0 0.491992 0.380034 0.0541393 0.131181 0.475507
0 0.819726 0.253363 0.0247099 0.051574 0.448867
0 0.851976 0.260174 0.0276661 0.0515691 0.430189
0 0.436474 0.737614 0.0444182 0.152121 0.387624
0 0.446336 0.411061 0.0281149 0.096007 0.380203
0 0.444065 0.421033 0.0363637 0.114869 0.356196
0 0.47219 0.478359 0.0311291 0.190787 0.348527
0 0.892446 0.272622 0.0260266 0.0465624 0.323287
0 0.955118 0.294359 0.0217353 0.0352553 0.2779
0 0.377154 0.831828 0.0321139 0.079117 0.264923
0 0.784606 0.24427 0.0206709 0.0442182 0.262632
0 0.436111 0.826861 0.0410566 0.104012 0.254882
