0 0.662766 0.533238 0.056144 0.172704 0.812914
0 0.750406 0.55013 0.0426204 0.181956 0.728634
0 0.799918 0.407727 0.028507 0.160437 0.653124
0 0.759309 0.411198 0.0379391 0.1626 0.651237
0 0.925349 0.331263 0.0456015 0.173255 0.568493
0 0.458189 0.322475 0.0298077 0.160556 0.533312
0 0.732129 0.93787 0.0280609 0.124261 0.500034
0 0.438965 0.611929 0.0413569 0.141834 0.43384
0 0.384887 0.735021 0.0657372 0.138668 0.422439
0 0.852903 0.230575 0.0272907 0.0437138 0.389022
0 0.491442 0.390867 0.0342653 0.191216 0.385539
0 0.675412 0.318585 0.0451173 0.149066 0.368812
0 0.414648 0.849405 0.0371991 0.0575488 0.309331
0 0.504623 0.82776 0.0446529 0.0976226 0.305214
0 0.98664 0.259638 0.0259673 0.0518059 0.304808
0 0.893971 0.239728 0.025412 0.0481472 0.300103
0 0.674818 0.179326 0.0204328 0.0536189 0.268593
0 0.743124 0.301061 0.0388316 0.109025 0.262342
0 0.579895 0.16186 0.0216753 0.0385781 0.2602
