0 0.227759 0.0988133 0.0286175 0.0608594 0.55589
0 0.193595 0.213252 0.0387728 0.184214 0.52913
0 0.525174 0.192144 0.0284649 0.14841 0.488808
0 0.264459 0.0929599 0.0236504 0.0460887 0.454495
0 0.298736 0.156893 0.0281234 0.170868 0.425508
0 0.473287 0.269948 0.0324876 0.197249 0.361342
0 0.592201 0.292381 0.0249413 0.149804 0.356316
0 0.224034 0.138585 0.0269321 0.139907 0.326527
0 0.566959 0.278131 0.0411682 0.163266 0.312152
0 0.884973 0.841443 0.0552513 0.129967 0.310445
0 0.268573 0.0414826 0.0210683 0.07176 0.281509
0 0.967719 0.525619 0.0584401 0.109423 0.273849
0 0.401594 0.0516342 0.0273697 0.051146 0.272526
0 0.429119 0.0473038 0.0231258 0.0467626 0.267962
0 0.880695 0.732822 0.0344 0.142596 0.267415
0 0.8234 0.734054 0.038946 0.125032 0.264385
0 0.472634 0.607446 0.0597303 0.255072 0.258377
0 0.786732 0.83705 0.0459362 0.116864 0.256719
0 0.247283 0.0575765 0.0291138 0.105906 0.252394
