0 0.613234 0.524801 0.0812805 0.175116 0.656152
0 0.442768 0.560441 0.0431547 0.176648 0.602401
0 0.751325 0.321404 0.0360836 0.12149 0.572902
0 0.517778 0.301167 0.0307207 0.13714 0.552286
0 0.610204 0.417965 0.0425079 0.113334 0.552245
0 0.413657 0.730302 0.0409407 0.175636 0.54566
0 0.448397 0.347102 0.0434879 0.140831 0.505755
0 0.388012 0.832965 0.0363109 0.0792922 0.502874
0 0.617328 0.23881 0.0323698 0.15134 0.501242
0 0.649668 0.169254 0.0237294 0.0489145 0.439919
0 0.43982 0.815668 0.0435862 0.122086 0.402875
0 0.865927 0.225042 0.0260655 0.0462501 0.384568
0 0.765463 0.199812 0.0214888 0.0489318 0.349074
0 0.929358 0.242634 0.0214283 0.0418567 0.327918
0 0.79485 0.20698 0.0241974 0.0528818 0.310702
0 0.612843 0.483727 0.0243154 0.093744 0.303386
0 0.639904 0.506325 0.0401634 0.131197 0.27083
0 0.393017 0.400062 0.0299107 0.171387 0.258185
