0 0.94513 0.33395 0.0634958 0.15676 0.804082
0 0.662745 0.391319 0.03939 0.186252 0.786758
0 0.478819 0.333309 0.0323908 0.158999 0.745094
0 0.700742 0.288944 0.0282616 0.122395 0.660139
0 0.582089 0.67675 0.0345819 0.116928 0.632583
0 0.96031 0.237596 0.0183396 0.0463683 0.612002
0 0.641107 0.796723 0.0542097 0.158164 0.611678
0 0.790861 0.300938 0.0269298 0.118061 0.524223
0 0.566987 0.781973 0.067932 0.14637 0.481192
0 0.452622 0.81402 0.0437175 0.126186 0.42451
0 0.431287 0.397752 0.0321572 0.176478 0.398776
0 0.852721 0.20605 0.0292759 0.0568487 0.357071
0 0.637289 0.314641 0.0325826 0.0983134 0.345262
0 0.630493 0.671768 0.061594 0.143393 0.344244
0 0.649361 0.786741 0.0720821 0.173048 0.330868
0 0.635111 0.695242 0.0493313 0.182208 0.2896
0 0.822176 0.199263 0.02286 0.0481251 0.284598
0 0.633743 0.337406 0.0442602 0.137183 0.282373
0 0.88526 0.217954 0.02687 0.0465902 0.27281
