0 0.487958 0.340756 0.0359158 0.203544 0.745251
0 0.247902 0.255356 0.0596332 0.181621 0.687121
0 0.441471 0.796192 0.0523796 0.188877 0.574941
0 0.224221 0.15275 0.0312759 0.062316 0.543811
0 0.889342 0.543541 0.0334408 0.190042 0.51377
0 0.436202 0.551422 0.0377419 0.204654 0.509291
0 0.599273 0.359876 0.0367209 0.157707 0.485591
0 0.800769 0.923354 0.0571816 0.126245 0.446391
0 0.402721 0.106635 0.0279537 0.0530105 0.418112
0 0.261593 0.146023 0.0242903 0.0471486 0.412554
0 0.573565 0.445662 0.0306791 0.167034 0.404588
0 0.26486 0.0940997 0.0187799 0.0696012 0.391308
0 0.575359 0.414567 0.0318295 0.221201 0.389644
0 0.283308 0.0847509 0.0215016 0.0577229 0.329275
0 0.375409 0.109853 0.0242892 0.0597094 0.319503
0 0.431142 0.100538 0.0228506 0.0466057 0.313731
0 0.0392079 0.202003 0.0268587 0.0570983 0.300216
0 0.573031 0.329156 0.0309469 0.184261 0.29971
0 0.544302 0.333239 0.0360441 0.19325 0.284157
