0 0.292676 0.345527 0.0347999 0.145755 0.728318
0 0.67936 0.578212 0.0308047 0.214658 0.66912
0 0.199295 0.456076 0.041246 0.189437 0.583363
0 0.42116 0.477739 0.0398771 0.145546 0.561324
0 0.224681 0.298814 0.0327279 0.153965 0.532251
0 0.310829 0.25858 0.0226377 0.150553 0.404509
0 0.815728 0.778465 0.0376244 0.135214 0.372944
0 0.74469 0.779145 0.0383716 0.153244 0.361722
0 0.386109 0.348673 0.026099 0.117772 0.342546
0 0.377187 0.431174 0.0459366 0.180498 0.331618
0 0.550834 0.401019 0.0310058 0.115752 0.325524
0 0.825985 0.350141 0.0263174 0.0700423 0.295979
0 0.490808 0.389247 0.0509046 0.122469 0.28525
0 0.910339 0.611338 0.0494255 0.106828 0.282338
0 0.781307 0.467649 0.0269382 0.0973391 0.274614
0 0.736381 0.873826 0.0375916 0.115383 0.26503
