0 0.354299 0.296971 0.0279308 0.127671 0.716244
0 0.446098 0.358489 0.0377653 0.109974 0.697134
0 0.433921 0.596326 0.0385178 0.214283 0.617163
0 0.491727 0.566789 0.0454716 0.216457 0.610883
0 0.0636849 0.506226 0.0726238 0.140537 0.596031
0 0.577661 0.400449 0.0272114 0.123154 0.582094
0 0.398907 0.264729 0.0156643 0.100612 0.531543
0 0.540384 0.241813 0.0239054 0.100778 0.479697
0 0.219081 0.571148 0.0350426 0.183564 0.453301
0 0.701853 0.683704 0.0375008 0.165944 0.397523
0 0.839675 0.695087 0.0285898 0.124906 0.385716
0 0.0758036 0.50574 0.0479156 0.134241 0.37749
0 0.231812 0.8676 0.0771687 0.175256 0.368705
0 0.794502 0.823278 0.0331149 0.0973764 0.356971
0 0.0876685 0.896446 0.0339719 0.201787 0.345385
0 0.767721 0.770555 0.0183148 0.0345181 0.337505
0 0.219549 0.610284 0.0351342 0.103689 0.316244
0 0.427888 0.481679 0.0292928 0.0984019 0.287118
0 0.658772 0.599407 0.0276329 0.196603 0.275161
0 0.937441 0.669586 0.025275 0.0891638 0.261684
