0 0.319497 0.213685 0.0247293 0.155171 0.743256
0 0.490603 0.314037 0.0354194 0.172725 0.712739
0 0.211139 0.474772 0.0423497 0.197272 0.679554
0 0.207809 0.292615 0.0391516 0.161666 0.606608
0 0.442392 0.545523 0.031426 0.134892 0.588842
0 0.374333 0.361392 0.0380608 0.150843 0.586591
0 0.584621 0.39337 0.0398788 0.178093 0.578943
0 0.456345 0.444296 0.0478775 0.120948 0.572966
0 0.439784 0.547182 0.0403843 0.153236 0.52502
0 0.621564 0.387597 0.0273382 0.1413 0.482197
0 0.243197 0.162044 0.025389 0.0525238 0.376499
0 0.277396 0.157079 0.022955 0.0435868 0.322268
0 0.757244 0.7659 0.0350931 0.085564 0.318674
0 0.434265 0.556309 0.0490868 0.170114 0.315883
0 0.447118 0.440622 0.059356 0.114275 0.314962
0 0.0131473 0.227596 0.0245164 0.0592451 0.309644
0 0.75192 0.729959 0.0383917 0.142098 0.294008
0 0.824734 0.729735 0.0340971 0.12704 0.264945
0 0.402526 0.521445 0.0541004 0.186861 0.258796
0 0.876176 0.830002 0.0386688 0.0859696 0.256638
0 0.901263 0.866885 0.032695 0.0881629 0.250519
