0 0.400593 0.263542 0.0309179 0.0970324 0.78364
0 0.4629 0.352614 0.0450825 0.107646 0.759785
0 0.208094 0.561057 0.0230989 0.120703 0.729831
0 0.537451 0.235032 0.022357 0.10767 0.651408
0 0.0490566 0.499675 0.0438332 0.17 0.635044
0 0.801896 0.76136 0.0277832 0.0676818 0.609285
0 0.353403 0.297405 0.0293798 0.117894 0.607221
0 0.500908 0.594907 0.0383699 0.16826 0.607181
0 0.84059 0.778054 0.037537 0.0964291 0.595561
0 0.581208 0.402486 0.0313122 0.143629 0.592396
0 0.656762 0.615844 0.0341207 0.198854 0.570253
0 0.0974202 0.890706 0.03677 0.211446 0.47616
0 0.429664 0.618204 0.0427856 0.212896 0.464293
0 0.207511 0.875924 0.0475439 0.190176 0.411948
0 0.804089 0.821526 0.0307266 0.0959353 0.408175
0 0.581446 0.379913 0.0310168 0.0986612 0.371575
0 0.80293 0.771673 0.0299961 0.0696847 0.337636
0 0.848153 0.692575 0.0319748 0.123073 0.333288
0 0.150724 0.248601 0.0207283 0.041135 0.328748
0 0.94763 0.669161 0.0281963 0.094658 0.324135
0 0.871179 0.694133 0.0281281 0.0892758 0.32194
0 0.774968 0.770147 0.0201466 0.0352353 0.307117
0 0.800704 0.749133 0.0267463 0.0467728 0.256344
