0 0.864205 0.481212 0.0422359 0.169755 0.733745
0 0.550104 0.776591 0.0692837 0.208476 0.6132
0 0.730072 0.230764 0.0259845 0.0480164 0.514613
0 0.388052 0.84378 0.0248365 0.0449232 0.436334
0 0.852198 0.267859 0.023867 0.0471153 0.434806
0 0.630667 0.210076 0.0229835 0.0382743 0.398648
0 0.411224 0.413219 0.0227742 0.072965 0.391141
0 0.968021 0.297255 0.0259748 0.0498567 0.373524
0 0.522671 0.410957 0.0430086 0.153075 0.367918
0 0.704557 0.175465 0.0210589 0.061263 0.341139
0 0.558551 0.190084 0.0219209 0.0421427 0.337555
0 0.904015 0.239607 0.0251938 0.0735193 0.334068
0 0.362872 0.541274 0.0463411 0.195666 0.318255
0 0.176414 0.491488 0.0281704 0.0959811 0.307958
0 0.886196 0.276233 0.0297024 0.0550646 0.28613
0 0.193876 0.603338 0.0411678 0.162887 0.283855
0 0.408749 0.478522 0.0434219 0.188114 0.282281
