0 0.615565 0.235102 0.0315 0.149602 0.821547
0 0.684535 0.554695 0.060751 0.145464 0.781087
0 0.385386 0.832735 0.0341165 0.0838208 0.543009
0 0.776505 0.299783 0.0241844 0.112376 0.539604
0 0.86637 0.221273 0.0252438 0.0502027 0.537385
0 0.447106 0.34895 0.0449257 0.139572 0.531679
0 0.620611 0.411501 0.0367288 0.161634 0.522727
0 0.412463 0.743026 0.0401844 0.178998 0.503472
0 0.429571 0.817103 0.0447962 0.113605 0.502631
0 0.647092 0.16575 0.0233765 0.0518849 0.473594
0 0.382201 0.42472 0.0307374 0.191831 0.471397
0 0.504419 0.319831 0.042057 0.141809 0.465316
0 0.601502 0.578901 0.0546104 0.177903 0.452393
0 0.754273 0.315479 0.0403561 0.133126 0.427736
0 0.793441 0.203579 0.0270552 0.0553513 0.377726
0 0.824825 0.213669 0.0271339 0.0449808 0.354836
0 0.472649 0.578339 0.0496182 0.171201 0.3251
0 0.930046 0.239983 0.0220404 0.0425918 0.305964
0 0.157731 0.303949 0.02366 0.0685166 0.281689
0 0.236521 0.440815 0.0335211 0.179332 0.272837
0 0.760984 0.314256 0.0509696 0.142473 0.25149
