0 0.741063 0.551302 0.0370582 0.195146 0.86584
0 0.662279 0.533715 0.0509735 0.171076 0.824857
0 0.741673 0.307707 0.0367868 0.0976548 0.701899
0 0.764948 0.428613 0.0440083 0.180231 0.631189
0 0.359382 0.708722 0.0418948 0.0974947 0.601475
0 0.808423 0.409981 0.0385248 0.159058 0.545977
0 0.453958 0.32978 0.0289797 0.168895 0.542319
0 0.730636 0.937169 0.0255196 0.125662 0.431357
0 0.674399 0.318068 0.0350151 0.143137 0.418022
0 0.918514 0.331822 0.0435736 0.174154 0.410094
0 0.441027 0.620901 0.0534918 0.158519 0.403632
0 0.848549 0.232471 0.0272858 0.0425558 0.372931
0 0.754445 0.327029 0.0127191 0.0585882 0.34477
0 0.487642 0.391402 0.0364092 0.184277 0.321542
0 0.270654 0.83806 0.0322975 0.089787 0.320065
0 0.503549 0.82817 0.0445362 0.0968904 0.313928
0 0.412898 0.851515 0.0369916 0.0587029 0.295071
0 0.88966 0.241702 0.0269914 0.0453463 0.288069
0 0.577322 0.164415 0.0235586 0.0379331 0.256566
