0 0.499677 0.361008 0.0399515 0.158954 0.670235
0 0.726646 0.412351 0.0574059 0.15351 0.611046
0 0.957505 0.345305 0.0333019 0.167502 0.572958
0 0.759172 0.602465 0.0692536 0.214439 0.470182
0 0.786637 0.388634 0.0372374 0.150234 0.466351
0 0.493775 0.829006 0.0524862 0.0859073 0.397977
0 0.493004 0.765299 0.058055 0.152246 0.38803
0 0.689374 0.177364 0.0237232 0.0563315 0.386727
0 0.282339 0.833776 0.0335738 0.0876104 0.339502
0 0.481067 0.308406 0.0257363 0.14465 0.338392
0 0.661832 0.546664 0.0598175 0.185792 0.325251
0 0.686306 0.341143 0.0453073 0.152123 0.32213
0 0.75791 0.295281 0.0323888 0.0998382 0.31031
0 0.127806 0.740593 0.0454458 0.123065 0.260479
0 0.870156 0.232514 0.0277023 0.0409931 0.256488
