0 0.704246 0.283294 0.0398081 0.150777 0.741661
0 0.55503 0.310322 0.023086 0.129053 0.706688
0 0.768612 0.352535 0.0316765 0.137736 0.656169
0 0.508374 0.494188 0.0356004 0.135049 0.618807
0 0.428362 0.39889 0.0323822 0.0974827 0.612846
0 0.485038 0.366774 0.0521389 0.131494 0.60888
0 0.571931 0.435629 0.0295385 0.112028 0.567559
0 0.632132 0.271727 0.0353575 0.152927 0.557814
0 0.434718 0.741688 0.040062 0.170155 0.49377
0 0.838995 0.250819 0.0251011 0.0492879 0.406127
0 0.555364 0.330344 0.0212018 0.0944697 0.390014
0 0.566197 0.437284 0.0395512 0.115756 0.383169
0 0.776974 0.2336 0.0219004 0.0461454 0.377691
0 0.695085 0.27941 0.0277061 0.15334 0.376088
0 0.808458 0.242323 0.0263922 0.0526538 0.362828
0 0.443324 0.832271 0.0451034 0.102728 0.343943
0 0.710523 0.284051 0.0258095 0.150867 0.334902
0 0.942109 0.277971 0.0233593 0.0410568 0.329658
0 0.545778 0.394862 0.0152116 0.0288356 0.311105
0 0.662079 0.202023 0.0226593 0.0504292 0.30925
0 0.531152 0.473054 0.0201565 0.120181 0.283916
0 0.692051 0.2627 0.0247948 0.160982 0.279823
0 0.399817 0.851573 0.0355915 0.0592263 0.272525
0 0.367037 0.829309 0.0356763 0.091363 0.271284
