0 0.298426 0.355635 0.0334775 0.169011 0.62805
0 0.361326 0.452993 0.0492858 0.194792 0.543425
0 0.434627 0.241467 0.0272694 0.144231 0.51137
0 0.202494 0.338724 0.0276699 0.152817 0.509252
0 0.515136 0.385928 0.0274792 0.156565 0.464108
0 0.912761 0.942537 0.0373184 0.101769 0.453854
0 0.583142 0.473559 0.0247973 0.149957 0.431762
0 0.582123 0.449678 0.0221169 0.102711 0.41817
0 0.238065 0.220097 0.0258503 0.0581349 0.405872
0 0.578638 0.613371 0.0583297 0.215313 0.362142
0 0.495452 0.291971 0.0179208 0.0613773 0.300655
0 0.757263 0.791138 0.0327066 0.127492 0.286538
0 0.27226 0.21485 0.0216428 0.0393642 0.284596
0 0.613946 0.749301 0.0477533 0.239365 0.269563
0 0.79867 0.543054 0.0243347 0.140338 0.254769
0 0.135331 0.247804 0.0207709 0.050509 0.25425
