0 0.849428 0.423465 0.0282223 0.158846 0.743487
0 0.775964 0.4204 0.0616777 0.142637 0.733059
0 0.884376 0.328556 0.0332146 0.16096 0.563537
0 0.409234 0.595239 0.0350895 0.177654 0.531453
0 0.663517 0.315362 0.0374554 0.129027 0.520603
0 0.564022 0.444979 0.038056 0.136925 0.504897
0 0.472742 0.461791 0.0426501 0.201021 0.446473
0 0.858588 0.246192 0.0283501 0.0547612 0.403325
0 0.726729 0.322921 0.0156666 0.104656 0.38205
0 0.60903 0.47761 0.0613575 0.17125 0.365666
0 0.982645 0.280464 0.0262557 0.0466266 0.34879
0 0.356549 0.824666 0.0319952 0.113916 0.309556
0 0.422224 0.391427 0.032456 0.164431 0.284469
0 0.392187 0.850044 0.0360086 0.0593963 0.270036
