0 0.323175 0.459966 0.045978 0.14733 0.716179
0 0.102368 0.474997 0.0309993 0.188013 0.713169
0 0.28161 0.363953 0.0248547 0.170977 0.650345
0 0.447784 0.4512 0.0320621 0.133228 0.594678
0 0.478302 0.655559 0.0518974 0.217947 0.569702
0 0.419693 0.574526 0.0463396 0.218644 0.483023
0 0.595671 0.676736 0.0439766 0.221083 0.45013
0 0.574504 0.624391 0.035841 0.172143 0.419471
0 0.783718 0.626161 0.0283803 0.19664 0.408051
0 0.093252 0.346015 0.0205646 0.0509461 0.390308
0 0.199843 0.314009 0.0272575 0.0598721 0.384854
0 0.416797 0.326607 0.0264634 0.160749 0.383018
0 0.784358 0.651173 0.020421 0.13666 0.33287
0 0.738688 0.901868 0.0323976 0.133148 0.303053
0 0.236615 0.310792 0.0243212 0.0404252 0.294266
0 0.86647 0.861999 0.0398871 0.136233 0.274509
0 0.391042 0.262985 0.0245708 0.0453089 0.262453
0 0.0263015 0.361657 0.0254209 0.0600146 0.252886
