0 0.417425 0.41057 0.0412569 0.166996 0.637548
0 0.87857 0.334448 0.0383366 0.160343 0.573307
0 0.767211 0.41994 0.0545135 0.14528 0.564143
0 0.847523 0.41954 0.0263731 0.158228 0.519865
0 0.387825 0.849221 0.0366343 0.0563305 0.502898
0 0.593266 0.468915 0.0649424 0.17881 0.451212
0 0.293193 0.699568 0.0304317 0.213213 0.450986
0 0.653876 0.320331 0.040621 0.136609 0.447402
0 0.850335 0.245049 0.0255056 0.0494688 0.392575
0 0.812611 0.236354 0.0258927 0.0447546 0.357348
0 0.541582 0.449034 0.0416683 0.160164 0.35696
0 0.974346 0.279164 0.0275162 0.0478182 0.32834
0 0.466105 0.828533 0.0395773 0.107418 0.311145
0 0.780409 0.230381 0.0270567 0.044673 0.308235
0 0.400929 0.596493 0.0287647 0.172517 0.305222
0 0.352053 0.822107 0.0341006 0.11087 0.289606
