0 0.682658 0.554875 0.0612104 0.147635 0.792184
0 0.614762 0.233791 0.0319622 0.154639 0.787468
0 0.412322 0.742684 0.0383227 0.171517 0.593937
0 0.754786 0.321514 0.0440557 0.129971 0.570043
0 0.44723 0.348246 0.0436762 0.14123 0.562554
0 0.619423 0.413449 0.035501 0.157824 0.560514
0 0.384749 0.832909 0.0342903 0.081394 0.527186
0 0.865599 0.220863 0.0258629 0.0508397 0.509205
0 0.429145 0.817439 0.0450409 0.115322 0.502357
0 0.792873 0.203342 0.0271777 0.0554374 0.47732
0 0.504097 0.319572 0.0417204 0.139953 0.476915
0 0.774847 0.298905 0.0252756 0.113882 0.396303
0 0.382251 0.422307 0.0303476 0.193063 0.384221
0 0.64598 0.165624 0.0214544 0.051209 0.381222
0 0.929642 0.240195 0.021286 0.0435672 0.379887
0 0.602526 0.575676 0.0522321 0.168329 0.361865
0 0.824602 0.214169 0.0272125 0.0452781 0.352643
0 0.469883 0.579264 0.0509474 0.168132 0.333557
0 0.235633 0.439591 0.0342987 0.176348 0.317019
0 0.407999 0.728504 0.0437202 0.14992 0.297207
0 0.551147 0.147261 0.021359 0.0385996 0.288516
