0 0.596545 0.605804 0.0377121 0.20492 0.63736
0 0.355136 0.445846 0.0560243 0.197625 0.618539
0 0.493324 0.352195 0.0357632 0.179354 0.60479
0 0.29703 0.353559 0.037172 0.153844 0.601547
0 0.42651 0.258055 0.0232274 0.128506 0.544263
0 0.810843 0.501543 0.0479559 0.235773 0.518416
0 0.218698 0.330526 0.0251109 0.149365 0.479262
0 0.200798 0.544284 0.0444788 0.229895 0.438823
0 0.8785 0.75029 0.0304481 0.12382 0.405076
0 0.238486 0.221936 0.0264061 0.0643382 0.405063
0 0.314949 0.270149 0.0230656 0.150554 0.40432
0 0.550895 0.394983 0.0402435 0.145225 0.395805
0 0.0800825 0.262663 0.0200297 0.0473472 0.375455
0 0.573733 0.458254 0.0304074 0.167257 0.360079
0 0.559076 0.397153 0.055624 0.146585 0.354375
0 0.828723 0.793955 0.0384197 0.132333 0.35305
0 0.805876 0.537184 0.0370224 0.154496 0.328271
0 0.191348 0.891182 0.0675221 0.217636 0.320805
0 0.756702 0.795386 0.0359772 0.148965 0.276803
0 0.656025 0.745616 0.0481482 0.259043 0.273082
