0 0.182338 0.495746 0.0456809 0.184444 0.710434
0 0.353824 0.435919 0.0554046 0.199351 0.616511
0 0.530126 0.52806 0.0477692 0.173463 0.615179
0 0.301079 0.271975 0.022253 0.150745 0.610241
0 0.279597 0.34936 0.038731 0.151966 0.609471
0 0.801475 0.561114 0.0236653 0.127005 0.583536
0 0.399788 0.318508 0.0353792 0.135749 0.560369
0 0.212656 0.321704 0.0337982 0.162427 0.494696
0 0.213587 0.320281 0.0247816 0.152493 0.444496
0 0.223288 0.224539 0.0285824 0.059046 0.429686
0 0.774238 0.478838 0.0246582 0.100693 0.307484
0 0.673479 0.679511 0.0468202 0.236764 0.296786
0 0.25781 0.216224 0.0212605 0.0422261 0.28751
0 0.543493 0.356441 0.0188265 0.0703165 0.277548
0 0.817005 0.96229 0.0439541 0.0722246 0.267589
0 0.731726 0.885442 0.0331339 0.11854 0.267245
0 0.123579 0.24898 0.01943 0.0516655 0.261154
0 0.814176 0.361538 0.0270487 0.078876 0.253155
0 0.378553 0.1798 0.0249308 0.0459709 0.250342
