0 0.887907 0.963713 0.0593714 0.0725742 0.714127
0 0.445284 0.327396 0.0525648 0.144354 0.680106
0 0.747894 0.354427 0.0510895 0.148867 0.591708
0 0.348185 0.531251 0.0584571 0.180008 0.586709
0 0.448331 0.466867 0.0435929 0.145922 0.581099
0 0.516448 0.845667 0.0304407 0.0593207 0.515318
0 0.761164 0.324765 0.0217394 0.0923643 0.510747
0 0.697896 0.243723 0.0496966 0.137609 0.478653
0 0.0753377 0.632133 0.0425519 0.183201 0.429753
0 0.870542 0.476064 0.0741127 0.189769 0.422378
0 0.138351 0.834516 0.0389924 0.0956433 0.375113
0 0.604555 0.290202 0.02719 0.123796 0.33094
0 0.432952 0.121757 0.0248549 0.0475273 0.322768
0 0.574226 0.311291 0.0146955 0.0261662 0.313495
0 0.238011 0.812721 0.0357825 0.11211 0.296509
0 0.611273 0.159835 0.0289107 0.0502772 0.29168
0 0.420407 0.758083 0.0881763 0.189513 0.285786
0 0.89523 0.425048 0.0253647 0.0872007 0.28042
0 0.240034 0.838974 0.0365856 0.157319 0.266863
0 0.0805734 0.849062 0.0643697 0.129164 0.26045
0 0.200787 0.889953 0.0341931 0.103408 0.255388
