0 0.413861 0.377601 0.0344332 0.127589 0.833156
0 0.375303 0.460395 0.0268716 0.0955953 0.758713
0 0.440196 0.82645 0.0386927 0.1098 0.717761
0 0.360812 0.333568 0.0210467 0.138742 0.674838
0 0.479951 0.527111 0.0495991 0.154085 0.636616
0 0.534055 0.336064 0.0327663 0.10744 0.550725
0 0.376414 0.558004 0.0438605 0.165298 0.407784
0 0.246663 0.53417 0.0377502 0.170915 0.363124
0 0.774394 0.654552 0.038458 0.129884 0.335791
0 0.794169 0.734516 0.0260539 0.0898856 0.315994
0 0.764771 0.815135 0.0358866 0.0808861 0.301606
0 0.831544 0.734663 0.0330944 0.0978715 0.251105
