0 0.307797 0.157524 0.0331453 0.170454 0.645537
0 0.154876 0.509725 0.0458816 0.209079 0.630876
0 0.504386 0.268918 0.0452138 0.106719 0.531161
0 0.229342 0.101882 0.027886 0.0561559 0.52331
0 0.188364 0.232262 0.0291994 0.191475 0.488927
0 0.26604 0.0963861 0.0242227 0.0445352 0.477728
0 0.399731 0.0595092 0.0267384 0.0515463 0.464226
0 0.461226 0.684832 0.0525279 0.2316 0.440938
0 0.505165 0.389965 0.0459312 0.204775 0.428258
0 0.467783 0.270675 0.0338846 0.201429 0.410794
0 0.586611 0.31728 0.0310548 0.192969 0.402863
0 0.559179 0.30166 0.0396944 0.170747 0.39862
0 0.869555 0.722049 0.0352177 0.135503 0.366239
0 0.77716 0.836375 0.0425261 0.130536 0.342829
0 0.0547394 0.147058 0.0257888 0.0568954 0.305413
0 0.588699 0.296059 0.0265677 0.140626 0.301364
0 0.521547 0.197179 0.0269871 0.155694 0.286952
0 0.0874213 0.136138 0.0269372 0.0627263 0.253263
