0 0.815157 0.43537 0.0765366 0.16971 0.80466
0 0.419997 0.290907 0.0642204 0.147825 0.780287
0 0.702316 0.320225 0.0396546 0.142769 0.727085
0 0.0584096 0.605803 0.0379328 0.177489 0.704269
0 0.431116 0.826145 0.0454949 0.10562 0.696955
0 0.580881 0.238202 0.0370535 0.112091 0.670973
0 0.67885 0.653391 0.0754069 0.188492 0.637715
0 0.431586 0.47766 0.0654976 0.18032 0.577637
0 0.148558 0.805396 0.0342673 0.14721 0.560584
0 0.111649 0.790306 0.047522 0.21233 0.525021
0 0.465961 0.75474 0.0665574 0.201385 0.473706
0 0.0416875 0.822373 0.0318374 0.084555 0.405725
0 0.932148 0.910747 0.0499045 0.119944 0.402975
0 0.180565 0.835733 0.0410009 0.108868 0.399991
0 0.0150413 0.690655 0.0300825 0.105179 0.360758
0 0.32098 0.102433 0.0233102 0.0407914 0.35146
0 0.0155753 0.724148 0.0311506 0.172841 0.337654
0 0.435632 0.804832 0.0520428 0.080895 0.313974
0 0.428741 0.287754 0.0471712 0.142976 0.278346
0 0.930187 0.932781 0.0473827 0.127406 0.265664
0 0.342984 0.542358 0.060243 0.18549 0.26059
0 0.0715759 0.856658 0.0285517 0.0777874 0.252504
0 0.449336 0.420092 0.0211559 0.0627661 0.251313
