0 0.282333 0.435806 0.0522692 0.190132 0.670881
0 0.412718 0.613347 0.0351168 0.201228 0.595136
0 0.354519 0.382246 0.0477361 0.165784 0.562804
0 0.425439 0.466795 0.0460817 0.200023 0.558301
0 0.233084 0.31237 0.0378919 0.172337 0.52197
0 0.383478 0.567151 0.0367004 0.170379 0.464609
0 0.714922 0.363601 0.0338075 0.0939586 0.350954
0 0.582096 0.610705 0.0571951 0.206523 0.328731
0 0.413547 0.599457 0.0310008 0.152961 0.308756
0 0.33913 0.202635 0.0302028 0.0595464 0.306347
0 0.561139 0.455327 0.0541952 0.226579 0.277948
0 0.694856 0.445354 0.0449436 0.111643 0.271607
