0 0.240626 0.1989 0.0265248 0.0562622 0.732702
0 0.223944 0.30081 0.0333839 0.12968 0.715396
0 0.210565 0.464321 0.0423525 0.182302 0.70297
0 0.308327 0.373312 0.0415916 0.143018 0.633515
0 0.38292 0.438875 0.0284555 0.145305 0.624938
0 0.577949 0.433278 0.0450323 0.166094 0.610395
0 0.315722 0.247742 0.024865 0.141501 0.56689
0 0.380136 0.449928 0.0347832 0.178171 0.469616
0 0.669962 0.487788 0.0376884 0.203046 0.468156
0 0.192694 0.855793 0.0588282 0.235497 0.453045
0 0.409681 0.418987 0.0268428 0.103607 0.436433
0 0.274386 0.195021 0.0224003 0.0367551 0.379062
0 0.0846114 0.24304 0.0174579 0.0497687 0.366355
0 0.395443 0.157819 0.0240167 0.0445159 0.364461
0 0.409285 0.467142 0.0298723 0.198459 0.333401
0 0.403499 0.508085 0.0518027 0.167983 0.322057
0 0.822258 0.761195 0.0336937 0.12461 0.311097
