0 0.631896 0.557176 0.0483873 0.217675 0.708556
0 0.486547 0.363729 0.0347297 0.1766 0.67484
0 0.411751 0.421484 0.0297585 0.141453 0.589146
0 0.538273 0.495072 0.0360924 0.186354 0.586985
0 0.560824 0.769298 0.0643115 0.199744 0.54409
0 0.390705 0.226469 0.0280776 0.055171 0.494242
0 0.883279 0.685593 0.0254791 0.163893 0.453351
0 0.441174 0.348666 0.0225703 0.156618 0.332532
0 0.25753 0.264307 0.0238845 0.0469926 0.307787
0 0.426683 0.536254 0.0432827 0.162651 0.299874
0 0.828628 0.96229 0.0392351 0.0716223 0.292564
0 0.0701534 0.244661 0.022943 0.0749929 0.283499
0 0.737585 0.466214 0.0433462 0.102688 0.272561
0 0.914766 0.4984 0.0328197 0.101007 0.270199
