0 0.980501 0.359664 0.0388596 0.138312 0.730807
0 0.549668 0.805552 0.0430326 0.125427 0.726974
0 0.668326 0.348652 0.041428 0.15749 0.71085
0 0.638512 0.672169 0.0444981 0.220152 0.703179
0 0.509889 0.745474 0.0493084 0.136099 0.658791
0 0.778095 0.356981 0.0388958 0.150508 0.635597
0 0.744938 0.422836 0.0441749 0.176884 0.614659
0 0.60634 0.152682 0.0229733 0.0459954 0.459693
0 0.886531 0.228972 0.0286331 0.0432833 0.417272
0 0.703001 0.178225 0.025478 0.0538058 0.33195
0 0.470901 0.354896 0.0289182 0.153411 0.326129
0 0.619855 0.596144 0.0223026 0.0879791 0.324204
0 0.854101 0.221796 0.0267448 0.04451 0.321566
0 0.929901 0.238831 0.0271176 0.0474294 0.279937
