0 0.77123 0.420298 0.0566563 0.137201 0.651534
0 0.602784 0.475223 0.0595547 0.17731 0.592664
0 0.66055 0.320578 0.0407997 0.143086 0.566386
0 0.554992 0.435584 0.0389653 0.125394 0.561187
0 0.407062 0.593788 0.0347632 0.176637 0.551283
0 0.880223 0.331366 0.0377129 0.170258 0.511873
0 0.854686 0.24613 0.0230186 0.0473723 0.461213
0 0.473287 0.466745 0.040529 0.20351 0.429218
0 0.418847 0.403034 0.0399626 0.172051 0.402374
0 0.847557 0.422087 0.0303257 0.157278 0.362171
0 0.295565 0.697358 0.0281582 0.205248 0.359329
0 0.390245 0.851074 0.0370811 0.0576246 0.33621
0 0.469974 0.827183 0.0383338 0.103544 0.334224
0 0.979157 0.278827 0.027385 0.0488102 0.301933
0 0.815557 0.236362 0.0245697 0.0417126 0.28727
