0 0.879191 0.486916 0.047118 0.145697 0.783414
0 0.371615 0.549792 0.0508384 0.183752 0.508007
0 0.342429 0.472712 0.0375672 0.133412 0.48844
0 0.855515 0.260928 0.0242286 0.0460728 0.462817
0 0.767978 0.398517 0.0441019 0.160389 0.405995
0 0.561397 0.183251 0.0233889 0.0459794 0.351926
0 0.385281 0.835332 0.0406086 0.071553 0.344269
0 0.632034 0.19998 0.0224043 0.0421532 0.317507
0 0.440925 0.451688 0.0359671 0.136897 0.311323
0 0.821724 0.205139 0.0199902 0.059161 0.309762
0 0.411756 0.458107 0.0372439 0.13763 0.309486
0 0.923091 0.280362 0.0294926 0.0445215 0.30891
0 0.408747 0.441129 0.0315512 0.101086 0.284193
0 0.533044 0.406549 0.0674459 0.136404 0.267537
0 0.70771 0.161494 0.0217727 0.0512407 0.264332
0 0.906402 0.2346 0.0268108 0.0664575 0.260745
0 0.825141 0.254882 0.0225218 0.0515416 0.258545
0 0.182193 0.611402 0.0416266 0.200364 0.256637
