0 0.441813 0.633052 0.0561615 0.215844 0.794436
0 0.373183 0.474784 0.0497893 0.168862 0.712075
0 0.0264829 0.489231 0.0352546 0.194709 0.704371
0 0.402345 0.422796 0.0315968 0.159026 0.600458
0 0.262578 0.350294 0.0247586 0.170806 0.588339
0 0.178351 0.29707 0.0292624 0.0573568 0.50016
0 0.348314 0.247634 0.0274638 0.054049 0.475843
0 0.214816 0.293681 0.0244197 0.0449392 0.444986
0 0.808474 0.649734 0.0364557 0.165011 0.414559
0 0.471725 0.542048 0.0439053 0.197461 0.367916
0 0.545437 0.618143 0.0587023 0.228803 0.354613
0 0.381279 0.183478 0.0253221 0.0595508 0.31819
0 0.0294104 0.274946 0.024747 0.066596 0.30687
0 0.220174 0.234995 0.0223521 0.0780965 0.275322
0 0.620208 0.397732 0.0220798 0.065143 0.26837
