0 0.751986 0.315853 0.0345072 0.141461 0.655607
0 0.611057 0.41382 0.0405856 0.0980958 0.608031
0 0.617245 0.518269 0.0836864 0.177718 0.592672
0 0.415215 0.728759 0.0393885 0.166933 0.575092
0 0.522032 0.301947 0.0282814 0.154749 0.567277
0 0.44017 0.557009 0.0391022 0.173114 0.507527
0 0.448993 0.344574 0.0459274 0.139311 0.464332
0 0.649864 0.170253 0.021932 0.0479141 0.455025
0 0.618212 0.23826 0.0328946 0.157331 0.447373
0 0.38823 0.83278 0.0360738 0.0777363 0.408846
0 0.607658 0.45075 0.0291291 0.0573203 0.377433
0 0.929277 0.244481 0.0217152 0.0402702 0.363071
0 0.440359 0.815813 0.0433657 0.121664 0.349163
0 0.723216 0.285065 0.0411525 0.0975082 0.291684
0 0.765275 0.200204 0.0213616 0.0504358 0.281319
0 0.606249 0.422994 0.0489776 0.116673 0.279122
0 0.396311 0.395773 0.0261438 0.165639 0.269472
0 0.146598 0.26597 0.019463 0.0678643 0.268736
0 0.162797 0.305867 0.0228685 0.0690228 0.263992
