0 0.385578 0.46695 0.0408585 0.177622 0.652849
0 0.212419 0.28515 0.02316 0.0437199 0.619883
0 0.0135711 0.497743 0.0258024 0.186393 0.549197
0 0.375729 0.233945 0.0235517 0.0519101 0.48921
0 0.374425 0.306802 0.0337196 0.0903437 0.384597
0 0.175891 0.291603 0.0288017 0.0594737 0.375381
0 0.261885 0.342707 0.02459 0.173716 0.361911
0 0.518784 0.593196 0.0546288 0.222444 0.325602
0 0.484706 0.526487 0.0499787 0.192132 0.320998
0 0.331956 0.198468 0.0215857 0.0625036 0.275758
0 0.392097 0.390503 0.0391426 0.154853 0.275488
0 0.21386 0.225836 0.0208824 0.0640895 0.26873
0 0.772837 0.38748 0.0288346 0.0741644 0.267258
0 0.583178 0.622156 0.0569408 0.214321 0.256057
0 0.0250855 0.261278 0.0239207 0.0792126 0.253332
