0 0.764193 0.414877 0.0555438 0.138151 0.719177
0 0.876997 0.329139 0.0338207 0.15584 0.684538
0 0.350042 0.822914 0.0333291 0.110298 0.606616
0 0.535941 0.442951 0.0376288 0.154813 0.526327
0 0.641376 0.323736 0.0457367 0.134859 0.497188
0 0.416539 0.416115 0.0396882 0.171724 0.448701
0 0.385727 0.849165 0.0350039 0.0554851 0.440526
0 0.846053 0.410867 0.0338293 0.153312 0.435785
0 0.704575 0.308576 0.0418323 0.117607 0.434301
0 0.290833 0.694767 0.0275314 0.206213 0.397274
0 0.847227 0.245582 0.0265358 0.0505286 0.394599
0 0.878345 0.251307 0.0213597 0.0508554 0.35701
0 0.873856 0.250384 0.0198879 0.0483956 0.326174
0 0.318999 0.8105 0.0367322 0.146291 0.299548
0 0.970861 0.277914 0.023225 0.0488891 0.287745
0 0.463752 0.830389 0.0426113 0.1118 0.277484
