0 0.486653 0.592455 0.0718586 0.194251 0.637924
0 0.342112 0.419175 0.0385824 0.172237 0.627244
0 0.257198 0.331583 0.0270005 0.173798 0.614468
0 0.511314 0.493723 0.0357529 0.173524 0.587607
0 0.34727 0.228099 0.0266456 0.0551146 0.442475
0 0.21042 0.267822 0.0244886 0.0479761 0.429218
0 0.422167 0.621386 0.0521823 0.225823 0.419706
0 0.230288 0.205703 0.0219138 0.0504422 0.362214
0 0.00751553 0.560306 0.0137944 0.0339368 0.356029
0 0.825153 0.663802 0.0255028 0.160269 0.326516
0 0.38969 0.433078 0.0437315 0.226712 0.3091
0 0.343991 0.293991 0.0384846 0.105429 0.307139
0 0.054712 0.305746 0.022357 0.0596224 0.273972
0 0.210449 0.208119 0.0194997 0.0662524 0.262538
0 0.823138 0.530156 0.0384664 0.15322 0.250025
