0 0.0172802 0.616765 0.0332356 0.197634 0.568556
0 0.887161 0.538769 0.0313721 0.170922 0.562711
0 0.245151 0.240657 0.0599805 0.197328 0.5484
0 0.224059 0.140252 0.0295084 0.0630173 0.488195
0 0.569516 0.327021 0.0331554 0.193405 0.443963
0 0.266033 0.0848527 0.0197701 0.0683087 0.443579
0 0.440337 0.551858 0.0413625 0.178306 0.425424
0 0.799255 0.909393 0.0551638 0.130032 0.375622
0 0.488098 0.32262 0.0364111 0.200369 0.355152
0 0.283021 0.071582 0.0189564 0.0471142 0.353457
0 0.224143 0.170953 0.0307162 0.123726 0.342711
0 0.899788 0.806926 0.0446957 0.156096 0.308939
0 0.544086 0.324795 0.0314683 0.18788 0.305787
0 0.182145 0.132553 0.0239562 0.147198 0.302825
0 0.107588 0.174098 0.0228155 0.0529125 0.282776
0 0.90301 0.914478 0.0602467 0.123786 0.2755
0 0.264945 0.135945 0.0200343 0.0526245 0.271515
0 0.0407234 0.189163 0.0261929 0.0581587 0.271055
0 0.441632 0.776038 0.0522564 0.224491 0.259382
0 0.722896 0.30261 0.0321625 0.0689363 0.253016
0 0.952768 0.756577 0.0399853 0.14943 0.250795
0 0.0739168 0.178373 0.0209964 0.0603629 0.250682
