0 0.578928 0.419807 0.0360867 0.172293 0.732483
0 0.328158 0.36664 0.0329816 0.148181 0.713324
0 0.216217 0.304123 0.0303405 0.135898 0.646887
0 0.209534 0.453254 0.0452934 0.175192 0.643616
0 0.387255 0.492589 0.0438536 0.207295 0.621707
0 0.313787 0.240665 0.022263 0.149445 0.616088
0 0.416254 0.461463 0.0429287 0.20299 0.554928
0 0.496429 0.342898 0.0461636 0.17133 0.37227
0 0.741586 0.851047 0.0377528 0.108132 0.339043
0 0.3307 0.333511 0.0271619 0.0838227 0.336968
0 0.240356 0.189187 0.0255229 0.0542618 0.332961
0 0.478389 0.316368 0.0388848 0.130723 0.326225
0 0.0395429 0.244679 0.0238782 0.042536 0.324381
0 0.82042 0.751277 0.0364452 0.124455 0.278403
0 0.271959 0.18472 0.0208951 0.0376545 0.276554
0 0.0115702 0.252637 0.0210235 0.0528941 0.256874
0 0.775059 0.857721 0.0454713 0.163373 0.253142
