0 0.557329 0.385532 0.06858 0.136337 0.636709
0 0.793446 0.396018 0.0576461 0.154461 0.612321
0 0.901321 0.504782 0.0739143 0.14194 0.588255
0 0.372475 0.628921 0.0379586 0.115529 0.582209
0 0.344013 0.695231 0.0199617 0.0420907 0.545707
0 0.759533 0.302909 0.042348 0.133437 0.519508
0 0.840578 0.240476 0.0260195 0.0569196 0.430063
0 0.160021 0.616647 0.0443205 0.221567 0.425552
0 0.203173 0.498532 0.0334332 0.100928 0.393465
0 0.869813 0.533558 0.0126121 0.0323386 0.391213
0 0.954303 0.272513 0.0262123 0.050285 0.382409
0 0.4482 0.414048 0.0801174 0.141242 0.378699
0 0.547517 0.167988 0.0227084 0.0417288 0.37828
0 0.165315 0.468527 0.0314874 0.0859465 0.34195
0 0.182983 0.793139 0.0312256 0.084228 0.331121
0 0.908481 0.263309 0.0262167 0.0446558 0.31635
0 0.807319 0.236907 0.0284345 0.0506327 0.31495
0 0.399942 0.839508 0.0363475 0.0610441 0.277987
0 0.445719 0.869092 0.0167066 0.0339451 0.276554
0 0.648896 0.744748 0.0460906 0.205968 0.273588
0 0.912859 0.498647 0.0547265 0.146238 0.271133
0 0.319023 0.457409 0.0416136 0.124929 0.257405
