0 0.329215 0.436654 0.0529197 0.173268 0.686761
0 0.417899 0.619044 0.0427998 0.221325 0.641286
0 0.410592 0.463749 0.0440922 0.171415 0.573142
0 0.527486 0.484591 0.0426209 0.190328 0.534345
0 0.206727 0.264301 0.0247186 0.0428973 0.447481
0 0.380965 0.398472 0.0384398 0.180268 0.416076
0 0.463941 0.574216 0.0586057 0.21379 0.399721
0 0.207495 0.204609 0.0187829 0.0646641 0.394618
0 0.827237 0.65853 0.0294237 0.163621 0.383873
0 0.249453 0.328486 0.0353802 0.173048 0.358733
0 0.05246 0.301131 0.0266108 0.0565017 0.292376
0 0.398473 0.510944 0.019898 0.0738007 0.281434
0 0.824739 0.524783 0.0381983 0.156433 0.26667
0 0.141634 0.254981 0.027957 0.141704 0.253088
0 0.397021 0.522511 0.0175103 0.0517539 0.252669
