0 0.871249 0.481118 0.0485073 0.151455 0.666383
0 0.525166 0.409159 0.0506836 0.144636 0.548465
0 0.764816 0.388197 0.0391125 0.156256 0.488195
0 0.85457 0.262616 0.0242031 0.0474736 0.485684
0 0.409353 0.439287 0.0295851 0.110248 0.480146
0 0.438824 0.456819 0.0392803 0.146742 0.411862
0 0.389569 0.504537 0.044272 0.149051 0.404422
0 0.41318 0.459944 0.0378257 0.147149 0.396329
0 0.82122 0.207779 0.0201996 0.0588882 0.382795
0 0.731329 0.228057 0.022934 0.0437163 0.367191
0 0.888657 0.270816 0.0328524 0.0562335 0.363827
0 0.371324 0.541511 0.0321524 0.18617 0.346624
0 0.923151 0.280525 0.0314508 0.0486455 0.342912
0 0.178913 0.482628 0.0292489 0.0889912 0.317743
0 0.970305 0.293558 0.0293699 0.0513431 0.285856
0 0.383005 0.538976 0.0528574 0.188961 0.273065
0 0.907333 0.236285 0.0243942 0.0683732 0.26155
