0 0.924651 0.493472 0.053836 0.163521 0.782904
0 0.79362 0.390805 0.0578029 0.158358 0.694216
0 0.771953 0.974346 0.0566403 0.0512324 0.574459
0 0.447906 0.436752 0.0418278 0.106554 0.547154
0 0.357699 0.83153 0.038506 0.08872 0.546545
0 0.387699 0.697605 0.0710379 0.186187 0.545115
0 0.740441 0.308155 0.0401952 0.0838245 0.515626
0 0.377013 0.493094 0.0610016 0.110307 0.447062
0 0.153307 0.762413 0.0338626 0.0915048 0.400146
0 0.458781 0.396577 0.0630944 0.183228 0.399349
0 0.755721 0.165173 0.0190872 0.0619811 0.382288
0 0.469011 0.355963 0.0413233 0.101313 0.350902
0 0.258193 0.837866 0.0312595 0.0949481 0.343656
0 0.571848 0.15962 0.0253826 0.0388666 0.342281
0 0.803335 0.384616 0.0363163 0.145255 0.317933
0 0.607202 0.351426 0.0430708 0.111811 0.312496
0 0.27667 0.42295 0.0334182 0.101573 0.293296
