0 0.898536 0.520215 0.0515398 0.111863 0.848621
0 0.803849 0.397993 0.04004 0.155314 0.660511
0 0.568445 0.397785 0.0789001 0.108369 0.620283
0 0.658654 0.737277 0.0548016 0.182834 0.587261
0 0.379235 0.488468 0.0429579 0.110426 0.578324
0 0.897883 0.539971 0.0529306 0.0727284 0.437826
0 0.369628 0.653638 0.0668405 0.156508 0.437233
0 0.903768 0.503618 0.0416268 0.0970158 0.410677
0 0.99598 0.744157 0.00736047 0.0680213 0.4056
0 0.760244 0.299615 0.0306678 0.119441 0.384954
0 0.341808 0.690359 0.0134236 0.0399437 0.373767
0 0.750967 0.293157 0.0475752 0.133126 0.373024
0 0.152799 0.472932 0.0305994 0.104079 0.361157
0 0.919418 0.4606 0.0419863 0.0668352 0.358244
0 0.449812 0.40468 0.0749657 0.149245 0.348261
0 0.608117 0.175842 0.023786 0.0465166 0.330048
0 0.180845 0.784613 0.0274869 0.0839209 0.321334
0 0.369514 0.776669 0.0416855 0.0841577 0.317767
0 0.942617 0.266138 0.0263085 0.0453052 0.307459
0 0.155028 0.624399 0.0501768 0.235946 0.3011
0 0.827984 0.234701 0.0255155 0.0510032 0.298559
0 0.973148 0.271319 0.0175095 0.0465362 0.276463
0 0.936893 0.458472 0.0230753 0.0838478 0.274286
0 0.572745 0.442709 0.0150646 0.0195166 0.26265
0 0.536342 0.163434 0.0231436 0.0401088 0.253356
