0 0.727767 0.311707 0.0393421 0.113099 0.708151
0 0.896873 0.318154 0.0311296 0.159447 0.701002
0 0.436683 0.354093 0.0329348 0.166072 0.657877
0 0.844552 0.432091 0.0600353 0.154055 0.648549
0 0.79004 0.426581 0.0411934 0.14511 0.636747
0 0.483178 0.425007 0.0363501 0.199713 0.453161
0 0.621587 0.479367 0.0363821 0.164426 0.450173
0 0.873494 0.242544 0.0277996 0.0509722 0.43088
0 0.402192 0.849411 0.0372105 0.056104 0.392167
0 0.313708 0.6975 0.0428415 0.213337 0.370555
0 0.491924 0.828353 0.0440909 0.0980986 0.363464
0 0.422143 0.604623 0.0378128 0.182057 0.324926
0 0.337162 0.817832 0.0377715 0.112382 0.301819
0 0.834583 0.234522 0.0276112 0.0415784 0.285186
0 0.263915 0.833764 0.0282698 0.0787891 0.267778
0 0.676518 0.305755 0.0375621 0.142149 0.259101
0 0.801272 0.226705 0.027894 0.0473755 0.253547
