0 0.649791 0.612737 0.0291558 0.151313 0.738436
0 0.442222 0.248975 0.0354866 0.0961778 0.690507
0 0.91994 0.589439 0.0264724 0.155707 0.631202
0 0.6554 0.727073 0.0398324 0.161076 0.629475
0 0.348695 0.282033 0.0254242 0.142286 0.520309
0 0.141207 0.60413 0.0488702 0.166903 0.4821
0 0.438908 0.689141 0.0503035 0.199809 0.446106
0 0.870755 0.829182 0.0317932 0.0975674 0.422883
0 0.518746 0.332883 0.0424717 0.122174 0.399503
0 0.508995 0.622075 0.057176 0.173529 0.397526
0 0.19539 0.216054 0.0175899 0.0441745 0.327692
0 0.486038 0.583062 0.019359 0.102762 0.325476
0 0.221819 0.214428 0.0209472 0.0404766 0.322563
0 0.515616 0.313826 0.0329069 0.0835494 0.276631
0 0.0164485 0.487601 0.0314417 0.15893 0.272041
0 0.939797 0.71275 0.0307552 0.107268 0.25217
