0 0.410721 0.380816 0.0288109 0.124897 0.718418
0 0.257083 0.544555 0.0598509 0.174772 0.676315
0 0.53154 0.330734 0.025337 0.0995266 0.644948
0 0.385887 0.480045 0.0298524 0.135496 0.580153
0 0.481403 0.531254 0.0364685 0.157079 0.569321
0 0.357133 0.344775 0.0204894 0.138774 0.482012
0 0.447048 0.828773 0.0359552 0.117223 0.401735
0 0.826834 0.745508 0.0278202 0.0945341 0.387821
0 0.358895 0.572241 0.0346114 0.177912 0.357936
0 0.771961 0.659853 0.0379948 0.128455 0.297351
0 0.643308 0.538853 0.0288031 0.171859 0.269803
0 0.482919 0.485201 0.0317988 0.0607815 0.255573
