0 0.441431 0.635296 0.0551583 0.215891 0.827633
0 0.372499 0.47848 0.0476843 0.160768 0.819541
0 0.02748 0.48969 0.0357004 0.194273 0.68164
0 0.263025 0.351172 0.025449 0.171188 0.581028
0 0.348522 0.24795 0.0276017 0.054836 0.484179
0 0.402796 0.422425 0.0312414 0.168882 0.483955
0 0.808464 0.64958 0.0378094 0.166162 0.421932
0 0.469923 0.543067 0.0433417 0.197896 0.420875
0 0.389695 0.319327 0.0309727 0.12175 0.415845
0 0.215741 0.291635 0.0248417 0.04547 0.392603
0 0.21984 0.235762 0.0212489 0.0762299 0.384622
0 0.550047 0.620077 0.0657419 0.224007 0.358268
0 0.0297902 0.274978 0.0253366 0.0667269 0.343396
0 0.619799 0.39862 0.0224352 0.0644034 0.311496
0 0.178549 0.299196 0.0285802 0.0592714 0.307889
0 0.064671 0.32924 0.0226313 0.0547908 0.279415
0 0.381535 0.183924 0.0250505 0.0573512 0.259777
0 0.241634 0.277861 0.0249622 0.0609229 0.255979
