0 0.884491 0.49116 0.0624897 0.146911 0.750442
0 0.773952 0.403819 0.0519373 0.170617 0.606134
0 0.854751 0.252325 0.0264187 0.0575222 0.562307
0 0.537849 0.405776 0.0735274 0.119643 0.534805
0 0.378561 0.829479 0.0381678 0.0782856 0.476433
0 0.76917 0.29933 0.0348565 0.153934 0.444533
0 0.819982 0.251072 0.031023 0.0540258 0.368712
0 0.560736 0.179927 0.0232153 0.0470072 0.349647
0 0.923163 0.277075 0.0285923 0.0455376 0.323341
0 0.820577 0.201718 0.0201944 0.058408 0.300957
0 0.706775 0.154613 0.0199486 0.0555717 0.259884
0 0.372096 0.507698 0.0549019 0.141302 0.258318
0 0.631731 0.198963 0.022024 0.0413861 0.256715
0 0.337716 0.463617 0.0398589 0.125314 0.256024
