0 0.57587 0.608842 0.0282476 0.174559 0.748235
0 0.320224 0.447483 0.0405626 0.157191 0.717428
0 0.283018 0.367002 0.0241812 0.161259 0.645605
0 0.41414 0.576072 0.0637718 0.211589 0.614697
0 0.114547 0.47055 0.0281614 0.162967 0.555403
0 0.414694 0.329037 0.0248278 0.161354 0.546237
0 0.457274 0.46306 0.0466503 0.149635 0.50214
0 0.478053 0.656722 0.0495671 0.228444 0.400746
0 0.598162 0.699097 0.0467613 0.210421 0.359489
0 0.202252 0.316258 0.0270685 0.0628161 0.324887
0 0.238783 0.309258 0.0231998 0.038724 0.323776
0 0.0973075 0.34644 0.0186375 0.0516734 0.312922
0 0.740864 0.910338 0.0365763 0.153279 0.274031
0 0.575966 0.565567 0.027268 0.0956165 0.258076
0 0.576912 0.588997 0.0259237 0.117918 0.256525
0 0.0792718 0.295521 0.0188538 0.0521177 0.255553
0 0.0308683 0.359408 0.0249909 0.0619551 0.253752
0 0.392233 0.263738 0.0228502 0.0435958 0.25139
