0 0.255939 0.665251 0.0566208 0.1967 0.656365
0 0.519548 0.348032 0.0232604 0.119224 0.594316
0 0.455167 0.587509 0.0385633 0.178799 0.567084
0 0.334963 0.572103 0.0440427 0.181289 0.5485
0 0.637232 0.570068 0.0493635 0.183988 0.516041
0 0.728701 0.720707 0.0486132 0.158541 0.513067
0 0.459577 0.479683 0.0250055 0.113284 0.496544
0 0.333983 0.553859 0.0340663 0.1446 0.452522
0 0.953117 0.966841 0.033498 0.0641619 0.38933
0 0.489917 0.857997 0.0141603 0.031802 0.328248
0 0.331848 0.619984 0.0624107 0.0888197 0.302616
0 0.491001 0.329504 0.0196873 0.143414 0.28777
0 0.116757 0.347994 0.0221834 0.0505904 0.2837
0 0.33395 0.526695 0.0309419 0.0909081 0.28284
