0 0.510942 0.458551 0.0516243 0.18179 0.735984
0 0.632233 0.545848 0.0341191 0.249477 0.60509
0 0.316384 0.637885 0.0666377 0.223318 0.556767
0 0.411827 0.338613 0.0353649 0.188809 0.553
0 0.48694 0.375104 0.034155 0.110186 0.485519
0 0.820146 0.913568 0.0473549 0.167054 0.452825
0 0.98786 0.688733 0.0236584 0.107008 0.389045
0 0.0638445 0.205789 0.0302125 0.0786952 0.388513
0 0.295542 0.221944 0.0216281 0.0575243 0.371739
0 0.574534 0.267354 0.0240878 0.0771289 0.357299
0 0.584682 0.450161 0.0499973 0.155999 0.357164
0 0.526789 0.341668 0.0337386 0.191383 0.34798
0 0.915421 0.922708 0.0480084 0.153355 0.339516
0 0.928091 0.649046 0.0355007 0.240823 0.333093
0 0.873995 0.554924 0.0276024 0.109055 0.326876
0 0.282998 0.179425 0.0187773 0.0736478 0.320419
0 0.231762 0.307516 0.0237694 0.182228 0.290283
0 0.282899 0.16728 0.0188638 0.0585215 0.285899
0 0.266335 0.183024 0.0193315 0.0716891 0.284891
0 0.35002 0.206789 0.0280931 0.0560825 0.283358
0 0.855318 0.918276 0.0535097 0.138662 0.277134
0 0.713757 0.378981 0.0272999 0.0686055 0.273028
0 0.203493 0.224086 0.0232301 0.145413 0.270901
0 0.432919 0.188773 0.022644 0.0454079 0.262034
0 0.404068 0.193802 0.0282935 0.0507618 0.255261
0 0.863591 0.966673 0.0405731 0.0666549 0.25388
0 0.106047 0.273754 0.0191234 0.0507798 0.251725
