0 0.683208 0.593743 0.0316165 0.230727 0.757572
0 0.28878 0.337419 0.0341558 0.15248 0.623797
0 0.19709 0.453933 0.0413539 0.173647 0.577028
0 0.449185 0.479174 0.0478225 0.135744 0.56762
0 0.367459 0.425117 0.0469589 0.18523 0.562064
0 0.221351 0.306162 0.0283515 0.14236 0.559048
0 0.400465 0.330382 0.0171256 0.0944991 0.535483
0 0.307696 0.262062 0.0236498 0.155052 0.478319
0 0.743035 0.777927 0.0355921 0.150942 0.470174
0 0.547093 0.384598 0.0330852 0.154984 0.394845
0 0.813588 0.781475 0.0370335 0.140526 0.380006
0 0.734116 0.874189 0.0363256 0.108893 0.295666
0 0.230584 0.214656 0.0273091 0.0607913 0.289609
0 0.546917 0.426114 0.0328148 0.0715417 0.273066
0 0.524225 0.324095 0.0256466 0.0945806 0.27169
0 0.395157 0.330521 0.0250947 0.0888876 0.270264
0 0.387828 0.365662 0.0264604 0.140518 0.262894
