0 0.260496 0.223892 0.0262241 0.0534741 0.63481
0 0.606526 0.527948 0.0614206 0.192845 0.631615
0 0.382775 0.804153 0.0337248 0.125488 0.625663
0 0.333933 0.319502 0.0313255 0.191467 0.569178
0 0.401479 0.187187 0.029596 0.0536446 0.497957
0 0.985932 0.678653 0.0269284 0.109728 0.437226
0 0.430809 0.180425 0.0238651 0.0495599 0.400668
0 0.280931 0.163663 0.02132 0.0556957 0.370002
0 0.214773 0.274549 0.0232061 0.147587 0.368731
0 0.22909 0.303047 0.0234723 0.181961 0.353335
0 0.384034 0.79401 0.0250413 0.10208 0.335639
0 0.388936 0.133901 0.0252599 0.0773303 0.300827
0 0.531665 0.304822 0.0298191 0.111577 0.299079
0 0.764826 0.354408 0.0305547 0.0941403 0.297356
0 0.0637377 0.206551 0.0345734 0.0777981 0.273212
0 0.505897 0.432867 0.0630418 0.206832 0.268812
