0 0.581478 0.867029 0.0319948 0.0804556 0.815774
0 0.468671 0.416984 0.0265416 0.120839 0.759233
0 0.652888 0.315221 0.0557857 0.113873 0.754247
0 0.738517 0.430312 0.071648 0.13499 0.751514
0 0.820845 0.412412 0.0306891 0.139077 0.704424
0 0.867637 0.344949 0.0392005 0.151864 0.532178
0 0.90833 0.270911 0.0205515 0.0456487 0.52886
0 0.590604 0.335359 0.0349268 0.151475 0.496187
0 0.281968 0.791609 0.0319909 0.130739 0.473384
0 0.264924 0.653443 0.0389254 0.198625 0.46803
0 0.346145 0.864813 0.0381561 0.0931491 0.467911
0 0.487599 0.408307 0.0218413 0.0888281 0.459633
0 0.487186 0.418401 0.0254853 0.106176 0.428458
0 0.438307 0.836892 0.0418444 0.137822 0.412461
0 0.751945 0.23274 0.0257208 0.042738 0.38797
0 0.788265 0.239292 0.0258129 0.0477333 0.357746
0 0.34528 0.589326 0.0377012 0.164945 0.357218
0 0.453541 0.555869 0.0413599 0.182826 0.336314
0 0.487153 0.434998 0.0273583 0.142287 0.317099
0 0.309716 0.82609 0.032292 0.117927 0.303906
