0 0.478637 0.489376 0.0452839 0.149463 0.740715
0 0.193075 0.465005 0.0340789 0.178967 0.732525
0 0.218624 0.311212 0.0308653 0.137251 0.717623
0 0.364514 0.425918 0.0486954 0.190422 0.71515
0 0.285527 0.337958 0.0336555 0.149998 0.568517
0 0.204719 0.409804 0.0179468 0.0675105 0.45632
0 0.305048 0.264782 0.0213812 0.154838 0.440745
0 0.677252 0.63459 0.0416204 0.224925 0.343213
0 0.194657 0.407253 0.0186989 0.0600176 0.321333
0 0.394879 0.360031 0.0305099 0.152247 0.309895
0 0.810935 0.791003 0.0354622 0.134783 0.277543
0 0.263437 0.208929 0.0224368 0.0418612 0.262296
