0 0.529541 0.30808 0.0220627 0.135258 0.717308
0 0.458457 0.34636 0.052083 0.141725 0.688955
0 0.749314 0.327465 0.0324686 0.121895 0.643966
0 0.716442 0.269528 0.0437454 0.130142 0.639141
0 0.389456 0.833732 0.0346014 0.0769612 0.604851
0 0.607271 0.433335 0.0506967 0.115393 0.585779
0 0.419591 0.737797 0.0405485 0.179446 0.576885
0 0.424485 0.559784 0.0420122 0.156406 0.492698
0 0.61896 0.241657 0.0325907 0.155836 0.491075
0 0.404714 0.398397 0.025338 0.178004 0.430945
0 0.592144 0.495022 0.0634426 0.172735 0.421084
0 0.929339 0.24575 0.0233887 0.0428777 0.357086
0 0.795053 0.211871 0.0237633 0.0503225 0.34715
0 0.165305 0.309312 0.0223858 0.0714916 0.322176
0 0.442753 0.817014 0.0453589 0.122705 0.311033
0 0.825515 0.222018 0.0246403 0.0451648 0.303195
0 0.65001 0.172281 0.0226457 0.0509158 0.301974
0 0.252456 0.826474 0.0325557 0.0896535 0.287804
0 0.865525 0.228425 0.0250763 0.0470443 0.285332
0 0.353578 0.81943 0.036228 0.120143 0.285233
0 0.138256 0.335274 0.0244601 0.0818985 0.262911
