0 0.561974 0.620935 0.0479604 0.19183 0.688818
0 0.806616 0.427969 0.0295073 0.157645 0.68242
0 0.856361 0.368398 0.0455277 0.115528 0.659339
0 0.27612 0.635674 0.0515121 0.198465 0.654358
0 0.703957 0.436242 0.0486439 0.135381 0.586797
0 0.309318 0.567968 0.0414922 0.161304 0.577786
0 0.407683 0.443276 0.0239165 0.167707 0.553524
0 0.672338 0.311528 0.0242391 0.157475 0.529028
0 0.229118 0.807339 0.0406514 0.162609 0.516842
0 0.553004 0.339228 0.0327522 0.147555 0.49239
0 0.424299 0.455419 0.0251251 0.178859 0.445133
0 0.142042 0.778146 0.0377922 0.0812299 0.412601
0 0.479686 0.842788 0.0283339 0.0853618 0.390512
0 0.833836 0.25493 0.0223644 0.0449567 0.351213
0 0.162173 0.836084 0.0277902 0.0851606 0.327941
0 0.0706673 0.760688 0.0322252 0.0847262 0.295095
0 0.501707 0.521867 0.0519827 0.176166 0.288099
0 0.26159 0.835318 0.0312876 0.120601 0.284045
0 0.812715 0.421736 0.0181684 0.136956 0.269746
0 0.369237 0.165304 0.0192755 0.0363704 0.253858
