0 0.478716 0.398725 0.045563 0.211439 0.687605
0 0.18622 0.503427 0.0435368 0.214226 0.684507
0 0.584227 0.350252 0.0274325 0.180804 0.607767
0 0.191691 0.251858 0.033545 0.176932 0.561867
0 0.467169 0.242137 0.0288353 0.118868 0.543186
0 0.467115 0.274941 0.0323126 0.182937 0.478777
0 0.314767 0.173715 0.0271419 0.159001 0.468376
0 0.556782 0.309314 0.0393413 0.136831 0.417258
0 0.510983 0.229456 0.040505 0.164705 0.415415
0 0.235123 0.116062 0.0271886 0.0575514 0.376113
0 0.393588 0.652509 0.0570831 0.220529 0.310836
0 0.0667833 0.161737 0.0224656 0.0535884 0.310715
0 0.957481 0.551323 0.0495547 0.110029 0.286876
0 0.216598 0.101116 0.0221537 0.143749 0.282947
0 0.85227 0.71595 0.0346588 0.130436 0.26546
0 0.566249 0.291681 0.0195058 0.095546 0.260691
