0 0.959348 0.32758 0.038552 0.173533 0.739936
0 0.634694 0.335911 0.0456789 0.150694 0.734451
0 0.687575 0.397658 0.0398006 0.18845 0.597194
0 0.626994 0.679258 0.0558336 0.210304 0.561949
0 0.784412 0.301538 0.0381275 0.116612 0.557851
0 0.483141 0.327908 0.0294206 0.163141 0.530295
0 0.718791 0.303735 0.0233364 0.141226 0.485404
0 0.566758 0.701964 0.0740674 0.193881 0.457823
0 0.854685 0.208482 0.0293712 0.0558194 0.43225
0 0.443251 0.380836 0.0343227 0.186011 0.349333
0 0.705803 0.166921 0.0226408 0.0512181 0.342257
0 0.641582 0.787875 0.0281349 0.0670536 0.331139
0 0.823258 0.201564 0.0234507 0.0481315 0.305962
0 0.205874 0.295264 0.0240101 0.068317 0.275789
0 0.87576 0.174069 0.0228195 0.0663308 0.272555
