0 0.226154 0.309887 0.0303679 0.129389 0.862249
0 0.295621 0.350662 0.0295866 0.139772 0.756605
0 0.204574 0.450217 0.0424559 0.169361 0.615147
0 0.683728 0.540329 0.0398723 0.198579 0.602421
0 0.409256 0.493922 0.052321 0.184766 0.586449
0 0.314654 0.257063 0.0224162 0.145934 0.573982
0 0.818311 0.770971 0.0376511 0.123556 0.457821
0 0.473866 0.384895 0.0595068 0.101057 0.36193
0 0.272097 0.200517 0.0215464 0.0474632 0.356714
0 0.749639 0.76204 0.0355929 0.127267 0.335281
0 0.868134 0.539021 0.0270546 0.0858285 0.296393
0 0.23834 0.228339 0.0263846 0.0905849 0.283745
0 0.539465 0.392383 0.0588167 0.146878 0.278346
0 0.898432 0.910369 0.0348366 0.0953062 0.258151
