0 0.5133 0.678557 0.0597046 0.147576 0.633254
0 0.754314 0.61192 0.0546998 0.194988 0.606941
0 0.687234 0.345861 0.0446752 0.151147 0.560341
0 0.790689 0.383362 0.03655 0.154185 0.509043
0 0.510697 0.758677 0.0433348 0.0987612 0.506105
0 0.500472 0.363208 0.0364555 0.160908 0.500801
0 0.507322 0.769892 0.0537462 0.125058 0.478838
0 0.73169 0.412813 0.0581128 0.168479 0.457665
0 0.507215 0.831408 0.0527541 0.0885849 0.41358
0 0.595691 0.15637 0.0221058 0.0408315 0.391882
0 0.692855 0.17943 0.0232854 0.0508939 0.347699
0 0.912497 0.233914 0.0278809 0.0568366 0.327499
0 0.508087 0.808172 0.0516531 0.135971 0.321627
0 0.484567 0.312529 0.0380503 0.164083 0.316613
0 0.518312 0.67228 0.0441543 0.135868 0.311911
0 0.965109 0.349239 0.0362251 0.16918 0.305757
