0 0.510241 0.453386 0.0521726 0.181782 0.738962
0 0.363662 0.328444 0.0481744 0.182897 0.655222
0 0.261871 0.224248 0.0259899 0.0512484 0.642902
0 0.916245 0.628073 0.0432758 0.213538 0.585151
0 0.573048 0.26727 0.0256428 0.0959217 0.492481
0 0.402654 0.186103 0.0297163 0.0539984 0.479464
0 0.280949 0.162869 0.0209239 0.058004 0.440211
0 0.986959 0.677882 0.0255012 0.108168 0.430236
0 0.531143 0.336488 0.036111 0.181402 0.425521
0 0.611537 0.519438 0.0678389 0.224029 0.414354
0 0.388999 0.132485 0.0260047 0.0808384 0.408144
0 0.264201 0.171934 0.0204696 0.0642418 0.352774
0 0.76601 0.352245 0.0302242 0.0917836 0.349326
0 0.431135 0.181483 0.0228508 0.0468744 0.342282
0 0.228867 0.300912 0.0241359 0.184874 0.339634
0 0.0618204 0.199864 0.0321331 0.0766085 0.329849
0 0.915727 0.918102 0.0568459 0.156005 0.329744
0 0.281295 0.174133 0.0213388 0.0732358 0.283273
0 0.816261 0.911481 0.0572689 0.175904 0.281466
0 0.216469 0.241289 0.0213117 0.0774542 0.273224
0 0.990743 0.669453 0.0178382 0.0916812 0.259909
