0 0.654974 0.314388 0.0529146 0.116659 0.758016
0 0.471333 0.416991 0.0259605 0.116469 0.717415
0 0.58887 0.330444 0.0329972 0.137063 0.670122
0 0.739652 0.429741 0.0680674 0.138077 0.641092
0 0.869895 0.342939 0.0407051 0.149425 0.603891
0 0.820776 0.411159 0.0343243 0.132517 0.593322
0 0.348435 0.86373 0.0392833 0.091386 0.56631
0 0.588482 0.867949 0.0327072 0.0802122 0.525473
0 0.439714 0.837123 0.0418011 0.137088 0.517834
0 0.91191 0.27046 0.0215071 0.045581 0.503839
0 0.489732 0.412042 0.0237291 0.0984101 0.445573
0 0.266478 0.66227 0.0404801 0.211569 0.370895
0 0.794162 0.241201 0.023044 0.0464238 0.338008
0 0.3478 0.589773 0.0369925 0.165931 0.312454
0 0.285847 0.793399 0.0328338 0.124065 0.288953
0 0.126615 0.777196 0.0353614 0.136466 0.277335
0 0.472485 0.447897 0.0230419 0.159549 0.256356
