0 0.356065 0.473911 0.0457686 0.174384 0.686891
0 0.552872 0.651494 0.0569795 0.225493 0.572278
0 0.0485446 0.488178 0.0438202 0.194046 0.547796
0 0.796444 0.649464 0.0419402 0.17086 0.513777
0 0.268649 0.359314 0.0257156 0.165069 0.431555
0 0.0717818 0.340386 0.0199603 0.0517282 0.404628
0 0.397763 0.392656 0.0241313 0.134474 0.379959
0 0.821778 0.912679 0.0444248 0.127941 0.35893
0 0.352214 0.260252 0.0284793 0.0519645 0.357413
0 0.741196 0.904432 0.0344765 0.126715 0.323799
0 0.411637 0.435173 0.0318548 0.166511 0.32063
0 0.587514 0.643173 0.0503309 0.178107 0.31264
0 0.0983529 0.331375 0.0212007 0.0533761 0.30308
0 0.870282 0.864441 0.039946 0.129612 0.292947
0 0.18348 0.307073 0.0283553 0.0574923 0.284494
0 0.0362547 0.284222 0.0246713 0.0748057 0.276241
0 0.743175 0.453009 0.032663 0.0759273 0.265863
0 0.794566 0.4593 0.0267075 0.103148 0.264458
0 0.689122 0.491153 0.0451097 0.108485 0.260346
0 0.405805 0.423133 0.0345579 0.18551 0.256982
