0 0.398638 0.424033 0.0503033 0.117573 0.798291
0 0.278433 0.640039 0.0428082 0.189661 0.703026
0 0.466147 0.583211 0.0382958 0.15416 0.63066
0 0.441939 0.494847 0.0365425 0.158164 0.565574
0 0.511755 0.347508 0.0452449 0.116117 0.494629
0 0.637256 0.564213 0.0484867 0.170767 0.477678
0 0.351466 0.387958 0.0450913 0.119829 0.443685
0 0.746927 0.712171 0.0374598 0.160606 0.323946
0 0.750559 0.69024 0.0341589 0.115378 0.316687
0 0.484854 0.854799 0.0290488 0.04491 0.313746
0 0.318411 0.568371 0.0355066 0.176378 0.306276
0 0.825688 0.803429 0.0274738 0.100117 0.29201
0 0.519727 0.345651 0.0281654 0.11038 0.282468
0 0.324454 0.330176 0.0166932 0.106225 0.255211
0 0.136751 0.344449 0.0208947 0.0483627 0.253222
