0 0.302916 0.362988 0.0337233 0.142798 0.863881
0 0.210213 0.467861 0.0420408 0.186999 0.689157
0 0.382091 0.412088 0.0265901 0.124121 0.680377
0 0.402895 0.522211 0.0511959 0.152163 0.63964
0 0.225287 0.309667 0.0349787 0.126777 0.582778
0 0.404227 0.419114 0.0253097 0.111141 0.561419
0 0.677613 0.513502 0.0407622 0.196628 0.518286
0 0.5751 0.433126 0.0361957 0.169258 0.486318
0 0.48443 0.355517 0.0457421 0.130717 0.442333
0 0.275803 0.196662 0.0217941 0.0419743 0.419119
0 0.822623 0.769888 0.0350079 0.127933 0.394629
0 0.31659 0.25101 0.0226483 0.143849 0.392926
0 0.752341 0.757927 0.0373061 0.123709 0.381257
0 0.192032 0.861596 0.0584632 0.234687 0.380903
0 0.372724 0.407435 0.0343195 0.113817 0.337194
0 0.2419 0.204703 0.0259564 0.049798 0.336145
0 0.900864 0.908141 0.0339939 0.100872 0.313895
0 0.759635 0.807697 0.0310575 0.0868188 0.294812
0 0.788047 0.462023 0.02747 0.0935435 0.292809
0 0.395331 0.163199 0.0238588 0.0442468 0.289592
0 0.925314 0.601576 0.0327496 0.0907112 0.287559
0 0.832884 0.352481 0.0271912 0.0816228 0.267661
0 0.917862 0.609107 0.047592 0.106884 0.260617
0 0.0121417 0.26737 0.0218697 0.0541441 0.253173
