0 0.50813 0.349054 0.0255566 0.129571 0.807351
0 0.354104 0.567691 0.0628666 0.213306 0.737137
0 0.189228 0.695825 0.0398154 0.211445 0.634098
0 0.832931 0.614613 0.0310326 0.182236 0.562925
0 0.43887 0.596964 0.0452597 0.206065 0.519348
0 0.483156 0.503328 0.047937 0.165722 0.512679
0 0.473575 0.328149 0.0225675 0.152292 0.483811
0 0.698598 0.743697 0.0568123 0.186743 0.464066
0 0.0689556 0.352268 0.0261999 0.0503433 0.392822
0 0.635199 0.583355 0.0479373 0.203667 0.382603
0 0.411528 0.420994 0.0584748 0.155238 0.37084
0 0.768772 0.857327 0.0354217 0.147671 0.343341
0 0.888573 0.823034 0.0322998 0.134672 0.288702
0 0.135316 0.336087 0.0212163 0.0481145 0.274742
0 0.0964683 0.345304 0.0225737 0.041723 0.267934
0 0.797457 0.838885 0.0313095 0.0927276 0.261002
0 0.431857 0.259594 0.0247071 0.043921 0.254377
