0 0.864486 0.35987 0.0346321 0.115645 0.816055
0 0.816167 0.419227 0.03129 0.148214 0.719973
0 0.719328 0.436501 0.0629776 0.146608 0.678309
0 0.251859 0.80884 0.0333555 0.177961 0.676671
0 0.66773 0.304103 0.0231574 0.138984 0.636297
0 0.451707 0.453917 0.0280174 0.1827 0.565893
0 0.510681 0.603843 0.0709906 0.202584 0.54344
0 0.435006 0.431104 0.0251001 0.155207 0.525181
0 0.519471 0.600373 0.0476995 0.195711 0.446734
0 0.571504 0.340087 0.0280961 0.155883 0.416025
0 0.818945 0.405813 0.0259358 0.119169 0.40282
0 0.837951 0.247723 0.0222866 0.0491822 0.37711
0 0.271924 0.637951 0.0482944 0.186494 0.370412
0 0.32668 0.572738 0.0360686 0.161933 0.351585
0 0.521185 0.856619 0.0296153 0.100221 0.343582
0 0.867603 0.259108 0.0210319 0.0403225 0.340849
0 0.435837 0.402664 0.0228419 0.097572 0.338642
0 0.282117 0.844741 0.0321574 0.153517 0.308103
0 0.185264 0.831719 0.03006 0.083739 0.267727
0 0.319433 0.854974 0.0379619 0.103451 0.258821
0 0.751837 0.232061 0.0238129 0.0456356 0.258075
0 0.390554 0.871867 0.0373247 0.0724655 0.254888
