0 0.683211 0.597515 0.0331753 0.233344 0.77759
0 0.451633 0.4804 0.052331 0.136919 0.644868
0 0.288458 0.339094 0.0349238 0.148752 0.605506
0 0.19714 0.456073 0.0409118 0.176584 0.586973
0 0.221038 0.30684 0.0287615 0.14314 0.565511
0 0.307489 0.263081 0.0237915 0.153465 0.529881
0 0.367276 0.422973 0.0464455 0.184811 0.509614
0 0.743163 0.777477 0.036171 0.150598 0.451937
0 0.547155 0.385305 0.0328178 0.153664 0.438897
0 0.81328 0.781565 0.0371454 0.140616 0.415424
0 0.282661 0.331946 0.0261634 0.149832 0.39619
0 0.734445 0.874815 0.0355026 0.110322 0.30082
0 0.391196 0.363762 0.0313699 0.149484 0.293222
0 0.230411 0.215086 0.0273776 0.0607531 0.279511
0 0.518677 0.322901 0.0342259 0.0980034 0.275757
0 0.401352 0.331246 0.0170544 0.0921068 0.266439
0 0.519617 0.372536 0.0627481 0.154903 0.260107
