0 0.300758 0.313254 0.0473876 0.171572 0.53016
0 0.239006 0.293718 0.0329949 0.169853 0.504734
0 0.540388 0.400623 0.0249843 0.157747 0.460397
0 0.495512 0.414179 0.0495603 0.213943 0.441572
0 0.390256 0.608137 0.0577849 0.21277 0.428839
0 0.539228 0.405943 0.0369336 0.192266 0.419073
0 0.584813 0.494298 0.0408396 0.221724 0.392638
0 0.404085 0.801858 0.0607294 0.131074 0.35201
0 0.856574 0.95653 0.0446621 0.0816387 0.349422
0 0.260675 0.214004 0.0257761 0.0448928 0.340422
0 0.281283 0.156803 0.0225645 0.0671301 0.332241
0 0.430978 0.167837 0.0236707 0.0487682 0.318148
0 0.89999 0.596957 0.0431337 0.235408 0.31433
0 0.572177 0.239354 0.0242354 0.0674085 0.313287
0 0.763988 0.339367 0.0291556 0.090087 0.29455
0 0.830051 0.326815 0.0324398 0.0851562 0.280845
0 0.591218 0.45262 0.0402158 0.13351 0.273691
0 0.400688 0.174738 0.0296131 0.0532472 0.261742
0 0.219403 0.260576 0.0302594 0.145283 0.254312
0 0.3058 0.165605 0.0204661 0.0868298 0.25393
0 0.84922 0.895462 0.0497964 0.140242 0.250269
