0 0.634296 0.364283 0.034772 0.130692 0.672466
0 0.450231 0.340151 0.0377392 0.147076 0.614628
0 0.777114 0.307166 0.0397896 0.131297 0.613412
0 0.876329 0.303414 0.0540153 0.170947 0.594656
0 0.658166 0.268698 0.0269508 0.119307 0.569198
0 0.582947 0.356662 0.0397717 0.174112 0.549143
0 0.410333 0.836676 0.0328426 0.0760222 0.517637
0 0.73252 0.737386 0.0541817 0.226536 0.398961
0 0.905518 0.220874 0.0259049 0.0557096 0.389975
0 0.402907 0.422661 0.0393446 0.182528 0.364161
0 0.459505 0.292883 0.0160896 0.0559651 0.332931
0 0.82956 0.202929 0.0286202 0.0537291 0.312629
0 0.185168 0.292538 0.0255493 0.0693327 0.304138
0 0.1389 0.421449 0.0257775 0.0723402 0.269009
0 0.968823 0.245387 0.0234621 0.0386449 0.267898
0 0.68184 0.161876 0.0243714 0.0489727 0.26749
0 0.645196 0.865276 0.015679 0.0532303 0.265081
0 0.617587 0.650142 0.0384964 0.130864 0.250851
