0 0.311812 0.325094 0.0510249 0.178805 0.762465
0 0.531969 0.315703 0.0282166 0.136439 0.548116
0 0.39325 0.805458 0.0437264 0.127687 0.494506
0 0.401588 0.182058 0.0302589 0.0571984 0.469847
0 0.260917 0.219327 0.0250025 0.0515637 0.452241
0 0.765674 0.348528 0.032443 0.0856893 0.434788
0 0.98637 0.676125 0.0266507 0.109285 0.424993
0 0.503389 0.431146 0.0669289 0.206151 0.390692
0 0.907796 0.604274 0.0401146 0.251118 0.351498
0 0.281842 0.162184 0.0235764 0.0620913 0.343868
0 0.263423 0.171123 0.0197765 0.0624287 0.316073
0 0.76362 0.440862 0.0438675 0.117901 0.29889
0 0.231576 0.297706 0.020401 0.185 0.27727
0 0.216359 0.240494 0.0230511 0.0803573 0.274946
0 0.061914 0.20087 0.0317301 0.0752713 0.269808
0 0.388487 0.129784 0.0241306 0.0757233 0.254077
0 0.215631 0.271151 0.0230872 0.14416 0.252202
0 0.37448 0.185319 0.0272024 0.0649399 0.250632
