0 0.641165 0.345723 0.0533133 0.151079 0.796183
0 0.978749 0.349012 0.0411517 0.155509 0.688125
0 0.730488 0.447525 0.0469372 0.152508 0.68274
0 0.51098 0.776931 0.0624309 0.181228 0.595582
0 0.479584 0.317587 0.0260088 0.151222 0.575035
0 0.552872 0.805492 0.0326204 0.128629 0.534287
0 0.549214 0.807611 0.0478163 0.133756 0.530658
0 0.746844 0.343294 0.032334 0.140694 0.526657
0 0.606951 0.152323 0.0232933 0.0454508 0.499576
0 0.457115 0.381751 0.0378203 0.166605 0.498605
0 0.886885 0.228624 0.027984 0.0429633 0.454487
0 0.932149 0.237919 0.0261921 0.0477659 0.390189
0 0.853695 0.219147 0.0294617 0.0495641 0.379979
0 0.70498 0.175956 0.0268038 0.053807 0.378488
0 0.781393 0.309129 0.031809 0.115296 0.343637
0 0.432526 0.846182 0.0374587 0.0578016 0.279243
0 0.162634 0.431725 0.025191 0.0835161 0.266222
