0 0.790912 0.246491 0.0242611 0.0469392 0.675055
0 0.436029 0.735504 0.0463739 0.153068 0.64337
0 0.785728 0.378098 0.0276386 0.140621 0.610115
0 0.574755 0.36379 0.0191856 0.108752 0.59712
0 0.709011 0.294578 0.0294685 0.145928 0.582151
0 0.5699 0.342617 0.0284172 0.147871 0.574692
0 0.645845 0.297928 0.0358677 0.132054 0.532587
0 0.54853 0.441259 0.0401041 0.168993 0.51476
0 0.490855 0.379582 0.0497333 0.131719 0.507592
0 0.435267 0.825971 0.0410427 0.0999291 0.49642
0 0.674523 0.215318 0.0240568 0.0519357 0.47918
0 0.577172 0.407349 0.0141113 0.0202936 0.403749
0 0.853074 0.262583 0.0271587 0.0488521 0.383136
0 0.567515 0.309467 0.0278624 0.0884699 0.343413
0 0.444472 0.411024 0.0307426 0.100458 0.337491
0 0.821777 0.253932 0.0273586 0.0527125 0.323715
0 0.208642 0.50549 0.044155 0.166706 0.317586
0 0.955401 0.293194 0.0216494 0.0387266 0.31737
0 0.486856 0.360663 0.0451982 0.0966448 0.314726
0 0.440196 0.75264 0.0352207 0.118751 0.309457
0 0.444541 0.433081 0.0365213 0.141817 0.291092
0 0.468424 0.476613 0.0287264 0.201329 0.251352
