0 0.895588 0.960123 0.055631 0.0790508 0.771382
0 0.437163 0.322611 0.0604472 0.151916 0.567604
0 0.450009 0.471045 0.0359732 0.161005 0.563794
0 0.595462 0.284147 0.0383926 0.108364 0.562264
0 0.863073 0.463856 0.0740398 0.166359 0.556412
0 0.0623588 0.645076 0.0420889 0.172386 0.455272
0 0.748897 0.339164 0.0287468 0.122436 0.424459
0 0.12472 0.836786 0.0345073 0.0848336 0.418077
0 0.348202 0.531235 0.0572623 0.178819 0.415355
0 0.506457 0.84213 0.0315821 0.0658258 0.387544
0 0.878173 0.452842 0.0435246 0.141869 0.385034
0 0.41805 0.119101 0.0253768 0.0464726 0.361192
0 0.601215 0.279108 0.0314089 0.0996315 0.351382
0 0.228927 0.836754 0.036068 0.161308 0.345963
0 0.191228 0.77992 0.048414 0.155809 0.324343
0 0.265245 0.866318 0.0482569 0.119888 0.277591
0 0.7469 0.349605 0.036124 0.1408 0.252157
