0 0.416344 0.485058 0.0436275 0.160746 0.804726
0 0.200667 0.451622 0.042535 0.178593 0.682578
0 0.292325 0.351756 0.0330902 0.140235 0.632913
0 0.680735 0.573563 0.0317366 0.221429 0.51832
0 0.225892 0.298693 0.0354075 0.152705 0.475435
0 0.37934 0.425483 0.0358276 0.156383 0.453305
0 0.312629 0.258459 0.0219183 0.151467 0.423378
0 0.386641 0.347608 0.0283551 0.0976599 0.390204
0 0.48521 0.387383 0.0368599 0.111684 0.366647
0 0.816599 0.777169 0.0374962 0.134165 0.362676
0 0.551411 0.403459 0.0274067 0.109691 0.341116
0 0.268782 0.2062 0.0224292 0.0386381 0.27356
0 0.894548 0.912104 0.0324432 0.0963699 0.260711
0 0.745108 0.777805 0.0388616 0.153334 0.25246
