0 0.29846 0.358998 0.0345598 0.151366 0.64548
0 0.578334 0.482753 0.0283513 0.165125 0.62084
0 0.36372 0.456873 0.0427492 0.196218 0.602312
0 0.433369 0.24643 0.0292866 0.139534 0.591111
0 0.740944 0.875218 0.0623026 0.16754 0.579388
0 0.75555 0.801032 0.031966 0.135775 0.56069
0 0.23566 0.222579 0.0261395 0.0548386 0.503069
0 0.195004 0.342468 0.0255484 0.158064 0.491865
0 0.570343 0.611532 0.0482423 0.200259 0.41477
0 0.509753 0.384477 0.025482 0.163906 0.412193
0 0.79644 0.546901 0.0234194 0.138089 0.396687
0 0.741478 0.897387 0.0597565 0.111393 0.385915
0 0.39224 0.180871 0.0259795 0.0488159 0.375313
0 0.243615 0.895062 0.0635295 0.209875 0.370252
0 0.911176 0.947381 0.0370363 0.104068 0.337209
0 0.608416 0.742879 0.0506923 0.25001 0.323848
