0 0.6318 0.410385 0.0356952 0.142034 0.735533
0 0.579633 0.408003 0.0369663 0.172956 0.723511
0 0.21175 0.464847 0.0437447 0.19958 0.633068
0 0.353714 0.356199 0.031038 0.151582 0.555559
0 0.31674 0.227734 0.023175 0.156261 0.535264
0 0.27559 0.171053 0.021427 0.0430492 0.520562
0 0.387907 0.50376 0.0505163 0.173638 0.505159
0 0.485391 0.32109 0.0615877 0.19685 0.474136
0 0.213619 0.297122 0.0325413 0.149561 0.465825
0 0.241482 0.1789 0.0259723 0.0513921 0.443905
0 0.427515 0.448618 0.0803454 0.144093 0.401321
0 0.744152 0.845352 0.0350992 0.119629 0.393529
0 0.900073 0.882251 0.0338719 0.102748 0.340522
0 0.473169 0.280615 0.0301565 0.115841 0.340364
0 0.0849457 0.221614 0.0202873 0.0525362 0.311451
0 0.821268 0.74373 0.0363033 0.129139 0.265111
