0 0.802508 0.396383 0.0429249 0.153299 0.738343
0 0.655061 0.741799 0.0588142 0.194674 0.728499
0 0.899509 0.525531 0.0473366 0.0768316 0.688041
0 0.565916 0.399386 0.0812838 0.109785 0.59148
0 0.378859 0.490714 0.0439922 0.120048 0.575231
0 0.367989 0.644911 0.0685936 0.152354 0.517964
0 0.544689 0.386439 0.0379358 0.0351233 0.481388
0 0.804558 0.357435 0.0332604 0.0792243 0.456497
0 0.897746 0.539761 0.0509376 0.0690881 0.439438
0 0.610196 0.176166 0.0257445 0.0475303 0.424602
0 0.157002 0.622456 0.0512608 0.228981 0.420814
0 0.184179 0.786621 0.0332762 0.0869273 0.419814
0 0.908285 0.491386 0.0337581 0.0886963 0.376774
0 0.449395 0.405194 0.0774534 0.147341 0.371502
0 0.932922 0.447323 0.020715 0.0580196 0.351876
0 0.371057 0.774466 0.041275 0.0876599 0.344496
0 0.944656 0.266572 0.0280789 0.0492713 0.331778
0 0.537911 0.163427 0.0232682 0.0425622 0.321554
0 0.379476 0.641953 0.0466585 0.159398 0.318441
0 0.898506 0.2554 0.0276628 0.0440178 0.302705
0 0.829133 0.236398 0.025181 0.0474027 0.284511
0 0.154129 0.469201 0.0290808 0.094309 0.275647
0 0.809598 0.3475 0.0266697 0.0536107 0.26464
0 0.973669 0.271462 0.0175209 0.0483065 0.261984
0 0.914096 0.473583 0.0320816 0.0635635 0.26048
0 0.308765 0.448525 0.0396389 0.124015 0.258405
