0 0.362765 0.448048 0.0446887 0.196227 0.747987
0 0.805678 0.540101 0.0308054 0.140643 0.713862
0 0.301247 0.354173 0.0363571 0.164276 0.664704
0 0.432365 0.24343 0.0293808 0.132568 0.622369
0 0.540461 0.391857 0.0312429 0.126612 0.562348
0 0.582119 0.457761 0.0231121 0.139484 0.523918
0 0.493663 0.352809 0.0344846 0.181679 0.496611
0 0.241527 0.222733 0.0276717 0.0609478 0.411809
0 0.205406 0.887823 0.0571221 0.223741 0.402525
0 0.317672 0.268813 0.0228911 0.151187 0.384866
0 0.0841702 0.261202 0.0189482 0.0502081 0.357918
0 0.216612 0.329405 0.0335484 0.153321 0.355059
0 0.601313 0.59905 0.0434101 0.220796 0.312097
0 0.110918 0.251342 0.0185644 0.0544564 0.295861
0 0.912397 0.936392 0.0371796 0.0940426 0.291044
