0 0.535592 0.789509 0.0443387 0.185483 0.670486
0 0.977571 0.354446 0.0420658 0.171805 0.656938
0 0.797518 0.382581 0.037601 0.147025 0.654288
0 0.744846 0.411502 0.0369287 0.158924 0.63383
0 0.690475 0.358655 0.0400078 0.156352 0.579758
0 0.52525 0.68245 0.0775069 0.147348 0.525423
0 0.49574 0.358423 0.0376889 0.18002 0.473259
0 0.655915 0.572448 0.0502945 0.190738 0.449146
0 0.481203 0.303322 0.0376869 0.157652 0.417802
0 0.711177 0.641935 0.042778 0.217185 0.417016
0 0.500868 0.83481 0.0420998 0.0907615 0.399025
0 0.603136 0.15587 0.0240175 0.044579 0.386536
0 0.922589 0.238955 0.028096 0.0474222 0.372846
0 0.431302 0.850649 0.0371702 0.0568832 0.302553
0 0.867295 0.180392 0.0223297 0.0646162 0.263659
0 0.538163 0.751678 0.037556 0.106035 0.256477
