0 0.507734 0.361519 0.0426195 0.0920794 0.825218
0 0.427898 0.244278 0.0189894 0.121144 0.776517
0 0.910511 0.70955 0.0297413 0.0934992 0.767711
0 0.66541 0.712852 0.067196 0.187817 0.726444
0 0.508742 0.609235 0.0481832 0.156083 0.708707
0 0.883627 0.695112 0.0314061 0.105212 0.667843
0 0.163565 0.877249 0.0438459 0.170752 0.642646
0 0.355479 0.299166 0.0296659 0.115735 0.589186
0 0.542185 0.241563 0.0227112 0.111882 0.58783
0 0.12737 0.884314 0.0361822 0.216257 0.587695
0 0.913919 0.576015 0.0300354 0.147166 0.587128
0 0.986698 0.681426 0.0255226 0.108161 0.568385
0 0.659227 0.601663 0.0266897 0.109954 0.492545
0 0.602729 0.439561 0.0260498 0.15159 0.474406
0 0.176944 0.60354 0.0325423 0.162903 0.4741
0 0.447865 0.683347 0.0602193 0.193962 0.46906
0 0.0230029 0.494689 0.0379722 0.15805 0.463555
0 0.816577 0.775246 0.0157269 0.0293622 0.463254
0 0.656487 0.631181 0.0323721 0.158334 0.427744
0 0.954263 0.712117 0.0277319 0.102751 0.315184
0 0.843126 0.831073 0.0294563 0.097096 0.310152
0 0.659724 0.584544 0.0245851 0.0800892 0.288743
0 0.0922562 0.247894 0.0243203 0.0502376 0.254856
