0 0.536619 0.79439 0.0455386 0.195594 0.690558
0 0.744849 0.411235 0.0362436 0.156466 0.66217
0 0.97776 0.354598 0.0431622 0.170285 0.64436
0 0.797796 0.382874 0.0378747 0.148361 0.629414
0 0.690219 0.358353 0.0395998 0.156251 0.592035
0 0.494169 0.357612 0.0367501 0.179263 0.490873
0 0.481572 0.303432 0.0383107 0.158118 0.483384
0 0.603182 0.156114 0.0239435 0.0437392 0.442539
0 0.656383 0.574469 0.0511574 0.191107 0.429792
0 0.70926 0.643409 0.0401091 0.215088 0.420233
0 0.922656 0.239504 0.0283531 0.0472164 0.384529
0 0.525045 0.682549 0.0774134 0.146962 0.362949
0 0.500766 0.834427 0.0422351 0.0901559 0.354737
0 0.431472 0.850808 0.037315 0.0567579 0.305567
0 0.867627 0.17966 0.0214867 0.0632853 0.268778
