0 0.431829 0.367357 0.0242437 0.119088 0.877661
0 0.289199 0.525832 0.0430399 0.152351 0.607924
0 0.477196 0.517675 0.0556611 0.179257 0.566839
0 0.0630918 0.937525 0.0363571 0.124949 0.56083
0 0.559819 0.373187 0.0452291 0.128666 0.530797
0 0.37378 0.309641 0.0366971 0.129649 0.500027
0 0.310315 0.823195 0.0289429 0.116671 0.495284
0 0.568603 0.372874 0.0270523 0.129681 0.468428
0 0.137176 0.491174 0.0340822 0.139084 0.464952
0 0.400913 0.285164 0.016158 0.0769216 0.443511
0 0.421801 0.567992 0.0295517 0.16192 0.416514
0 0.745318 0.772574 0.0120526 0.0446724 0.411351
0 0.734965 0.685915 0.0490536 0.182961 0.320578
0 0.672995 0.57883 0.0348621 0.187127 0.299774
0 0.686219 0.829159 0.0257008 0.0792986 0.259123
0 0.546398 0.246501 0.0261631 0.100879 0.256874
