0 0.750454 0.324187 0.0394728 0.117483 0.831465
0 0.61469 0.414712 0.0349943 0.145128 0.801681
0 0.613612 0.236247 0.0319479 0.14895 0.776166
0 0.454667 0.573638 0.0429953 0.159364 0.763201
0 0.503882 0.318647 0.0420618 0.147392 0.655706
0 0.384994 0.831845 0.033461 0.0817045 0.576825
0 0.401383 0.72215 0.0578056 0.15593 0.573057
0 0.605958 0.543811 0.0552645 0.146521 0.564225
0 0.790731 0.20318 0.0290464 0.055101 0.496632
0 0.653177 0.536733 0.0462303 0.164599 0.47766
0 0.863847 0.220966 0.0265254 0.0497715 0.423292
0 0.927779 0.237518 0.0224918 0.0468057 0.41149
0 0.383229 0.405647 0.0292682 0.183376 0.404306
0 0.411041 0.760272 0.0398634 0.151326 0.380069
0 0.82323 0.213731 0.0275353 0.0450752 0.348741
0 0.990256 0.250627 0.01877 0.0496119 0.341473
0 0.446003 0.345307 0.0432223 0.143459 0.297759
0 0.752546 0.250165 0.0170597 0.0554222 0.296675
