0 0.191208 0.473004 0.0315244 0.188518 0.824266
0 0.216654 0.313274 0.0298911 0.142085 0.800005
0 0.36123 0.431468 0.0470768 0.197549 0.765022
0 0.282517 0.3373 0.0345226 0.15687 0.654277
0 0.483129 0.495261 0.0283712 0.136281 0.572845
0 0.304091 0.26438 0.0210671 0.15602 0.553817
0 0.206233 0.391817 0.0109893 0.0265158 0.546587
0 0.390696 0.433321 0.0117031 0.0339481 0.529239
0 0.507364 0.371691 0.0467118 0.167991 0.38242
0 0.809506 0.787907 0.0369701 0.143989 0.328173
0 0.674782 0.652063 0.0469011 0.239726 0.325985
0 0.394572 0.347238 0.0240897 0.142348 0.317182
0 0.192233 0.418775 0.0188801 0.0778539 0.291157
0 0.739628 0.761936 0.0339285 0.112267 0.289366
0 0.494703 0.482898 0.0500455 0.160372 0.287226
0 0.226545 0.223638 0.0286447 0.0665017 0.286608
0 0.262145 0.21247 0.0227357 0.0384159 0.26394
0 0.731109 0.87622 0.0358632 0.112147 0.261242
