0 0.432053 0.363842 0.0238058 0.123216 0.867081
0 0.145767 0.478157 0.0283815 0.110489 0.768595
0 0.294319 0.522478 0.0484703 0.152018 0.523413
0 0.0605929 0.938549 0.0391583 0.122903 0.520786
0 0.559335 0.368167 0.0410879 0.123512 0.505235
0 0.324868 0.820351 0.0308048 0.119046 0.489056
0 0.743732 0.772039 0.0151401 0.0445373 0.474834
0 0.373271 0.314736 0.0318661 0.118185 0.426948
0 0.477479 0.525732 0.058595 0.171691 0.414147
0 0.740413 0.67885 0.0437997 0.184214 0.393666
0 0.148329 0.490642 0.0243015 0.141189 0.375868
0 0.421573 0.557395 0.0297926 0.155819 0.374972
0 0.670322 0.565903 0.0340222 0.176363 0.331544
0 0.534148 0.292877 0.00993399 0.0285658 0.261832
