0 0.22541 0.306315 0.0299628 0.134323 0.8363
0 0.29388 0.34978 0.0309126 0.139776 0.775104
0 0.417543 0.48542 0.0433673 0.160257 0.693515
0 0.682108 0.560747 0.0344624 0.224109 0.582322
0 0.202425 0.447512 0.0420379 0.171264 0.558889
0 0.550399 0.403236 0.0290875 0.108398 0.494857
0 0.546286 0.40271 0.0419941 0.119352 0.451842
0 0.384978 0.404273 0.0312423 0.188211 0.411327
0 0.269793 0.204308 0.0211177 0.0416756 0.369571
0 0.219355 0.19239 0.0223841 0.118798 0.34027
0 0.818068 0.771641 0.0384105 0.124237 0.330119
0 0.313569 0.257528 0.0217743 0.150435 0.323409
0 0.856035 0.438442 0.0294853 0.147425 0.265175
0 0.38676 0.356271 0.0349718 0.095277 0.263641
0 0.4725 0.391904 0.0506565 0.108293 0.261744
