0 0.79127 0.247126 0.023383 0.045807 0.635679
0 0.436077 0.73554 0.0466103 0.152815 0.631923
0 0.709764 0.293677 0.0289751 0.148687 0.616618
0 0.786269 0.377269 0.0284913 0.142237 0.6073
0 0.569607 0.337785 0.0310558 0.142806 0.578571
0 0.575798 0.368478 0.0195654 0.0863377 0.568383
0 0.646327 0.298837 0.0368277 0.132856 0.546481
0 0.548262 0.443783 0.0399042 0.177419 0.503213
0 0.567308 0.314942 0.0309454 0.102301 0.415432
0 0.492316 0.37823 0.046081 0.130045 0.413418
0 0.674869 0.2152 0.0238384 0.0530154 0.40242
0 0.956446 0.292131 0.0222302 0.0412762 0.345325
0 0.434891 0.826497 0.0411312 0.103794 0.31219
0 0.822213 0.25533 0.0296818 0.0548421 0.306608
0 0.488979 0.362133 0.0425162 0.0997096 0.292699
0 0.443789 0.410108 0.0343134 0.102141 0.290998
0 0.895443 0.274448 0.0253404 0.0478158 0.276774
0 0.276609 0.864433 0.0302417 0.0914355 0.276661
0 0.854549 0.263448 0.0264526 0.0470677 0.276477
0 0.571309 0.306629 0.0247957 0.088506 0.260153
0 0.758667 0.242296 0.0258481 0.0444681 0.256118
