0 0.404819 0.615141 0.0528383 0.230874 0.763032
0 0.51576 0.502424 0.0392214 0.14989 0.723014
0 0.628371 0.570628 0.0525404 0.214262 0.655959
0 0.488728 0.357893 0.0269423 0.17853 0.64443
0 0.087855 0.758569 0.0385523 0.252127 0.599402
0 0.272303 0.27652 0.0235077 0.0440291 0.502006
0 0.364919 0.650262 0.0129531 0.0360088 0.499917
0 0.379645 0.520245 0.038763 0.153793 0.493418
0 0.407182 0.417925 0.036132 0.182064 0.373112
0 0.448058 0.335392 0.0284976 0.152025 0.352717
0 0.613626 0.743252 0.0382819 0.138586 0.346792
0 0.426776 0.235906 0.0227317 0.0401853 0.308092
0 0.39939 0.414729 0.052717 0.194644 0.302493
0 0.629683 0.495986 0.0188827 0.0627049 0.280515
0 0.0174632 0.295212 0.0335618 0.130193 0.278417
0 0.779795 0.89678 0.0380942 0.157856 0.277445
0 0.809596 0.898295 0.0452022 0.132903 0.264138
0 0.389568 0.193659 0.0230368 0.0737417 0.262773
0 0.856678 0.651966 0.0437563 0.180411 0.253363
0 0.0957776 0.258305 0.022298 0.0720454 0.251126
