0 0.632216 0.554543 0.0492026 0.226095 0.62917
0 0.540195 0.489139 0.0369508 0.185155 0.621125
0 0.487903 0.367951 0.0344696 0.167418 0.547678
0 0.434632 0.520693 0.0540419 0.205484 0.512992
0 0.415002 0.432117 0.0310734 0.174859 0.423787
0 0.555115 0.773563 0.0689049 0.194513 0.421933
0 0.390798 0.224769 0.0282754 0.0543838 0.397275
0 0.256445 0.264435 0.0243586 0.0451242 0.39118
0 0.886982 0.659222 0.0301227 0.232614 0.36555
0 0.916101 0.537545 0.0368489 0.175181 0.345947
0 0.555596 0.291297 0.0227602 0.0800665 0.328264
0 0.442327 0.331424 0.0168894 0.119507 0.304318
0 0.446163 0.325925 0.0209795 0.111137 0.290794
0 0.066386 0.242087 0.0241528 0.0772629 0.286849
0 0.8204 0.916615 0.0464031 0.143233 0.28329
0 0.736666 0.466958 0.0408146 0.105384 0.280073
