0 0.433171 0.243143 0.0274845 0.145948 0.671862
0 0.298219 0.355578 0.0346017 0.169954 0.64487
0 0.57976 0.479609 0.0279938 0.155866 0.555551
0 0.197956 0.339134 0.0249933 0.160035 0.503035
0 0.611117 0.748206 0.0493773 0.24592 0.48897
0 0.236613 0.221525 0.0264578 0.0555981 0.480307
0 0.575064 0.617935 0.0519099 0.198699 0.475715
0 0.360484 0.457365 0.0485512 0.195562 0.473613
0 0.580791 0.451546 0.0230417 0.101621 0.45479
0 0.510881 0.388362 0.025737 0.15763 0.451335
0 0.314233 0.273294 0.0211212 0.148651 0.431294
0 0.912558 0.944399 0.0382526 0.103313 0.367837
0 0.798682 0.544694 0.0255685 0.142197 0.367393
0 0.393823 0.18166 0.0256487 0.047585 0.336242
0 0.135322 0.249226 0.0194585 0.0516323 0.304188
0 0.0997557 0.19393 0.0253918 0.0730038 0.259607
0 0.756589 0.790772 0.0327028 0.120723 0.256538
