0 0.500529 0.454725 0.0552309 0.191534 0.631907
0 0.31656 0.638862 0.0674573 0.209634 0.575381
0 0.579355 0.451695 0.0458807 0.175404 0.569825
0 0.260802 0.238971 0.0267697 0.0508899 0.461396
0 0.76414 0.36377 0.0338313 0.0866731 0.434876
0 0.630216 0.552439 0.0332008 0.240705 0.408156
0 0.401025 0.200734 0.0293533 0.0554585 0.367446
0 0.460784 0.409845 0.0601047 0.160585 0.349003
0 0.816218 0.915341 0.047554 0.162652 0.348422
0 0.923965 0.657857 0.0341805 0.241096 0.344644
0 0.48174 0.348946 0.0206802 0.0471971 0.325921
0 0.952214 0.520002 0.0420189 0.178669 0.310757
0 0.228692 0.31315 0.0226639 0.179651 0.300696
0 0.417372 0.766163 0.0448702 0.21558 0.296508
0 0.42196 0.345677 0.0409867 0.184488 0.289797
0 0.764883 0.455108 0.0443402 0.110991 0.277652
0 0.430702 0.193836 0.0238961 0.0441939 0.273169
0 0.570771 0.269332 0.0234036 0.0777485 0.254192
