0 0.8569 0.475411 0.0375332 0.173454 0.67795
0 0.534611 0.777165 0.0597197 0.213523 0.612551
0 0.530371 0.40756 0.0369228 0.163174 0.538269
0 0.370724 0.547036 0.0489625 0.219434 0.448636
0 0.754889 0.347434 0.0443431 0.220777 0.411418
0 0.42168 0.401626 0.0206331 0.0941404 0.407907
0 0.726375 0.236668 0.0219273 0.0460124 0.380694
0 0.557035 0.195415 0.0215366 0.0404616 0.348097
0 0.992357 0.310826 0.0146166 0.0487316 0.338074
0 0.813414 0.264439 0.0320808 0.0500761 0.312778
0 0.198347 0.6038 0.0437777 0.157319 0.30809
0 0.850301 0.270365 0.0236229 0.0498436 0.305544
0 0.916122 0.290341 0.0302685 0.0486998 0.292072
0 0.751675 0.236126 0.0218552 0.0556508 0.28589
0 0.899648 0.240003 0.0245075 0.0683964 0.266816
