0 0.636782 0.254526 0.0305532 0.11761 0.881505
0 0.433693 0.348317 0.0344757 0.139293 0.752889
0 0.550849 0.651744 0.0395254 0.216161 0.744704
0 0.829837 0.290663 0.0339084 0.158165 0.692039
0 0.768297 0.308452 0.0432223 0.132562 0.626089
0 0.636522 0.380503 0.0471321 0.151368 0.578398
0 0.383316 0.471786 0.0374325 0.182188 0.549307
0 0.722772 0.648853 0.0373598 0.193684 0.549078
0 0.395378 0.834491 0.0350104 0.0788955 0.497651
0 0.542306 0.347099 0.0426937 0.159657 0.479664
0 0.435827 0.820555 0.0422629 0.113029 0.390576
0 0.779478 0.193987 0.0231388 0.0456679 0.367341
0 0.470217 0.757942 0.0428067 0.239034 0.318881
0 0.809344 0.200829 0.0296367 0.0552644 0.300477
0 0.168134 0.297693 0.025509 0.0727651 0.288565
0 0.949585 0.239557 0.0225025 0.0448842 0.286833
0 0.608338 0.698837 0.054325 0.213941 0.250467
