0 0.91205 0.944624 0.0563431 0.108132 0.842261
0 0.589638 0.268891 0.0735353 0.130386 0.657279
0 0.480173 0.832794 0.0321687 0.0807528 0.627557
0 0.727021 0.334316 0.0452501 0.154863 0.619258
0 0.853672 0.462325 0.0539721 0.182004 0.605054
0 0.0627253 0.616657 0.0502228 0.162558 0.507477
0 0.19597 0.823101 0.0357102 0.159514 0.42914
0 0.0899354 0.832295 0.0339844 0.0914752 0.409336
0 0.443147 0.288786 0.0263247 0.103461 0.375019
0 0.158031 0.786065 0.0479329 0.187985 0.362269
0 0.231559 0.85185 0.0396784 0.112968 0.361434
0 0.380648 0.111519 0.0241325 0.0410328 0.344625
0 0.445042 0.479678 0.0559026 0.177175 0.336104
0 0.34302 0.51625 0.0547747 0.17461 0.314856
0 0.439701 0.750171 0.0720522 0.175453 0.314789
0 0.0384729 0.856709 0.0691202 0.162871 0.30058
0 0.456181 0.736921 0.0390556 0.148072 0.288755
0 0.117533 0.868264 0.0360999 0.0854951 0.261728
0 0.154663 0.873313 0.0357171 0.0947812 0.257038
