0 0.545189 0.309682 0.0256086 0.125646 0.653844
0 0.758941 0.353439 0.0340198 0.144671 0.642205
0 0.624516 0.259303 0.0314657 0.150624 0.620605
0 0.42981 0.741992 0.0406248 0.177827 0.565081
0 0.475761 0.356206 0.0574093 0.132235 0.554723
0 0.706815 0.27837 0.0285147 0.141488 0.554684
0 0.57128 0.440065 0.0321567 0.11156 0.448511
0 0.464497 0.314036 0.0151365 0.0481811 0.442605
0 0.540615 0.412341 0.0259629 0.0681128 0.429713
0 0.419216 0.405418 0.0294573 0.151444 0.420516
0 0.799839 0.22907 0.0266544 0.0493091 0.394881
0 0.832268 0.238214 0.0230606 0.0453704 0.37569
0 0.656669 0.189685 0.0232185 0.046726 0.375321
0 0.584583 0.433392 0.0560404 0.101532 0.351095
0 0.572622 0.458312 0.0353136 0.149029 0.345974
0 0.542832 0.435101 0.0234037 0.0884255 0.34499
0 0.873229 0.246585 0.0253762 0.0497995 0.326288
0 0.423289 0.556896 0.0407326 0.20717 0.319757
0 0.54471 0.327211 0.0251904 0.0900064 0.301633
0 0.443769 0.821411 0.0466785 0.110809 0.25262
0 0.537078 0.473949 0.0314381 0.122622 0.251236
