0 0.500036 0.360401 0.0386339 0.157528 0.657663
0 0.728853 0.415015 0.0602041 0.157848 0.5575
0 0.959293 0.346291 0.0342754 0.167764 0.529482
0 0.688658 0.340765 0.0480663 0.153709 0.493058
0 0.498213 0.770974 0.0558991 0.149267 0.461085
0 0.787336 0.385947 0.0369393 0.150404 0.385241
0 0.501185 0.829793 0.0398275 0.0835491 0.374643
0 0.512332 0.647306 0.0401448 0.12372 0.346531
0 0.593413 0.155685 0.0237073 0.0466448 0.329843
0 0.661576 0.549452 0.0598099 0.183797 0.324587
0 0.68945 0.178334 0.0223864 0.0534862 0.3043
0 0.282772 0.833294 0.0338999 0.0877501 0.30175
0 0.516024 0.680178 0.0577404 0.191462 0.295235
0 0.482163 0.307953 0.0255921 0.144794 0.276519
0 0.871734 0.2308 0.0298999 0.0443065 0.251457
0 0.759374 0.294309 0.0288068 0.0924179 0.250011
