0 0.63723 0.343582 0.0483606 0.147306 0.7318
0 0.730248 0.319723 0.0233219 0.137976 0.701006
0 0.481515 0.318553 0.0282474 0.156319 0.62782
0 0.7786 0.30229 0.045442 0.114 0.59008
0 0.576472 0.799873 0.0593702 0.139893 0.526101
0 0.716657 0.419502 0.0476356 0.182574 0.500068
0 0.974312 0.348029 0.0289985 0.161565 0.436574
0 0.568799 0.81292 0.0642666 0.123978 0.406481
0 0.932465 0.235172 0.0263899 0.0464627 0.402104
0 0.962884 0.238969 0.020319 0.0515615 0.380506
0 0.604305 0.82786 0.0394945 0.0886811 0.378201
0 0.448529 0.391491 0.0386639 0.17532 0.365275
0 0.855499 0.216224 0.0269253 0.0511083 0.354851
0 0.58813 0.676645 0.0411946 0.173241 0.354139
0 0.889258 0.226691 0.0256069 0.045271 0.34415
0 0.705512 0.173362 0.0242546 0.0553033 0.313886
0 0.611727 0.824357 0.0255333 0.0825367 0.295521
0 0.460137 0.818583 0.0433905 0.114633 0.285542
0 0.649378 0.865812 0.0168383 0.0534854 0.265982
