0 0.528992 0.308088 0.0232464 0.136137 0.72207
0 0.716819 0.278904 0.0460701 0.109931 0.671173
0 0.456585 0.346576 0.0515573 0.142134 0.645219
0 0.749426 0.324073 0.0325307 0.129046 0.598748
0 0.389348 0.833268 0.0345275 0.077506 0.587017
0 0.419068 0.727108 0.0398647 0.157133 0.578234
0 0.594801 0.497574 0.0662881 0.173566 0.539547
0 0.618392 0.241104 0.0335011 0.155118 0.46208
0 0.403839 0.397156 0.0247662 0.182578 0.438645
0 0.795204 0.21101 0.0236643 0.0508102 0.409425
0 0.608454 0.433353 0.0509552 0.119502 0.378544
0 0.425394 0.55899 0.0403488 0.154833 0.376555
0 0.650113 0.172395 0.0226884 0.0504583 0.334997
0 0.929317 0.244976 0.022831 0.0420436 0.319768
0 0.220279 0.439929 0.0397941 0.189935 0.314033
0 0.430202 0.544999 0.0316425 0.138573 0.305396
0 0.826063 0.219835 0.0257782 0.0482727 0.280126
0 0.442972 0.816732 0.0448958 0.122958 0.277376
0 0.164864 0.309071 0.0227891 0.0708464 0.272685
0 0.866349 0.227562 0.0258796 0.0477822 0.264195
0 0.137997 0.335108 0.0246974 0.076667 0.257536
