0 0.430604 0.574676 0.0454495 0.188611 0.707726
0 0.0807701 0.483149 0.0362915 0.185782 0.659922
0 0.463307 0.654357 0.060497 0.215349 0.601561
0 0.0846045 0.345992 0.0216987 0.0511351 0.502261
0 0.416781 0.426032 0.0371075 0.186836 0.493356
0 0.797078 0.639148 0.041244 0.192178 0.492699
0 0.349102 0.459554 0.0374155 0.164825 0.469703
0 0.229721 0.306933 0.0224501 0.0404283 0.433924
0 0.276593 0.365346 0.0255547 0.165923 0.399669
0 0.0160184 0.811348 0.0261112 0.256941 0.398055
0 0.413428 0.286701 0.0204013 0.113422 0.371005
0 0.193736 0.312715 0.0269333 0.0606227 0.364038
0 0.821149 0.912869 0.0427956 0.129865 0.328553
0 0.872029 0.8625 0.0438624 0.129212 0.278207
0 0.743175 0.903681 0.0353658 0.124727 0.275183
0 0.38911 0.257695 0.0266626 0.0497845 0.251948
