0 0.433254 0.565746 0.0487141 0.214591 0.670971
0 0.413589 0.422268 0.0403368 0.18839 0.589467
0 0.351709 0.466204 0.0396043 0.170819 0.563897
0 0.0761148 0.484743 0.032979 0.184442 0.53408
0 0.796307 0.645304 0.0379456 0.179037 0.487806
0 0.462562 0.65344 0.0602802 0.213562 0.453681
0 0.110389 0.337573 0.0190253 0.0491677 0.444036
0 0.229615 0.305524 0.0231974 0.042151 0.436931
0 0.275442 0.364953 0.025196 0.164805 0.40408
0 0.083494 0.344816 0.0199921 0.0501367 0.401211
0 0.872378 0.86296 0.043779 0.129972 0.359467
0 0.192928 0.31321 0.0270152 0.0609771 0.335308
0 0.821715 0.914471 0.0443224 0.130915 0.328033
0 0.41287 0.29018 0.0212033 0.112794 0.324721
0 0.743082 0.904451 0.0358384 0.126395 0.270034
0 0.413883 0.389287 0.0215049 0.124609 0.26723
0 0.0157075 0.80577 0.0262312 0.261146 0.263765
