0 0.480045 0.511301 0.0371457 0.150737 0.573906
0 0.424973 0.360165 0.02657 0.123114 0.552761
0 0.396093 0.536477 0.0347519 0.16643 0.506848
0 0.223044 0.510888 0.0555241 0.165785 0.456443
0 0.805854 0.717788 0.0278259 0.0940936 0.455258
0 0.348202 0.486019 0.0399771 0.159801 0.44562
0 0.412474 0.80099 0.0309044 0.0923116 0.424005
0 0.657077 0.52312 0.0288202 0.146717 0.422746
0 0.0210765 0.957907 0.0375559 0.0841869 0.404849
0 0.372009 0.323153 0.0198506 0.121104 0.347314
0 0.415523 0.814663 0.0380531 0.120273 0.305761
0 0.0467755 0.312885 0.018684 0.0456998 0.302108
