0 0.522993 0.533354 0.0503128 0.159132 0.723952
0 0.356379 0.430833 0.0489437 0.192392 0.673464
0 0.301255 0.271962 0.0221231 0.149551 0.64995
0 0.182493 0.488287 0.0437295 0.183259 0.636301
0 0.279706 0.346485 0.039384 0.156314 0.613393
0 0.390688 0.388415 0.0123702 0.0332362 0.598808
0 0.212677 0.319168 0.0327149 0.154955 0.50906
0 0.401617 0.320217 0.0336987 0.162907 0.420442
0 0.22332 0.224526 0.0275845 0.0587904 0.38514
0 0.672501 0.677048 0.0454029 0.236045 0.369211
0 0.257782 0.215543 0.0215199 0.0421217 0.302159
0 0.378586 0.17868 0.0250063 0.0475928 0.295197
0 0.805974 0.783751 0.0365227 0.127147 0.290591
0 0.814268 0.360942 0.0267463 0.0789817 0.286248
