0 0.0305329 0.606846 0.044803 0.226836 0.656647
0 0.567705 0.403406 0.0631519 0.205322 0.629097
0 0.231613 0.237832 0.0387214 0.18073 0.614695
0 0.485923 0.318211 0.0391487 0.214663 0.528223
0 0.402799 0.0885418 0.0295547 0.0550773 0.460514
0 0.265876 0.076273 0.0193814 0.0642511 0.454595
0 0.59658 0.327888 0.0387135 0.176237 0.386912
0 0.283837 0.0677814 0.0190948 0.0480842 0.382018
0 0.97736 0.585622 0.0447361 0.143338 0.364768
0 0.110448 0.165898 0.0197599 0.0524497 0.360758
0 0.528257 0.242306 0.0282089 0.183397 0.345081
0 0.223043 0.136754 0.0278172 0.0660478 0.335191
0 0.88467 0.509177 0.0370386 0.215778 0.319954
0 0.0667364 0.101032 0.0280843 0.0735143 0.317869
0 0.836367 0.78911 0.0431862 0.128128 0.276937
0 0.430666 0.0813727 0.0229065 0.051197 0.276832
0 0.568765 0.30774 0.0369559 0.167635 0.274467
0 0.543872 0.32116 0.0275938 0.179186 0.272205
0 0.221476 0.160032 0.0270399 0.112418 0.257106
0 0.864474 0.334288 0.0339623 0.0993144 0.254364
