0 0.290926 0.334571 0.0335697 0.147152 0.76445
0 0.440683 0.468707 0.0446393 0.119235 0.675514
0 0.19769 0.4549 0.0407344 0.178565 0.614297
0 0.681615 0.579955 0.0308277 0.217255 0.612602
0 0.223286 0.301895 0.0310922 0.148942 0.572703
0 0.369881 0.433104 0.0491953 0.189573 0.52451
0 0.308905 0.257902 0.0227174 0.151521 0.503018
0 0.74388 0.77915 0.0367361 0.15262 0.440349
0 0.496089 0.376038 0.0521695 0.141284 0.38814
0 0.265449 0.205482 0.0230338 0.0404013 0.387418
0 0.814903 0.776717 0.0356007 0.13241 0.36665
0 0.23211 0.212617 0.0262801 0.0585765 0.342519
0 0.389314 0.364259 0.0320559 0.16352 0.284499
0 0.549314 0.385677 0.0312521 0.143203 0.270146
0 0.528991 0.351236 0.0321564 0.122786 0.261994
0 0.132985 0.240963 0.0169365 0.0444402 0.255493
