0 0.305361 0.330494 0.0562775 0.154171 0.772573
0 0.234818 0.295005 0.0258339 0.174431 0.503238
0 0.25996 0.217867 0.0258455 0.0495568 0.420134
0 0.90222 0.614735 0.0442501 0.221003 0.389772
0 0.400837 0.17958 0.0286239 0.0554004 0.379302
0 0.498193 0.419443 0.052651 0.200348 0.352894
0 0.765159 0.342835 0.0311112 0.0906145 0.341211
0 0.216801 0.265453 0.025045 0.143102 0.334914
0 0.374567 0.182102 0.0257984 0.0599771 0.321937
0 0.243563 0.18215 0.0242742 0.102346 0.3108
0 0.985712 0.671012 0.0279928 0.110467 0.303394
0 0.282158 0.163972 0.0240647 0.0721369 0.303163
0 0.243787 0.165932 0.0231763 0.0731561 0.302561
0 0.532989 0.375224 0.0333829 0.270555 0.287043
0 0.430322 0.173 0.0232546 0.0473991 0.286222
