0 0.270919 0.63526 0.0288083 0.19342 0.696781
0 0.714802 0.439698 0.0651958 0.14343 0.663111
0 0.422368 0.433816 0.0228887 0.15785 0.635554
0 0.314067 0.575211 0.0285323 0.157157 0.619864
0 0.6695 0.312702 0.0476343 0.130286 0.618733
0 0.807029 0.429785 0.0411572 0.156457 0.613355
0 0.866479 0.349946 0.030806 0.146155 0.577283
0 0.242386 0.80359 0.0377011 0.156764 0.574051
0 0.562416 0.340178 0.0230436 0.148839 0.571607
0 0.547924 0.607814 0.0563307 0.196246 0.53897
0 0.503481 0.519522 0.0326926 0.190657 0.438242
0 0.439151 0.448129 0.023653 0.170659 0.403664
0 0.501104 0.854063 0.0272523 0.10515 0.307671
0 0.0846615 0.757341 0.0322313 0.0893113 0.270261
0 0.440224 0.412106 0.0199526 0.101243 0.268664
0 0.272933 0.842293 0.0297977 0.144131 0.258894
