0 0.434094 0.346294 0.0339864 0.14121 0.795552
0 0.637313 0.254115 0.0291922 0.116921 0.753845
0 0.832074 0.290489 0.0314564 0.158694 0.643912
0 0.637143 0.385698 0.0473568 0.159487 0.625218
0 0.769083 0.308489 0.0440979 0.133895 0.58633
0 0.543135 0.343183 0.0410347 0.149565 0.528122
0 0.384221 0.471506 0.0372169 0.185488 0.508452
0 0.723938 0.646311 0.0378374 0.18216 0.46767
0 0.546711 0.652432 0.0575336 0.213591 0.455113
0 0.395765 0.834822 0.0352459 0.079036 0.44938
0 0.779131 0.192846 0.0238354 0.0491771 0.437725
0 0.436085 0.821033 0.0420444 0.113741 0.335783
0 0.950462 0.237203 0.023397 0.049397 0.32781
0 0.169191 0.297107 0.0254625 0.0727439 0.325369
0 0.472117 0.756703 0.043033 0.237408 0.313152
0 0.258666 0.406534 0.0254228 0.166682 0.25861
