0 0.406633 0.38602 0.0289474 0.125971 0.767497
0 0.354101 0.357763 0.0263833 0.129164 0.737296
0 0.526988 0.330688 0.028746 0.0968272 0.696459
0 0.456711 0.827095 0.0359402 0.10172 0.559789
0 0.270457 0.530162 0.024991 0.122839 0.554249
0 0.347346 0.58233 0.0319755 0.17137 0.508583
0 0.481481 0.538554 0.0364859 0.151797 0.503896
0 0.638033 0.545605 0.0341959 0.165638 0.481992
0 0.395447 0.487448 0.0331461 0.137644 0.455107
0 0.266083 0.553043 0.0432232 0.168904 0.344621
0 0.27199 0.548179 0.0304858 0.155967 0.331142
0 0.864154 0.725857 0.0286346 0.0970543 0.310926
0 0.824867 0.760747 0.0296531 0.105562 0.269814
0 0.35639 0.872184 0.0199223 0.0362396 0.258842
