0 0.711715 0.58487 0.0477451 0.141768 0.804242
0 0.441744 0.353056 0.0521726 0.13014 0.568489
0 0.52539 0.32338 0.0376234 0.135468 0.562256
0 0.805919 0.292138 0.044704 0.142622 0.517763
0 0.627404 0.3939 0.042638 0.179159 0.511348
0 0.390891 0.833218 0.0355714 0.0801131 0.488523
0 0.767008 0.314405 0.0406948 0.141001 0.476453
0 0.433478 0.739547 0.0378067 0.154125 0.455165
0 0.623486 0.251666 0.0324476 0.107761 0.44084
0 0.380126 0.474545 0.0357443 0.170489 0.363314
0 0.942004 0.238449 0.0219383 0.0435222 0.359934
0 0.87646 0.219669 0.0269241 0.0489444 0.326799
0 0.431439 0.768224 0.0406462 0.207338 0.297865
0 0.802418 0.203904 0.0304081 0.0565498 0.290671
0 0.656038 0.164219 0.0233734 0.0451201 0.268968
0 0.83606 0.211313 0.0300117 0.0439235 0.262468
