0 0.341227 0.419369 0.0421049 0.171777 0.69095
0 0.25668 0.332263 0.0276849 0.171375 0.624194
0 0.486842 0.590832 0.0715621 0.195615 0.533327
0 0.514559 0.482182 0.0377434 0.164248 0.484982
0 0.422055 0.621302 0.0514057 0.227352 0.452012
0 0.347366 0.227694 0.0262298 0.0544747 0.417686
0 0.345511 0.305069 0.0435821 0.125332 0.408939
0 0.825045 0.664191 0.025494 0.159569 0.39639
0 0.210376 0.267782 0.0245333 0.04824 0.393123
0 0.229524 0.205744 0.0211336 0.0505365 0.351891
0 0.584045 0.61489 0.059898 0.21481 0.331391
0 0.210313 0.20802 0.0192583 0.0646342 0.281898
0 0.374239 0.219766 0.0259062 0.0522829 0.267385
0 0.823129 0.530889 0.0384064 0.154894 0.261475
