0 0.311121 0.444356 0.0293793 0.143459 0.741393
0 0.464814 0.461121 0.0428083 0.155448 0.701487
0 0.488397 0.656079 0.0502214 0.210368 0.693474
0 0.781058 0.607692 0.0258284 0.201921 0.657942
0 0.13063 0.452657 0.0416939 0.17582 0.654964
0 0.286348 0.362153 0.0241868 0.156043 0.613544
0 0.566061 0.587695 0.0301653 0.154295 0.526655
0 0.740245 0.895386 0.0365183 0.143893 0.358526
0 0.415441 0.330079 0.0259004 0.148477 0.353006
0 0.242046 0.300262 0.023283 0.045586 0.341595
0 0.435689 0.418866 0.0324943 0.170585 0.316228
0 0.737837 0.969421 0.040852 0.05802 0.312376
0 0.42938 0.427121 0.042256 0.151124 0.300755
0 0.46789 0.452258 0.0340939 0.135389 0.291832
0 0.405234 0.561347 0.046168 0.204365 0.288873
0 0.56576 0.555444 0.02738 0.116887 0.277524
0 0.0645095 0.279714 0.0245559 0.0739047 0.276308
0 0.394612 0.258589 0.0222154 0.0418531 0.272242
0 0.206488 0.30683 0.0268565 0.0558486 0.269526
0 0.865445 0.848678 0.0406708 0.138886 0.257984
