0 0.831561 0.402465 0.0276156 0.143666 0.727892
0 0.670361 0.310355 0.0463488 0.115098 0.642704
0 0.366367 0.587194 0.0377382 0.167852 0.591818
0 0.30277 0.793809 0.036956 0.118509 0.584855
0 0.749291 0.418661 0.0511058 0.135169 0.527909
0 0.872516 0.329783 0.032819 0.151297 0.507887
0 0.59663 0.32294 0.0416649 0.147412 0.434331
0 0.935085 0.273518 0.021867 0.0500927 0.425921
0 0.77716 0.23253 0.0253676 0.0456116 0.394503
0 0.621463 0.868363 0.0348973 0.0710511 0.382514
0 0.49209 0.398736 0.0300884 0.0876002 0.377963
0 0.493196 0.432501 0.0329672 0.155293 0.370199
0 0.329801 0.817804 0.0295321 0.101341 0.364436
0 0.363213 0.849671 0.0370014 0.0612323 0.351705
0 0.815682 0.244559 0.0230438 0.0409176 0.350842
0 0.428114 0.503822 0.0417604 0.187232 0.312299
0 0.901676 0.261512 0.0243322 0.0516248 0.30851
0 0.518977 0.465352 0.0393281 0.193516 0.268257
0 0.678111 0.310172 0.0264067 0.109155 0.256247
