0 0.642435 0.348295 0.0533645 0.148101 0.818468
0 0.730951 0.447972 0.0412427 0.152841 0.708401
0 0.978352 0.345668 0.04254 0.162002 0.704231
0 0.559542 0.807295 0.0586635 0.13961 0.659247
0 0.479586 0.317662 0.0251154 0.148518 0.591939
0 0.750469 0.338501 0.0287725 0.147674 0.471818
0 0.606742 0.15445 0.0232943 0.0408529 0.458974
0 0.886678 0.22858 0.0284843 0.0432385 0.433725
0 0.511086 0.754962 0.0489815 0.146209 0.425547
0 0.749223 0.357655 0.0296535 0.108867 0.405174
0 0.704368 0.175723 0.0264206 0.0548625 0.373226
0 0.854083 0.220454 0.0282391 0.0475496 0.368159
0 0.931567 0.238308 0.0268585 0.0478985 0.35819
0 0.603483 0.683827 0.0659473 0.251318 0.35542
0 0.458144 0.382504 0.0406893 0.183774 0.338278
0 0.431719 0.847364 0.0360794 0.0597305 0.288876
0 0.553182 0.806522 0.0328244 0.125349 0.27809
0 0.162517 0.433456 0.0252572 0.0851205 0.25854
0 0.96065 0.24243 0.0190329 0.0513758 0.253394
