0 0.75441 0.333259 0.0303115 0.125369 0.743366
0 0.709316 0.272121 0.0258473 0.132435 0.706213
0 0.592663 0.436241 0.0401383 0.105382 0.626719
0 0.583715 0.400728 0.0189373 0.0344546 0.599815
0 0.467434 0.347585 0.0583475 0.136411 0.58269
0 0.425028 0.739124 0.0431227 0.181136 0.543226
0 0.570599 0.477932 0.0479737 0.143652 0.462186
0 0.620074 0.250653 0.0325641 0.152668 0.461382
0 0.537431 0.305792 0.0249829 0.122456 0.451021
0 0.591803 0.424653 0.0357964 0.081136 0.449317
0 0.216145 0.479034 0.0366975 0.124522 0.411242
0 0.443153 0.818994 0.0487333 0.115722 0.371004
0 0.413026 0.396884 0.0296987 0.16888 0.366339
0 0.327467 0.816079 0.0356175 0.117992 0.35234
0 0.828838 0.227996 0.0266853 0.0464436 0.340608
0 0.419556 0.555151 0.0436106 0.190299 0.334496
0 0.651815 0.181271 0.0231151 0.0484472 0.333402
0 0.564017 0.426574 0.0260814 0.0593154 0.32992
0 0.869144 0.236766 0.0248739 0.0469526 0.320109
0 0.796853 0.219907 0.0278804 0.0520343 0.286508
0 0.585228 0.46349 0.0539112 0.161254 0.272953
0 0.125284 0.444028 0.0244944 0.0808524 0.27133
0 0.25586 0.83427 0.0312158 0.0946205 0.262593
0 0.391728 0.837318 0.0347587 0.0704481 0.261974
0 0.929917 0.255063 0.0233648 0.041514 0.255581
