0 0.302327 0.363383 0.0331987 0.140243 0.828884
0 0.40561 0.508361 0.0567064 0.185195 0.700072
0 0.210157 0.467597 0.0415696 0.187058 0.675997
0 0.572175 0.430823 0.033325 0.167712 0.591752
0 0.225591 0.310683 0.0340474 0.12524 0.580936
0 0.677991 0.516405 0.0412376 0.192791 0.579878
0 0.38046 0.404571 0.0291968 0.123408 0.492882
0 0.567768 0.395582 0.0205918 0.0988802 0.434777
0 0.38371 0.421442 0.0250047 0.149587 0.425024
0 0.569366 0.413138 0.0243395 0.131484 0.421754
0 0.487018 0.365831 0.0347242 0.128405 0.414392
0 0.275481 0.197065 0.0213914 0.0437431 0.402077
0 0.316172 0.253291 0.0222282 0.14491 0.39916
0 0.241713 0.206045 0.025542 0.0492848 0.388085
0 0.520501 0.365204 0.0422489 0.140033 0.385218
0 0.564927 0.430927 0.0481408 0.168699 0.382784
0 0.822363 0.772534 0.0377272 0.131602 0.376417
0 0.752182 0.758009 0.0365019 0.119901 0.36781
0 0.900536 0.909992 0.0340263 0.100459 0.327294
0 0.92448 0.602495 0.0342009 0.0894592 0.297043
0 0.19162 0.864177 0.0577499 0.234348 0.281834
0 0.395072 0.164259 0.0233527 0.0442565 0.276393
0 0.918909 0.607778 0.0451855 0.101819 0.269761
0 0.759508 0.81116 0.0296701 0.0843912 0.267595
0 0.0124045 0.269079 0.0225659 0.0550888 0.251555
