0 0.279126 0.180816 0.0475772 0.175582 0.563621
0 0.882933 0.493853 0.0372334 0.211516 0.428724
0 0.26644 0.0625876 0.0200737 0.066275 0.373297
0 0.350145 0.851978 0.049254 0.0770855 0.358436
0 0.0739834 0.156448 0.022036 0.0633356 0.342483
0 0.528232 0.221893 0.0283182 0.174736 0.31916
0 0.539669 0.318223 0.0257618 0.162623 0.308367
0 0.10909 0.150582 0.0201938 0.0535381 0.289038
0 0.571719 0.310814 0.0299578 0.199311 0.283606
0 0.975397 0.555712 0.0477823 0.112448 0.266562
0 0.460774 0.56686 0.0617332 0.20565 0.255287
0 0.283785 0.0608529 0.019994 0.0719381 0.253815
0 0.0415902 0.166716 0.02728 0.0591998 0.250834
