0 0.362523 0.448191 0.04527 0.197098 0.78162
0 0.805593 0.539381 0.0307494 0.140794 0.675086
0 0.301233 0.353696 0.0363141 0.164303 0.665227
0 0.432413 0.245614 0.0291264 0.130078 0.600325
0 0.581357 0.455256 0.023671 0.153853 0.533191
0 0.49347 0.352583 0.0338712 0.18115 0.508366
0 0.541353 0.38849 0.031114 0.135472 0.502236
0 0.216919 0.327878 0.0325796 0.155145 0.415755
0 0.201923 0.570175 0.0416362 0.226714 0.393317
0 0.317692 0.268766 0.0228408 0.151116 0.389099
0 0.241488 0.222158 0.0278643 0.0613668 0.386571
0 0.601891 0.596937 0.0425501 0.212712 0.364939
0 0.0842156 0.261397 0.0191751 0.0501114 0.358359
0 0.110964 0.251105 0.0179536 0.0545203 0.320205
0 0.912292 0.933687 0.0372757 0.0934528 0.317423
0 0.645752 0.74562 0.0456907 0.238527 0.277879
