0 0.57535 0.606924 0.0278414 0.174166 0.784366
0 0.318749 0.447658 0.0374208 0.153432 0.723474
0 0.115992 0.461182 0.0296815 0.17555 0.655157
0 0.413392 0.575926 0.0636909 0.209552 0.624982
0 0.283004 0.3656 0.0239033 0.162712 0.62341
0 0.458133 0.462901 0.0467458 0.152106 0.578136
0 0.415463 0.329466 0.0257249 0.160955 0.53133
0 0.478642 0.655149 0.0498464 0.229198 0.367049
0 0.239128 0.308647 0.0229904 0.0387694 0.335538
0 0.202535 0.314702 0.0276928 0.0616581 0.316006
0 0.597202 0.698492 0.0466087 0.208427 0.313577
0 0.740856 0.910358 0.0371516 0.154119 0.304174
0 0.575615 0.566674 0.0271483 0.106138 0.290575
0 0.0967809 0.34584 0.019486 0.0509936 0.26853
0 0.0944782 0.285538 0.0221688 0.0694881 0.265593
