0 0.853768 0.348619 0.0260526 0.148202 0.73738
0 0.271713 0.632071 0.0424494 0.203892 0.717134
0 0.404453 0.458556 0.0281901 0.180326 0.573715
0 0.684697 0.43938 0.0454086 0.142533 0.569538
0 0.678042 0.32357 0.0363257 0.122198 0.536443
0 0.585836 0.620771 0.0665811 0.183794 0.512617
0 0.809599 0.248783 0.0210495 0.0467135 0.490732
0 0.212962 0.810855 0.0420029 0.160962 0.448363
0 0.494859 0.524189 0.0308156 0.18481 0.432793
0 0.299282 0.563511 0.0330643 0.167221 0.409645
0 0.446648 0.835501 0.0266937 0.0559 0.389413
0 0.538684 0.35837 0.0242338 0.146546 0.389273
0 0.797941 0.440066 0.0426978 0.165146 0.347771
0 0.120839 0.778215 0.0365859 0.10071 0.338283
0 0.242585 0.830394 0.0323893 0.103408 0.319218
0 0.956885 0.279375 0.0210008 0.0403954 0.304931
0 0.276186 0.864047 0.0372502 0.125952 0.280917
0 0.380052 0.449245 0.0313298 0.176364 0.257125
0 0.173508 0.872783 0.0319743 0.0885469 0.253278
