0 0.645407 0.345945 0.0507973 0.154047 0.822356
0 0.978166 0.345608 0.0429092 0.163741 0.763215
0 0.731514 0.446786 0.0379393 0.153658 0.691067
0 0.554885 0.804895 0.06639 0.144546 0.632361
0 0.753391 0.340034 0.029628 0.141965 0.58761
0 0.755571 0.311581 0.0244162 0.0915809 0.500594
0 0.508878 0.738534 0.0474882 0.114903 0.490182
0 0.60661 0.153901 0.023243 0.0420807 0.486371
0 0.461258 0.378437 0.0357179 0.164744 0.447148
0 0.480124 0.314482 0.0244211 0.136664 0.443552
0 0.55783 0.805308 0.0420942 0.130456 0.429567
0 0.886743 0.228461 0.0287415 0.0434892 0.419605
0 0.70392 0.175577 0.0261415 0.0558926 0.411797
0 0.853932 0.220087 0.0286587 0.048734 0.354633
0 0.931521 0.238374 0.0270121 0.048297 0.335456
0 0.604468 0.702228 0.0681549 0.226708 0.300622
0 0.162427 0.434295 0.0252937 0.0867173 0.270028
0 0.536082 0.135516 0.0210737 0.0415733 0.26854
0 0.43194 0.847754 0.0362853 0.0605036 0.255337
