0 0.4414 0.634404 0.0572833 0.21651 0.666759
0 0.0240365 0.489719 0.0349002 0.193237 0.637746
0 0.373523 0.472171 0.0506089 0.172179 0.604019
0 0.214646 0.292281 0.0249632 0.0433764 0.520145
0 0.177964 0.295309 0.0289713 0.0582744 0.510212
0 0.402148 0.422044 0.0293214 0.15916 0.497466
0 0.262364 0.349583 0.0249434 0.169617 0.488489
0 0.810448 0.654895 0.0336124 0.153231 0.39237
0 0.0291556 0.273961 0.025493 0.0678603 0.329909
0 0.469594 0.509314 0.036338 0.136505 0.324681
0 0.242799 0.27623 0.0233218 0.0587326 0.31595
0 0.347648 0.245964 0.0278378 0.0553139 0.311924
0 0.219574 0.232752 0.0217663 0.0763393 0.309368
0 0.689289 0.473756 0.0394922 0.0971375 0.284952
0 0.376762 0.241584 0.0250373 0.0547556 0.252946
