0 0.830431 0.406791 0.0259145 0.133273 0.886148
0 0.875509 0.332268 0.0272898 0.147496 0.614359
0 0.617956 0.869394 0.0318505 0.0733491 0.608712
0 0.481556 0.480116 0.0509482 0.2477 0.47675
0 0.4877 0.396965 0.02532 0.0792033 0.475213
0 0.93212 0.273686 0.0217898 0.0464662 0.464983
0 0.427866 0.509658 0.051058 0.190733 0.45894
0 0.363592 0.587039 0.0384432 0.168059 0.449389
0 0.668083 0.309124 0.0433817 0.110186 0.439044
0 0.477524 0.507303 0.0492515 0.185994 0.435913
0 0.773881 0.233405 0.0265177 0.0421983 0.402625
0 0.746717 0.418813 0.0494757 0.132038 0.378127
0 0.811683 0.241451 0.0257965 0.049612 0.352866
0 0.596245 0.323434 0.0448956 0.148272 0.345366
0 0.323637 0.817657 0.0386052 0.102475 0.339911
0 0.899462 0.259656 0.0231842 0.0516729 0.334319
0 0.361954 0.849297 0.0358237 0.0621104 0.325747
0 0.51487 0.430982 0.033123 0.127085 0.308716
0 0.485034 0.407383 0.0298725 0.101661 0.284016
0 0.51436 0.452607 0.0358873 0.169045 0.275579
0 0.140594 0.77353 0.0347592 0.133878 0.275367
0 0.301259 0.792472 0.0355865 0.117305 0.274505
0 0.270887 0.669931 0.0377857 0.203629 0.25213
