0 0.462331 0.586626 0.048449 0.17342 0.711252
0 0.335396 0.280954 0.032399 0.126436 0.700662
0 0.092753 0.623923 0.0503337 0.182491 0.693297
0 0.628073 0.642199 0.030995 0.186266 0.639734
0 0.506012 0.321912 0.0530281 0.116887 0.626808
0 0.934238 0.71955 0.04892 0.12276 0.617488
0 0.605089 0.741666 0.0325025 0.170644 0.606597
0 0.611793 0.43501 0.0489549 0.156384 0.565937
0 0.0605019 0.872724 0.0460784 0.164767 0.533818
0 0.911904 0.621281 0.0399864 0.16877 0.525568
0 0.987224 0.716884 0.0248196 0.1032 0.49304
0 0.914942 0.834452 0.0331678 0.100755 0.452834
0 0.955208 0.778895 0.0401829 0.0841835 0.388933
0 0.453067 0.229124 0.0282388 0.105919 0.378928
0 0.16659 0.841688 0.0322756 0.201199 0.373761
0 0.890593 0.769621 0.0226731 0.0394453 0.320432
0 0.610313 0.74012 0.0441993 0.180931 0.300629
0 0.626968 0.598085 0.0253175 0.0966294 0.298281
0 0.62809 0.613759 0.0274636 0.127776 0.28565
0 0.609813 0.723676 0.0374176 0.144152 0.258732
