0 0.655711 0.315435 0.0539682 0.116486 0.769506
0 0.591988 0.866961 0.0321283 0.0764581 0.688584
0 0.822116 0.409826 0.0350245 0.132972 0.685544
0 0.742266 0.429557 0.0692835 0.136912 0.664677
0 0.474681 0.416406 0.0246677 0.120626 0.656788
0 0.44123 0.8354 0.0413591 0.132848 0.638681
0 0.589447 0.327925 0.0347905 0.13567 0.603447
0 0.870859 0.342645 0.0394974 0.148428 0.585084
0 0.350711 0.861724 0.0362847 0.0857786 0.578717
0 0.494033 0.413343 0.0256567 0.096387 0.533768
0 0.28877 0.805187 0.0352083 0.146179 0.475024
0 0.796817 0.240574 0.0251212 0.0473092 0.374367
0 0.913407 0.271708 0.0225817 0.0441338 0.352488
0 0.267347 0.663427 0.0415929 0.207249 0.345962
0 0.350155 0.589125 0.0382405 0.168509 0.300189
