0 0.579304 0.420144 0.036725 0.172272 0.749951
0 0.216482 0.303468 0.0302132 0.134322 0.66191
0 0.32573 0.364709 0.034661 0.143369 0.654702
0 0.209063 0.455327 0.0452398 0.175644 0.637101
0 0.384618 0.486873 0.0385616 0.205295 0.628412
0 0.313413 0.240771 0.0219858 0.150422 0.537797
0 0.416146 0.462024 0.0420846 0.201075 0.511532
0 0.49781 0.342806 0.0442924 0.171043 0.436453
0 0.479857 0.312952 0.0414236 0.136259 0.420206
0 0.32757 0.336032 0.0295059 0.0863575 0.32033
0 0.6542 0.456216 0.042461 0.14956 0.30761
0 0.384727 0.464296 0.0308892 0.156958 0.302
0 0.0397243 0.244864 0.0226711 0.0419201 0.284223
0 0.011285 0.25314 0.0215879 0.0559749 0.281966
0 0.813138 0.393981 0.0315878 0.07845 0.276623
0 0.820554 0.748811 0.0363648 0.117091 0.268262
0 0.740581 0.849621 0.0402773 0.107827 0.26232
