0 0.581475 0.867026 0.0319885 0.0804378 0.816388
0 0.468669 0.41699 0.0265456 0.120855 0.759758
0 0.652889 0.315199 0.0557824 0.113858 0.754663
0 0.738515 0.430318 0.0716414 0.13498 0.753077
0 0.82085 0.412419 0.030681 0.139066 0.704008
0 0.867636 0.344958 0.0391987 0.151856 0.532394
0 0.908331 0.270912 0.0205517 0.0456443 0.528466
0 0.5906 0.33536 0.0349196 0.151475 0.496165
0 0.281969 0.79161 0.0319904 0.130737 0.473679
0 0.264921 0.653414 0.0389148 0.198556 0.469828
0 0.346146 0.864813 0.0381549 0.0931509 0.46819
0 0.487598 0.408301 0.021852 0.0888164 0.460679
0 0.487185 0.41844 0.0254918 0.106257 0.429221
0 0.438309 0.836871 0.0418361 0.137777 0.413162
0 0.751969 0.232731 0.0257636 0.0427439 0.386674
0 0.345277 0.589332 0.0377107 0.164941 0.35829
0 0.788259 0.239275 0.0258215 0.0477606 0.356182
0 0.453517 0.555883 0.0413117 0.182827 0.333891
0 0.309716 0.82609 0.0322908 0.11793 0.304632
