0 0.515926 0.323337 0.0389408 0.109567 0.73065
0 0.57361 0.746012 0.0826033 0.185638 0.71738
0 0.620442 0.438498 0.0287911 0.15267 0.553952
0 0.43697 0.586783 0.0589051 0.171163 0.55127
0 0.0654857 0.624199 0.0625883 0.166838 0.523034
0 0.905609 0.651329 0.0545406 0.164351 0.488516
0 0.337266 0.278478 0.0362053 0.124926 0.459181
0 0.330602 0.279059 0.0538593 0.125906 0.448297
0 0.618466 0.634966 0.0416918 0.197263 0.43971
0 0.975195 0.736322 0.0392773 0.118404 0.345209
0 0.937773 0.818805 0.0297839 0.0825259 0.331497
0 0.337894 0.270077 0.0262529 0.107321 0.328828
0 0.0753602 0.618681 0.0408245 0.156544 0.275468
0 0.0299174 0.875644 0.052817 0.169963 0.262091
0 0.184336 0.827827 0.029727 0.205745 0.256638
