0 0.559963 0.863788 0.0294397 0.0857155 0.820766
0 0.816036 0.420535 0.0360468 0.150387 0.755605
0 0.478723 0.578308 0.0312936 0.210755 0.616464
0 0.579627 0.338718 0.0349099 0.146267 0.616165
0 0.651599 0.321185 0.0472836 0.091626 0.6127
0 0.733041 0.426744 0.049237 0.137539 0.612432
0 0.870916 0.351978 0.0286514 0.126124 0.609198
0 0.336491 0.586235 0.0353868 0.16624 0.605942
0 0.473482 0.441256 0.0243614 0.149625 0.540368
0 0.263426 0.637777 0.0333193 0.176115 0.539209
0 0.501035 0.519413 0.0322027 0.190461 0.527882
0 0.337368 0.861666 0.0378308 0.0969791 0.501157
0 0.891466 0.267302 0.0228252 0.0455876 0.481581
0 0.270438 0.787837 0.0324794 0.130965 0.39288
0 0.47443 0.407335 0.0204347 0.0858715 0.365319
0 0.773974 0.238835 0.0254624 0.043112 0.301038
0 0.456156 0.409344 0.0257739 0.107112 0.293006
0 0.300128 0.83713 0.0332478 0.140269 0.270736
0 0.431786 0.834984 0.0415832 0.134746 0.258702
