0 0.413996 0.254197 0.0346905 0.108023 0.825301
0 0.484377 0.356524 0.048335 0.101102 0.822566
0 0.509127 0.59897 0.0477795 0.155055 0.745125
0 0.189063 0.876671 0.0608485 0.178744 0.683623
0 0.864518 0.695782 0.0313927 0.120872 0.628601
0 0.903945 0.561478 0.0346989 0.138738 0.613006
0 0.356825 0.296188 0.0368076 0.13016 0.599423
0 0.654926 0.631183 0.0313696 0.197085 0.589256
0 0.677909 0.710457 0.0616556 0.178824 0.53301
0 0.0420326 0.500035 0.0368898 0.153939 0.518054
0 0.965838 0.670478 0.0291054 0.0976024 0.481978
0 0.821897 0.824806 0.0327642 0.100587 0.4207
0 0.188227 0.583989 0.0601758 0.169041 0.418511
0 0.933419 0.681312 0.0221668 0.0537767 0.391754
0 0.541686 0.243321 0.0354824 0.11332 0.375428
0 0.795325 0.770768 0.0185615 0.0350343 0.361486
0 0.435399 0.651552 0.0518688 0.169556 0.349758
0 0.195436 0.582276 0.0419832 0.164563 0.348959
0 0.530171 0.288702 0.0112174 0.0238486 0.314112
0 0.932487 0.705636 0.0291355 0.106304 0.313979
0 0.888125 0.705254 0.0301176 0.101037 0.312035
0 0.0680642 0.256141 0.0259008 0.0517212 0.287978
0 0.443944 0.648182 0.0358989 0.178633 0.285446
0 0.790092 0.837129 0.0281293 0.0922202 0.278981
0 0.857178 0.78345 0.0382643 0.101261 0.266453
