0 0.202778 0.563571 0.0279425 0.125852 0.884452
0 0.472223 0.352855 0.0489319 0.106607 0.740593
0 0.898935 0.557118 0.0266842 0.137489 0.598333
0 0.65504 0.62274 0.0347664 0.189037 0.576639
0 0.503722 0.599714 0.040316 0.163359 0.539813
0 0.35622 0.293934 0.0313768 0.113545 0.52476
0 0.811106 0.82402 0.0330847 0.0952388 0.474427
0 0.855469 0.692646 0.0300724 0.119978 0.465216
0 0.352118 0.302048 0.0380323 0.122467 0.446639
0 0.199522 0.875 0.0335911 0.177466 0.435979
0 0.878286 0.697494 0.0287735 0.0878816 0.433271
0 0.584205 0.37178 0.0333847 0.116049 0.432494
0 0.0389521 0.501721 0.046046 0.159841 0.417411
0 0.847416 0.775727 0.03614 0.076311 0.413075
0 0.923014 0.694166 0.0262957 0.0845357 0.405071
0 0.405817 0.259534 0.0378452 0.103118 0.388063
0 0.686082 0.704001 0.0479912 0.186179 0.385189
0 0.439428 0.643495 0.0390341 0.211529 0.378809
0 0.847479 0.785079 0.0360184 0.110087 0.377056
0 0.790429 0.794719 0.0289421 0.0814454 0.336211
0 0.539229 0.241175 0.0248444 0.102512 0.331129
0 0.81051 0.765224 0.0276112 0.0730731 0.328554
0 0.102889 0.891577 0.0351628 0.213479 0.323571
0 0.922314 0.703404 0.0311011 0.10635 0.319357
0 0.954682 0.669666 0.0290186 0.0984646 0.289079
0 0.859652 0.6772 0.0202465 0.0914423 0.271401
0 0.790371 0.903558 0.0399858 0.117642 0.270668
0 0.779251 0.836216 0.0243364 0.0917746 0.268693
0 0.394458 0.26529 0.0158178 0.0913921 0.266775
0 0.811135 0.77974 0.0296264 0.0637414 0.264952
0 0.586582 0.406986 0.026777 0.154418 0.256166
