0 0.775297 0.419799 0.0566841 0.141059 0.7848
0 0.884166 0.324375 0.0314909 0.156179 0.743398
0 0.570453 0.458943 0.0371288 0.164048 0.665722
0 0.408591 0.595619 0.0342065 0.176186 0.653872
0 0.613068 0.481252 0.0660381 0.167054 0.603788
0 0.66546 0.314071 0.0365938 0.128948 0.572478
0 0.845486 0.424064 0.0370211 0.15652 0.516425
0 0.472514 0.457493 0.0431003 0.201242 0.464309
0 0.860145 0.245795 0.0287106 0.0530719 0.455054
0 0.715741 0.315053 0.0391483 0.109417 0.435352
0 0.985097 0.27896 0.0277016 0.0517826 0.388127
0 0.422073 0.391894 0.0319563 0.171026 0.358754
0 0.358014 0.823803 0.0296518 0.112032 0.337736
0 0.393105 0.849395 0.0358647 0.0583863 0.266603
0 0.787978 0.230133 0.0274531 0.0459311 0.250344
0 0.474539 0.826722 0.0393651 0.101804 0.250024
