0 0.530593 0.78944 0.0430384 0.172867 0.789152
0 0.522932 0.680634 0.0760078 0.142905 0.718945
0 0.689056 0.358222 0.0434405 0.160232 0.598945
0 0.974345 0.35213 0.0397049 0.169945 0.543007
0 0.796203 0.383881 0.0352823 0.150207 0.531
0 0.877727 0.228677 0.0298031 0.0473165 0.487069
0 0.742893 0.404391 0.0379534 0.156839 0.454551
0 0.483147 0.304292 0.045537 0.158307 0.433081
0 0.600233 0.154587 0.0228611 0.0458075 0.397991
0 0.505143 0.834977 0.0473391 0.0876939 0.351933
0 0.500036 0.353181 0.0364225 0.165958 0.328178
0 0.736134 0.634351 0.0578659 0.22458 0.291731
0 0.654393 0.560896 0.0462313 0.188478 0.288859
0 0.42951 0.851483 0.0369724 0.0594296 0.282421
0 0.991033 0.197931 0.017368 0.0627291 0.270303
