0 0.39138 0.539707 0.0381448 0.16441 0.590371
0 0.481881 0.51265 0.0438519 0.148405 0.552032
0 0.0175393 0.960571 0.0345079 0.0788572 0.543989
0 0.419994 0.815934 0.0411026 0.121915 0.498871
0 0.655967 0.52387 0.0296215 0.148784 0.418938
0 0.422244 0.365425 0.032996 0.120029 0.378984
0 0.230129 0.517268 0.0606115 0.161642 0.365745
0 0.351488 0.482653 0.0451726 0.146712 0.34919
0 0.715847 0.822627 0.025468 0.0793681 0.332223
0 0.841164 0.723891 0.0319023 0.101259 0.295196
0 0.736427 0.79242 0.0186325 0.0527258 0.292989
0 0.390863 0.284796 0.0244836 0.135201 0.273169
