0 0.710428 0.439093 0.0586675 0.141444 0.763551
0 0.864424 0.34961 0.0401665 0.152171 0.7219
0 0.27305 0.637107 0.0296694 0.191371 0.68976
0 0.4352 0.455588 0.0233076 0.180489 0.616641
0 0.237259 0.812199 0.0362178 0.172198 0.600333
0 0.668759 0.315114 0.0429029 0.133719 0.581691
0 0.805875 0.427617 0.037178 0.151323 0.562476
0 0.559136 0.337704 0.0280132 0.152037 0.555591
0 0.314755 0.567439 0.0383591 0.168562 0.527876
0 0.504082 0.518106 0.0447042 0.182935 0.467698
0 0.493447 0.853781 0.0279869 0.10898 0.422633
0 0.845796 0.258202 0.0211155 0.0393607 0.405649
0 0.418014 0.434357 0.0252863 0.157292 0.371356
0 0.416942 0.826902 0.0415106 0.156608 0.361998
0 0.30253 0.854059 0.0399174 0.107501 0.314717
0 0.0783594 0.759264 0.034504 0.0913565 0.292298
0 0.672363 0.311154 0.0312402 0.124868 0.27746
0 0.270131 0.842794 0.0336314 0.140756 0.270427
0 0.143244 0.856494 0.0421432 0.138825 0.267012
