0 0.488583 0.342738 0.0373501 0.205319 0.654451
0 0.249769 0.256522 0.0545586 0.187052 0.58538
0 0.261745 0.14746 0.0222591 0.0446313 0.513446
0 0.890131 0.544904 0.035598 0.19477 0.488167
0 0.402649 0.110078 0.0297262 0.0565886 0.48572
0 0.223273 0.155153 0.0305456 0.0601303 0.48427
0 0.43569 0.55499 0.0362437 0.211985 0.480113
0 0.801119 0.928482 0.0552776 0.1223 0.436699
0 0.44095 0.797292 0.0517835 0.185171 0.415696
0 0.599116 0.359667 0.0381956 0.163102 0.408612
0 0.264688 0.0982873 0.0186848 0.0684804 0.382725
0 0.431116 0.102787 0.0225147 0.0494886 0.32824
0 0.283638 0.0870403 0.0219008 0.059898 0.327131
0 0.763034 0.272337 0.035265 0.079468 0.30004
0 0.37537 0.112495 0.0245435 0.0619679 0.290655
0 0.573208 0.322188 0.0306419 0.168695 0.282839
0 0.532141 0.261248 0.0302128 0.179733 0.281104
0 0.576085 0.403619 0.0324209 0.253254 0.268188
0 0.570098 0.186048 0.0235202 0.0868781 0.257609
