0 0.845173 0.426385 0.0516069 0.154984 0.645229
0 0.891345 0.321029 0.0326931 0.161637 0.635116
0 0.41225 0.601224 0.0393436 0.172847 0.620702
0 0.42622 0.36093 0.0296747 0.15129 0.593188
0 0.783332 0.424545 0.0550358 0.15368 0.57175
0 0.653458 0.492474 0.0876707 0.173902 0.508448
0 0.259049 0.835457 0.0282793 0.0799662 0.459231
0 0.720504 0.307647 0.0405348 0.120642 0.4317
0 0.60147 0.466577 0.0445072 0.164753 0.42248
0 0.484912 0.827873 0.0426451 0.0988785 0.411284
0 0.989719 0.272132 0.0200451 0.0549475 0.403684
0 0.311229 0.691202 0.042007 0.199405 0.391747
0 0.332654 0.81612 0.0355002 0.118695 0.382716
0 0.3602 0.821186 0.0334309 0.112791 0.363663
0 0.478128 0.427333 0.0398165 0.194203 0.338878
0 0.558566 0.165638 0.022605 0.0441084 0.338275
0 0.671833 0.312931 0.0337978 0.1415 0.336274
0 0.8274 0.231448 0.0258484 0.0483773 0.331895
0 0.930777 0.261419 0.0225006 0.0430541 0.321612
0 0.861299 0.206373 0.0225517 0.105595 0.278166
