0 0.468661 0.573419 0.0367088 0.168164 0.698652
0 0.401523 0.42447 0.0501892 0.118708 0.693939
0 0.313372 0.549098 0.0289905 0.129714 0.666314
0 0.289854 0.633038 0.0350346 0.188472 0.661668
0 0.439362 0.496372 0.0343975 0.155307 0.660121
0 0.75494 0.707687 0.0397533 0.156774 0.619979
0 0.352173 0.387558 0.0403907 0.120252 0.565343
0 0.638249 0.560746 0.0504975 0.172978 0.371631
0 0.485779 0.858116 0.0348292 0.0597644 0.370033
0 0.809478 0.586094 0.0224144 0.140854 0.354265
0 0.521583 0.340149 0.0237932 0.109551 0.336914
0 0.809166 0.600239 0.0195803 0.112611 0.336725
0 0.826095 0.802643 0.0296501 0.111706 0.307742
0 0.891957 0.920486 0.0286922 0.0766503 0.269461
0 0.329849 0.32922 0.0174541 0.102979 0.250223
