0 0.330689 0.436263 0.0523937 0.171069 0.681855
0 0.417702 0.617327 0.0430776 0.230284 0.645202
0 0.410861 0.462681 0.0466185 0.169013 0.627524
0 0.250166 0.329823 0.0338815 0.171738 0.623905
0 0.466872 0.575194 0.0626705 0.21253 0.557511
0 0.826948 0.659391 0.0298634 0.162351 0.553831
0 0.207203 0.26455 0.0240676 0.0442125 0.457631
0 0.322938 0.319855 0.0298486 0.0956015 0.402146
0 0.207673 0.205265 0.0188178 0.0648017 0.401329
0 0.382324 0.398203 0.0391348 0.18014 0.354064
0 0.528227 0.483464 0.0387378 0.188476 0.353229
0 0.141631 0.257046 0.0294001 0.140464 0.330856
0 0.191631 0.232494 0.019518 0.104764 0.295243
0 0.191798 0.207354 0.0179083 0.0604184 0.260977
0 0.0531671 0.301612 0.0249833 0.0562459 0.25458
0 0.583292 0.613491 0.0613413 0.215779 0.252627
