0 0.613542 0.523023 0.0785275 0.178489 0.636985
0 0.751942 0.317533 0.0350558 0.137786 0.593847
0 0.521425 0.297984 0.030014 0.1462 0.549901
0 0.415416 0.729503 0.0392999 0.169857 0.538974
0 0.448963 0.345577 0.0452614 0.141468 0.522604
0 0.649746 0.169844 0.0219217 0.0483942 0.502375
0 0.441341 0.557061 0.0392641 0.172887 0.493728
0 0.611807 0.419198 0.0434708 0.111971 0.483303
0 0.61808 0.237215 0.030595 0.158587 0.47776
0 0.388325 0.832308 0.0361924 0.0767902 0.346773
0 0.440198 0.815287 0.0433898 0.120726 0.345123
0 0.92917 0.243931 0.0215496 0.0406061 0.343201
0 0.162205 0.305819 0.0230842 0.0671035 0.284148
0 0.765244 0.199929 0.0221864 0.0503293 0.277164
0 0.146583 0.265151 0.019691 0.0664652 0.270638
0 0.72393 0.286966 0.0366391 0.0922486 0.264539
0 0.866222 0.225427 0.0267525 0.0466817 0.250071
