0 0.272608 0.631703 0.0458932 0.202741 0.722082
0 0.585235 0.620186 0.0601532 0.179692 0.705288
0 0.855295 0.349706 0.0241453 0.151893 0.630992
0 0.686649 0.441515 0.0495257 0.146195 0.625555
0 0.677424 0.322171 0.0350163 0.123885 0.572733
0 0.213299 0.817088 0.0372626 0.172507 0.510105
0 0.449157 0.835036 0.027231 0.0585145 0.508456
0 0.405362 0.456419 0.0272467 0.178133 0.490442
0 0.798261 0.441974 0.042066 0.172792 0.46999
0 0.299418 0.562292 0.0344079 0.168366 0.461045
0 0.541601 0.348346 0.0246227 0.138668 0.446249
0 0.812595 0.248594 0.0231135 0.0467894 0.386779
0 0.49401 0.523853 0.0350267 0.185362 0.370809
0 0.0537799 0.758819 0.0307251 0.0707561 0.333273
0 0.384223 0.445355 0.0227834 0.168861 0.316795
0 0.958364 0.281694 0.020504 0.036895 0.270539
0 0.662793 0.223181 0.022488 0.0409779 0.263822
0 0.415169 0.174674 0.0238226 0.04551 0.259137
0 0.27829 0.862709 0.037122 0.122154 0.256
