0 0.850115 0.626528 0.0416771 0.224316 0.659711
0 0.239101 0.450686 0.0400916 0.178127 0.604415
0 0.437588 0.460479 0.0334621 0.205746 0.541591
0 0.201105 0.359901 0.0359073 0.151203 0.527948
0 0.322384 0.561691 0.0488477 0.145633 0.504714
0 0.328791 0.363083 0.0466396 0.182245 0.500746
0 0.203109 0.344185 0.0292273 0.136246 0.349545
0 0.395813 0.602588 0.0442856 0.217073 0.337113
0 0.830229 0.483551 0.0428448 0.125853 0.330385
0 0.598854 0.41174 0.0349495 0.161964 0.31113
0 0.900899 0.839703 0.0515526 0.160667 0.302952
0 0.850117 0.660073 0.038732 0.157393 0.250838
0 0.596554 0.394459 0.0288183 0.127849 0.250466
