0 0.278724 0.524803 0.0295837 0.140596 0.661145
0 0.426773 0.363332 0.0352991 0.117207 0.606165
0 0.484082 0.509896 0.0447786 0.177936 0.601212
0 0.417391 0.574619 0.0454673 0.175988 0.503996
0 0.74929 0.771316 0.0168078 0.0440412 0.492117
0 0.726497 0.682557 0.0540943 0.177005 0.481592
0 0.295373 0.830859 0.0375965 0.133997 0.479774
0 0.0672432 0.934054 0.0377484 0.130735 0.451916
0 0.279223 0.550145 0.0290131 0.0983601 0.423259
0 0.116571 0.498387 0.0544021 0.166005 0.398197
0 0.373434 0.311135 0.0349643 0.122057 0.36945
0 0.544947 0.250289 0.0214014 0.0959428 0.341405
0 0.543865 0.262644 0.0200486 0.0736401 0.341351
0 0.563456 0.382488 0.0416492 0.13824 0.329289
0 0.669817 0.589881 0.0319673 0.188667 0.307299
0 0.402538 0.286773 0.0197349 0.0722562 0.250754
