0 0.477121 0.601281 0.0411251 0.177457 0.779388
0 0.339871 0.278529 0.0514186 0.137797 0.721266
0 0.0880026 0.876176 0.0475456 0.169802 0.68133
0 0.447784 0.225306 0.0220554 0.125359 0.667868
0 0.916188 0.603658 0.0383148 0.157896 0.642423
0 0.923085 0.719317 0.0402409 0.147178 0.58307
0 0.107119 0.614711 0.0651238 0.164228 0.576168
0 0.410372 0.695709 0.0603517 0.204345 0.56529
0 0.635112 0.609813 0.0289325 0.126354 0.521875
0 0.895917 0.829401 0.0329845 0.0977099 0.518282
0 0.967055 0.713345 0.0336598 0.107112 0.454996
0 0.516849 0.217806 0.0157422 0.0853033 0.422102
0 0.620362 0.725034 0.0425277 0.178805 0.419248
0 0.613578 0.439036 0.0364517 0.153112 0.39495
0 0.156804 0.844623 0.0341102 0.216669 0.338088
0 0.515601 0.32423 0.0410889 0.125285 0.335853
0 0.895183 0.753407 0.0204088 0.0323442 0.306122
0 0.933361 0.784518 0.0398605 0.0702182 0.264412
