0 0.48305 0.355415 0.0425037 0.170704 0.737871
0 0.521547 0.721072 0.0543064 0.148493 0.687939
0 0.673538 0.657971 0.0715979 0.216641 0.63155
0 0.795603 0.380396 0.0433144 0.160335 0.590022
0 0.742407 0.418774 0.0391851 0.169717 0.588046
0 0.675253 0.354645 0.036944 0.157465 0.577183
0 0.563579 0.802097 0.0628206 0.143556 0.526235
0 0.604862 0.152398 0.0239971 0.0491572 0.470712
0 0.476325 0.302393 0.027879 0.155714 0.467038
0 0.981198 0.351576 0.0369724 0.172652 0.394162
0 0.487305 0.828104 0.0456392 0.0959065 0.379091
0 0.702667 0.177629 0.0260526 0.0577534 0.345871
0 0.870374 0.182069 0.023613 0.0662127 0.342144
0 0.639921 0.164876 0.0238609 0.0418382 0.323896
0 0.925739 0.240367 0.0280296 0.0491946 0.298823
0 0.641344 0.597454 0.036441 0.145532 0.285582
0 0.885761 0.232376 0.0291718 0.0379329 0.278709
0 0.563789 0.799678 0.0424797 0.138217 0.265331
0 0.771521 0.295521 0.0304256 0.0863008 0.258775
