0 0.810753 0.977424 0.0506786 0.0451521 0.828931
0 0.90915 0.492477 0.0813045 0.165043 0.741099
0 0.40502 0.698453 0.0639582 0.147839 0.720447
0 0.601125 0.341272 0.0755252 0.131449 0.714545
0 0.38037 0.490902 0.062854 0.128321 0.667471
0 0.744936 0.283611 0.0377327 0.111632 0.607709
0 0.7943 0.375219 0.0369678 0.15521 0.592649
0 0.331161 0.827726 0.0374278 0.0975132 0.442153
0 0.633932 0.16944 0.0234872 0.0445705 0.421544
0 0.124591 0.758812 0.0301659 0.0959338 0.421322
0 0.299304 0.799503 0.0425639 0.137252 0.365791
0 0.453328 0.412141 0.0524749 0.220109 0.303672
0 0.370197 0.849361 0.037679 0.0529048 0.294243
0 0.448656 0.453749 0.0501433 0.137027 0.273852
0 0.923715 0.244594 0.0225966 0.036846 0.264564
0 0.860744 0.226065 0.0299091 0.0458139 0.262331
