0 0.262885 0.897011 0.0412102 0.205978 0.762869
0 0.182616 0.359891 0.0379016 0.180409 0.669102
0 0.298472 0.362147 0.0258322 0.147817 0.593386
0 0.572971 0.495085 0.0301319 0.192561 0.529294
0 0.373259 0.465091 0.030571 0.185664 0.528837
0 0.169382 0.644259 0.0533843 0.245655 0.516601
0 0.226982 0.232976 0.0248734 0.055434 0.504346
0 0.540702 0.618671 0.0476463 0.212697 0.490534
0 0.749576 0.797293 0.0298185 0.106088 0.464203
0 0.500444 0.393558 0.0292023 0.150861 0.434414
0 0.474925 0.369754 0.0438215 0.177692 0.337005
0 0.122562 0.261668 0.0216725 0.0488957 0.292741
0 0.26165 0.226781 0.023525 0.0448437 0.278321
0 0.423833 0.260524 0.0262188 0.128006 0.264859
0 0.385879 0.189461 0.02599 0.044205 0.250262
