0 0.468129 0.563783 0.05264 0.206097 0.725179
0 0.286562 0.162883 0.050216 0.173041 0.670849
0 0.203738 0.21042 0.0379077 0.190025 0.567325
0 0.225741 0.100076 0.0304538 0.0600288 0.519298
0 0.543361 0.377635 0.0431078 0.216623 0.450145
0 0.263804 0.0972909 0.0242072 0.0418398 0.404457
0 0.266872 0.0434721 0.0196022 0.0701243 0.396202
0 0.401428 0.0567622 0.0268458 0.0534054 0.389225
0 0.0437169 0.149209 0.0278133 0.0580384 0.35295
0 0.539431 0.261307 0.0389781 0.108938 0.33804
0 0.43896 0.73728 0.0412915 0.252333 0.327803
0 0.569591 0.285811 0.0340358 0.178981 0.303491
0 0.423643 0.87217 0.0143895 0.0317787 0.282515
0 0.882234 0.477175 0.0362385 0.202092 0.277835
0 0.526551 0.197202 0.026204 0.157128 0.271191
0 0.0643275 0.545282 0.0539403 0.25009 0.263821
0 0.591608 0.295815 0.0233404 0.1421 0.255277
0 0.11098 0.131681 0.0212046 0.053966 0.251391
