0 0.5413 0.399253 0.0362281 0.167822 0.67023
0 0.380431 0.550939 0.0414103 0.189066 0.557554
0 0.845481 0.464731 0.040213 0.155658 0.498961
0 0.876895 0.279828 0.0312275 0.0568766 0.486666
0 0.843279 0.272669 0.0243136 0.047657 0.458392
0 0.738417 0.37357 0.0315265 0.150981 0.448585
0 0.911334 0.291118 0.0274666 0.0485342 0.437064
0 0.202597 0.5777 0.0352373 0.195332 0.370638
0 0.410897 0.423786 0.0262542 0.123516 0.347339
0 0.519347 0.768892 0.0563669 0.214881 0.334048
0 0.429961 0.387047 0.0218176 0.0722893 0.304673
0 0.722618 0.238875 0.0216682 0.0455996 0.304413
0 0.554481 0.195876 0.0221377 0.0436684 0.303712
0 0.174292 0.488181 0.026559 0.0752923 0.302274
0 0.429974 0.425014 0.0253083 0.149374 0.28603
0 0.760157 0.323219 0.0260975 0.148991 0.266724
0 0.81053 0.265979 0.0276815 0.046749 0.266677
0 0.234077 0.492263 0.0264941 0.0787449 0.255815
