0 0.411484 0.382048 0.0304181 0.124905 0.794453
0 0.359384 0.34087 0.0194337 0.134026 0.778777
0 0.535461 0.329095 0.0235046 0.106006 0.583815
0 0.367008 0.561964 0.0385692 0.170235 0.567291
0 0.445313 0.830119 0.0359894 0.120614 0.566751
0 0.380092 0.474765 0.0283773 0.125697 0.551758
0 0.480457 0.530011 0.0422455 0.154105 0.528602
0 0.251032 0.538519 0.0479689 0.175363 0.482101
0 0.79228 0.738841 0.0287817 0.0871706 0.362087
0 0.536626 0.34638 0.0221863 0.0753721 0.3035
0 0.773492 0.659839 0.039402 0.127979 0.296288
0 0.828841 0.739415 0.0307285 0.0932039 0.287282
0 0.724898 0.813936 0.0178827 0.0540455 0.263692
0 0.376415 0.318249 0.0190669 0.119507 0.257666
