0 0.624874 0.520985 0.0475468 0.230009 0.749468
0 0.511596 0.443113 0.0509656 0.207669 0.709067
0 0.59526 0.440502 0.0392244 0.161425 0.683339
0 0.263626 0.224615 0.0261439 0.0511956 0.64142
0 0.578054 0.39439 0.0308045 0.138086 0.628447
0 0.37921 0.336599 0.0542245 0.170787 0.605222
0 0.534387 0.341738 0.0314168 0.183925 0.465285
0 0.987776 0.678016 0.0238136 0.111472 0.439058
0 0.404201 0.186813 0.02887 0.0534218 0.429446
0 0.324258 0.631114 0.0604068 0.226525 0.40239
0 0.573899 0.261713 0.0293894 0.0977772 0.388375
0 0.766876 0.351461 0.031327 0.0947467 0.361341
0 0.104975 0.265893 0.0215523 0.0510268 0.322026
0 0.283778 0.178057 0.0204612 0.081312 0.311169
0 0.265845 0.173928 0.0197326 0.0689058 0.304157
0 0.837877 0.508893 0.0446497 0.120606 0.290014
0 0.0634544 0.201528 0.0300893 0.0784221 0.2896
0 0.920194 0.63067 0.0429195 0.209674 0.275237
0 0.531274 0.290764 0.0249609 0.0848402 0.256888
