0 0.654812 0.630487 0.0372058 0.184454 0.707772
0 0.658596 0.734553 0.0568001 0.190883 0.688646
0 0.536509 0.234651 0.0231484 0.120567 0.67984
0 0.355154 0.28439 0.0305854 0.125133 0.597216
0 0.517988 0.353081 0.0493253 0.0987533 0.560847
0 0.919101 0.584453 0.024094 0.146531 0.539927
0 0.507188 0.620878 0.0587114 0.17005 0.534606
0 0.149394 0.878359 0.0265298 0.153279 0.514709
0 0.15432 0.600094 0.0567773 0.155509 0.505399
0 0.656871 0.611227 0.0312555 0.147722 0.47305
0 0.43176 0.252575 0.0201311 0.0993876 0.441671
0 0.894192 0.703963 0.0351528 0.12447 0.434874
0 0.137544 0.872944 0.0362503 0.217539 0.386736
0 0.208178 0.223277 0.0198533 0.0426729 0.378698
0 0.9251 0.716223 0.0326748 0.111034 0.338443
0 0.435185 0.247434 0.023938 0.108336 0.336603
0 0.612893 0.437966 0.0332757 0.149611 0.334211
0 0.658034 0.582437 0.0270046 0.089144 0.323714
0 0.894138 0.776088 0.0376957 0.0855951 0.313276
0 0.537094 0.273277 0.0234953 0.0478242 0.310159
0 0.0115495 0.494035 0.0215263 0.156822 0.301293
0 0.857934 0.828824 0.0319849 0.0964086 0.285463
0 0.0101999 0.454141 0.0176102 0.078738 0.27272
