0 0.47554 0.279897 0.0324525 0.160507 0.677076
0 0.198649 0.266149 0.0379686 0.158246 0.637746
0 0.240268 0.131002 0.0263466 0.0552288 0.623366
0 0.198366 0.472924 0.0426053 0.192376 0.594513
0 0.408401 0.600054 0.0458682 0.206276 0.578806
0 0.274902 0.125383 0.0228747 0.0455375 0.570792
0 0.318756 0.185437 0.0254433 0.156349 0.521297
0 0.584312 0.365069 0.0366925 0.178829 0.519603
0 0.45017 0.626953 0.0461533 0.247801 0.468844
0 0.203132 0.811636 0.0710775 0.220164 0.430359
0 0.504173 0.23865 0.043276 0.144115 0.42522
0 0.944018 0.55474 0.0488455 0.109715 0.33567
0 0.588098 0.375777 0.0297911 0.153365 0.283121
0 0.0777036 0.176174 0.0199848 0.0505029 0.274219
0 0.766638 0.719516 0.037314 0.145676 0.260942
0 0.27688 0.0770964 0.0175672 0.0579284 0.251199
