0 0.417479 0.485999 0.0470922 0.160933 0.726521
0 0.201219 0.450228 0.0426533 0.17407 0.675924
0 0.293204 0.350532 0.0328489 0.142013 0.647648
0 0.387236 0.353593 0.0294955 0.0991929 0.541332
0 0.22598 0.29925 0.0319439 0.148918 0.501688
0 0.680098 0.570949 0.0337761 0.223037 0.437973
0 0.482181 0.391085 0.0365662 0.111281 0.411899
0 0.381865 0.421549 0.0336667 0.155718 0.392107
0 0.312931 0.259388 0.0216879 0.148878 0.375624
0 0.816675 0.77637 0.0372597 0.133556 0.35411
0 0.189403 0.866936 0.0615624 0.234435 0.272865
