0 0.517274 0.321296 0.0335333 0.119437 0.754298
0 0.329916 0.278344 0.0435559 0.133506 0.730889
0 0.567037 0.759413 0.0591829 0.205839 0.653233
0 0.43458 0.581825 0.0643623 0.170572 0.628479
0 0.064229 0.62904 0.0627232 0.17842 0.6111
0 0.351692 0.684628 0.081151 0.193883 0.601219
0 0.619728 0.639988 0.0391774 0.201221 0.531266
0 0.908336 0.661918 0.0558128 0.174515 0.527935
0 0.984125 0.739509 0.0311327 0.114183 0.415834
0 0.627569 0.441481 0.0268663 0.153489 0.410281
0 0.336165 0.278297 0.028624 0.133713 0.36727
0 0.946954 0.799666 0.0258039 0.0340967 0.297145
0 0.0229093 0.875304 0.0428169 0.177316 0.295524
0 0.513786 0.311811 0.0269563 0.0997038 0.293813
0 0.336643 0.264946 0.024042 0.107391 0.265945
