0 0.844275 0.423057 0.0513077 0.165469 0.611876
0 0.892464 0.321113 0.0319074 0.165867 0.553827
0 0.790546 0.425931 0.0408329 0.153498 0.509547
0 0.485547 0.827367 0.0429001 0.0976524 0.489879
0 0.413452 0.602029 0.0405579 0.170135 0.458277
0 0.427487 0.35894 0.0271918 0.157513 0.41301
0 0.721489 0.306426 0.0386778 0.120712 0.408711
0 0.602157 0.452555 0.0402123 0.136084 0.405904
0 0.259292 0.835744 0.028753 0.0801832 0.387175
0 0.312276 0.689537 0.043169 0.196324 0.382468
0 0.654944 0.491802 0.087462 0.173436 0.35858
0 0.559032 0.164616 0.0229434 0.0456467 0.357093
0 0.47845 0.426407 0.0399391 0.193853 0.344147
0 0.989688 0.272162 0.020058 0.054303 0.334342
0 0.333191 0.81668 0.0360099 0.118705 0.334083
0 0.360893 0.820781 0.033611 0.113265 0.321178
0 0.672778 0.312675 0.0350692 0.140577 0.288177
0 0.398432 0.8489 0.0358673 0.0558837 0.265784
0 0.755517 0.391613 0.014975 0.0276468 0.264793
0 0.827788 0.233019 0.0253093 0.044533 0.250875
