0 0.559999 0.80561 0.0562588 0.138347 0.696845
0 0.773725 0.351478 0.042421 0.157058 0.670476
0 0.664112 0.350896 0.0378991 0.158005 0.66166
0 0.629943 0.693916 0.0461722 0.247842 0.645017
0 0.980795 0.353312 0.03841 0.151435 0.597407
0 0.742189 0.433858 0.0342388 0.178098 0.462308
0 0.606582 0.153347 0.0230527 0.0444292 0.457776
0 0.886408 0.228993 0.0284955 0.0428733 0.441127
0 0.773641 0.353683 0.0294909 0.136655 0.423259
0 0.51045 0.746211 0.050477 0.134625 0.410764
0 0.468339 0.35581 0.0304649 0.153593 0.398945
0 0.853913 0.221413 0.0273182 0.0457393 0.34087
0 0.599838 0.636177 0.0519082 0.165773 0.317217
0 0.786784 0.321148 0.0177706 0.089 0.307488
0 0.93046 0.23942 0.0269726 0.046383 0.303039
0 0.703157 0.177905 0.0243457 0.0541105 0.298973
0 0.205996 0.302475 0.0242109 0.0743455 0.254825
