0 0.763042 0.582963 0.0534245 0.197623 0.655039
0 0.660675 0.532068 0.0553803 0.178475 0.614782
0 0.785925 0.396097 0.0376494 0.15214 0.593686
0 0.472252 0.31588 0.0188622 0.157883 0.587878
0 0.680744 0.337268 0.0469533 0.158455 0.560493
0 0.439265 0.781451 0.0445959 0.156897 0.485116
0 0.499749 0.37419 0.0297966 0.168825 0.471079
0 0.947988 0.337538 0.0311668 0.164822 0.434403
0 0.75082 0.294564 0.0320803 0.0918118 0.430349
0 0.445388 0.768949 0.0558515 0.178588 0.429755
0 0.735785 0.939169 0.0380613 0.121662 0.42288
0 0.504042 0.828 0.0414091 0.0895125 0.338017
0 0.470516 0.608539 0.0403539 0.137974 0.327126
0 0.587386 0.159014 0.0217251 0.03909 0.318077
0 0.731723 0.409919 0.062516 0.154819 0.300736
0 0.767999 0.321546 0.0120235 0.0510749 0.298692
0 0.902995 0.23949 0.0252651 0.0455941 0.274543
0 0.861645 0.231819 0.0262081 0.03659 0.258992
