0 0.75986 0.971614 0.0542858 0.0557964 0.860345
0 0.798182 0.394297 0.0512579 0.160184 0.72387
0 0.385204 0.683594 0.0690028 0.164951 0.6863
0 0.377332 0.491191 0.0685537 0.113297 0.637688
0 0.921339 0.498609 0.067634 0.170479 0.553826
0 0.368399 0.832757 0.0339193 0.0827902 0.539813
0 0.590644 0.361472 0.0780106 0.129557 0.480364
0 0.580476 0.165319 0.0262999 0.036903 0.420486
0 0.508822 0.146279 0.0224894 0.0409531 0.401781
0 0.175183 0.763191 0.0691286 0.0909904 0.385274
0 0.556332 0.39627 0.010455 0.0295862 0.384894
0 0.764883 0.164825 0.0194737 0.0595916 0.335066
0 0.86455 0.231776 0.0291723 0.0473842 0.33403
0 0.391791 0.667376 0.0595115 0.132615 0.313227
0 0.468811 0.360263 0.0379227 0.0941562 0.286178
0 0.676933 0.183051 0.024395 0.0465579 0.284353
0 0.286787 0.42658 0.0409509 0.10521 0.253503
