0 0.540754 0.790233 0.0479252 0.187301 0.79717
0 0.798368 0.383527 0.0375614 0.154627 0.617894
0 0.74469 0.406687 0.0355847 0.146934 0.603919
0 0.978882 0.353859 0.0418886 0.166835 0.584506
0 0.686033 0.354847 0.0322901 0.154106 0.55184
0 0.705373 0.646163 0.0388752 0.205666 0.519963
0 0.492412 0.356793 0.0369004 0.172604 0.47095
0 0.604111 0.15611 0.023676 0.0433542 0.44718
0 0.500416 0.834311 0.044581 0.089078 0.414629
0 0.523419 0.681865 0.0749328 0.144814 0.403587
0 0.656495 0.580076 0.0527978 0.187002 0.331549
0 0.92337 0.240357 0.0279976 0.0474272 0.319595
0 0.431758 0.850864 0.0373682 0.0562228 0.262385
