0 0.362144 0.44996 0.0465015 0.192946 0.818134
0 0.210398 0.335356 0.0367334 0.155443 0.71512
0 0.200863 0.581813 0.0466635 0.231302 0.692869
0 0.300154 0.354987 0.0348713 0.166542 0.663647
0 0.435629 0.240084 0.0278478 0.144884 0.545288
0 0.233792 0.88873 0.0587222 0.222541 0.496684
0 0.23951 0.220916 0.0260466 0.0601687 0.476731
0 0.584403 0.477834 0.0252649 0.138462 0.448926
0 0.913156 0.941674 0.0376707 0.103989 0.359789
0 0.521517 0.382887 0.039023 0.152124 0.352651
0 0.0798139 0.264084 0.0206944 0.0498004 0.343238
0 0.317096 0.270946 0.0220837 0.151722 0.328025
0 0.617237 0.75591 0.0546915 0.23361 0.275361
0 0.491927 0.356219 0.0348562 0.182614 0.273665
