0 0.525586 0.305726 0.0231645 0.145067 0.678196
0 0.611131 0.429034 0.0459343 0.12062 0.611494
0 0.417174 0.73244 0.0419878 0.168811 0.591966
0 0.750609 0.324775 0.0334875 0.133724 0.586002
0 0.451213 0.343562 0.0468025 0.136819 0.563961
0 0.388622 0.832329 0.0355972 0.077673 0.522174
0 0.608064 0.512011 0.075654 0.169042 0.513966
0 0.43444 0.538433 0.0345717 0.136539 0.500323
0 0.618066 0.244435 0.0306757 0.147742 0.462829
0 0.397832 0.401223 0.0280875 0.18552 0.459831
0 0.929034 0.244183 0.0218986 0.0409502 0.366253
0 0.219148 0.444249 0.0397282 0.181792 0.361291
0 0.649661 0.171024 0.0234502 0.0502153 0.320315
0 0.442258 0.816471 0.0452796 0.122779 0.311659
0 0.794796 0.2077 0.0230698 0.0529574 0.305262
0 0.82468 0.220243 0.0250328 0.043857 0.272742
0 0.16311 0.306384 0.0229269 0.0694085 0.272297
0 0.865508 0.2266 0.0255593 0.0454863 0.265851
