0 0.375367 0.46921 0.0503643 0.175886 0.698752
0 0.213846 0.28904 0.0239585 0.0445409 0.590363
0 0.0183045 0.490615 0.029764 0.191555 0.553252
0 0.26181 0.349671 0.0244944 0.164421 0.537225
0 0.382269 0.311748 0.0372344 0.113682 0.523456
0 0.381572 0.289156 0.0356157 0.136135 0.494926
0 0.376062 0.240228 0.024878 0.0568826 0.446336
0 0.176855 0.293492 0.0292645 0.0616489 0.416688
0 0.438818 0.63136 0.0583422 0.2184 0.404156
0 0.367463 0.418657 0.0408102 0.178426 0.357289
0 0.690053 0.473896 0.0425178 0.103256 0.339894
0 0.375265 0.258251 0.0237671 0.0924725 0.289841
0 0.323771 0.248158 0.0230466 0.0573408 0.270362
0 0.370317 0.366445 0.0336615 0.0769667 0.258048
0 0.813742 0.660209 0.0283 0.141993 0.255636
0 0.04632 0.287647 0.0223507 0.0648791 0.254121
