0 0.440706 0.634246 0.05745 0.217897 0.760102
0 0.374112 0.469122 0.0527303 0.179823 0.652336
0 0.0224921 0.488376 0.0330898 0.195062 0.570464
0 0.401929 0.420697 0.0307582 0.156362 0.536713
0 0.177408 0.295158 0.0281328 0.0591273 0.519502
0 0.214796 0.291988 0.0251579 0.043099 0.491063
0 0.262241 0.349434 0.0247199 0.168352 0.467082
0 0.382099 0.278404 0.0354121 0.129406 0.448744
0 0.810526 0.658222 0.0353271 0.147449 0.41624
0 0.217475 0.23318 0.0207268 0.0743694 0.379301
0 0.475976 0.533445 0.0500326 0.189501 0.360917
0 0.0280011 0.269919 0.0235699 0.0670635 0.311364
0 0.38503 0.299798 0.0360161 0.0983651 0.296326
0 0.242963 0.275704 0.0227454 0.0579937 0.276815
