0 0.826346 0.408925 0.0307194 0.133746 0.801211
0 0.658918 0.314187 0.0473642 0.111758 0.755563
0 0.873023 0.340784 0.0326984 0.148861 0.614539
0 0.593334 0.326405 0.0397569 0.148616 0.603901
0 0.291938 0.791396 0.0317856 0.134162 0.566761
0 0.741902 0.427323 0.0606987 0.138982 0.548154
0 0.920515 0.272545 0.0205861 0.0452076 0.471469
0 0.598206 0.869537 0.0323391 0.0789038 0.456989
0 0.353823 0.851065 0.0355677 0.0653105 0.44769
0 0.477571 0.427249 0.0315901 0.142058 0.411889
0 0.319495 0.822942 0.0305874 0.113098 0.410237
0 0.354075 0.587909 0.0378248 0.16659 0.395394
0 0.500412 0.421874 0.0263588 0.110461 0.394272
0 0.441394 0.532662 0.0363262 0.211018 0.380509
0 0.477889 0.41084 0.0286851 0.109966 0.375421
0 0.267912 0.660882 0.0418604 0.202089 0.337975
0 0.500545 0.454507 0.0287029 0.174815 0.336629
0 0.823801 0.430726 0.0324238 0.0949839 0.322265
0 0.481841 0.519511 0.0590746 0.184441 0.321975
0 0.800794 0.240619 0.0256081 0.0479549 0.317999
0 0.443532 0.833467 0.0418459 0.126098 0.298461
0 0.631409 0.223996 0.0207327 0.119607 0.269063
