0 0.597995 0.603537 0.0409273 0.208555 0.797435
0 0.352724 0.446599 0.0608556 0.194772 0.710716
0 0.554955 0.39663 0.0609121 0.147253 0.666256
0 0.494348 0.35168 0.0397468 0.179543 0.626331
0 0.294715 0.351238 0.0396576 0.156315 0.624916
0 0.198661 0.539888 0.0425282 0.221838 0.581459
0 0.876998 0.750639 0.0311878 0.125074 0.440957
0 0.189421 0.889653 0.0682374 0.220694 0.432622
0 0.424989 0.263224 0.0261248 0.128625 0.394271
0 0.810107 0.502659 0.0476271 0.233943 0.392483
0 0.218536 0.330283 0.0260857 0.152452 0.368809
0 0.314287 0.271467 0.0213128 0.147472 0.342716
0 0.236279 0.241888 0.0263284 0.105341 0.328784
0 0.827465 0.793785 0.0386816 0.132191 0.313488
0 0.236537 0.226794 0.0258978 0.072322 0.311471
0 0.658773 0.743852 0.051117 0.254438 0.303446
0 0.13461 0.247875 0.0201264 0.0490197 0.281722
0 0.560217 0.410608 0.0524566 0.136392 0.274476
0 0.553667 0.387705 0.0411625 0.135677 0.263322
0 0.562052 0.450399 0.0501869 0.18133 0.257404
0 0.543813 0.348357 0.0155349 0.0617451 0.252645
