0 0.418421 0.618737 0.041345 0.220363 0.636082
0 0.327584 0.436509 0.0538103 0.171199 0.613331
0 0.206024 0.262774 0.0250443 0.042715 0.55084
0 0.455012 0.572745 0.0547861 0.217814 0.48479
0 0.248324 0.328236 0.0365006 0.170933 0.419618
0 0.378932 0.395196 0.0377921 0.175827 0.40227
0 0.316651 0.326205 0.0284277 0.107211 0.391384
0 0.532385 0.487203 0.03876 0.19319 0.371272
0 0.371717 0.210628 0.0243533 0.0529192 0.370562
0 0.411234 0.441021 0.0403892 0.132724 0.362642
0 0.205426 0.203187 0.0214532 0.0691072 0.342142
0 0.586098 0.608457 0.0553034 0.212762 0.305371
0 0.8275 0.661743 0.0281857 0.159917 0.286363
0 0.341597 0.21968 0.0297365 0.0601431 0.25368
0 0.142213 0.254642 0.0276187 0.137137 0.252766
