0 0.335385 0.42838 0.0481294 0.166521 0.678015
0 0.40383 0.459428 0.0386254 0.168033 0.63042
0 0.253567 0.329409 0.0312661 0.173134 0.616012
0 0.825748 0.661665 0.0272957 0.155948 0.461496
0 0.521706 0.489521 0.0398308 0.192147 0.440055
0 0.209239 0.266806 0.0236668 0.0468652 0.423459
0 0.419291 0.617897 0.0474205 0.229174 0.422905
0 0.345588 0.224844 0.0284133 0.0557444 0.396773
0 0.334508 0.302963 0.027784 0.0920599 0.387625
0 0.209187 0.206568 0.0192948 0.0670393 0.332843
0 0.379745 0.399056 0.0292101 0.167796 0.332508
0 0.478781 0.578505 0.0724819 0.209715 0.321853
0 0.143218 0.259864 0.0270204 0.13676 0.318514
0 0.385664 0.396407 0.0415167 0.169544 0.271717
0 0.583781 0.613736 0.0603412 0.214438 0.266155
0 0.192949 0.234569 0.0199087 0.106365 0.264461
0 0.824463 0.539047 0.0387621 0.173781 0.254108
