0 0.882567 0.96468 0.0555115 0.0706409 0.761542
0 0.703881 0.242835 0.0526491 0.141659 0.675524
0 0.451329 0.33027 0.0447176 0.142201 0.673968
0 0.752796 0.357692 0.0578977 0.15073 0.608699
0 0.451529 0.458722 0.040787 0.127333 0.550739
0 0.0771494 0.628825 0.0429958 0.183218 0.462296
0 0.456428 0.430908 0.0262709 0.0736539 0.448601
0 0.569171 0.317833 0.0144428 0.0272643 0.441593
0 0.874867 0.477669 0.0748224 0.19654 0.429886
0 0.441974 0.12372 0.0255127 0.0478463 0.412674
0 0.766494 0.323422 0.0273536 0.0842834 0.352277
0 0.148545 0.829459 0.0423871 0.118011 0.341096
0 0.5931 0.295821 0.059047 0.13529 0.336505
0 0.350519 0.529464 0.0587681 0.180022 0.335358
0 0.523651 0.845761 0.0298595 0.0540906 0.293442
0 0.621976 0.159252 0.0258943 0.0535481 0.280044
0 0.753872 0.18747 0.0282637 0.0432052 0.268042
0 0.603217 0.294542 0.0363714 0.132008 0.259778
0 0.214604 0.780556 0.0568133 0.148447 0.258899
0 0.248024 0.80753 0.0329305 0.100818 0.256823
0 0.699668 0.687855 0.0753824 0.178755 0.250448
