0 0.22514 0.310739 0.0356151 0.12735 0.774401
0 0.299494 0.358087 0.0346768 0.138514 0.72418
0 0.680243 0.52565 0.0414249 0.178265 0.713358
0 0.406702 0.508497 0.0587063 0.179624 0.692195
0 0.2081 0.463417 0.0408869 0.185911 0.625696
0 0.315083 0.256649 0.0224399 0.14541 0.485565
0 0.490485 0.379679 0.0503268 0.112072 0.477846
0 0.52351 0.355803 0.0286455 0.102969 0.458946
0 0.560909 0.413383 0.0255565 0.145169 0.453278
0 0.274654 0.1991 0.0220506 0.0464612 0.415239
0 0.379617 0.402881 0.0241056 0.152497 0.387752
0 0.820028 0.774468 0.0391935 0.130645 0.384731
0 0.750959 0.76113 0.0362032 0.12449 0.353273
0 0.240472 0.207442 0.0249918 0.0467992 0.352226
0 0.899989 0.911331 0.0348511 0.0958793 0.299902
0 0.786132 0.468491 0.0283757 0.0989105 0.293528
0 0.0834488 0.249402 0.017652 0.0526576 0.278338
0 0.813763 0.425021 0.0330036 0.100045 0.277492
0 0.240242 0.221341 0.025295 0.0774816 0.274546
