0 0.449293 0.407786 0.0472977 0.166169 0.756411
0 0.484672 0.471553 0.0397692 0.193957 0.683463
0 0.628532 0.564244 0.0391557 0.249739 0.468467
0 0.396798 0.205562 0.0285667 0.0554956 0.461951
0 0.257305 0.243878 0.024187 0.0501127 0.434552
0 0.571735 0.459589 0.0451587 0.161504 0.408267
0 0.428019 0.356085 0.0355853 0.180625 0.400301
0 0.426589 0.197114 0.0247544 0.0499225 0.400138
0 0.369958 0.209314 0.0222975 0.0571129 0.355851
0 0.808738 0.916192 0.0490582 0.161227 0.347988
0 0.754956 0.367479 0.0284515 0.0799025 0.297875
0 0.515271 0.339965 0.0353264 0.175777 0.275964
0 0.325772 0.637316 0.0723083 0.192196 0.258868
0 0.702326 0.388855 0.0282997 0.0727354 0.252933
