0 0.214599 0.332305 0.0375412 0.15386 0.70152
0 0.583966 0.459188 0.0227941 0.145691 0.69988
0 0.362079 0.448445 0.0438485 0.196203 0.683278
0 0.433365 0.242651 0.0264866 0.123138 0.664735
0 0.301323 0.353313 0.0356055 0.167152 0.652456
0 0.598431 0.600461 0.0471297 0.226991 0.450822
0 0.494713 0.35301 0.0355151 0.181741 0.441708
0 0.241686 0.221833 0.0274278 0.060185 0.428591
0 0.581266 0.444387 0.0247229 0.12872 0.408346
0 0.207887 0.58086 0.0500366 0.23309 0.40104
0 0.211338 0.888742 0.0517487 0.222517 0.396874
0 0.804726 0.538311 0.0298492 0.141803 0.394746
0 0.536172 0.393208 0.0348112 0.137326 0.391493
0 0.0843399 0.261698 0.0190743 0.0497963 0.364283
0 0.111603 0.25163 0.0185718 0.0540332 0.343452
0 0.319181 0.269055 0.0251011 0.15176 0.289408
0 0.762721 0.772785 0.0357703 0.100335 0.254786
0 0.912743 0.940789 0.0372757 0.0996326 0.252453
