0 0.25036 0.264648 0.0530057 0.185886 0.77053
0 0.489862 0.349165 0.039274 0.208137 0.577181
0 0.439383 0.798881 0.049225 0.175975 0.547858
0 0.222023 0.160745 0.0292127 0.0608474 0.534504
0 0.891137 0.55078 0.0347645 0.187252 0.521891
0 0.262573 0.153959 0.0236122 0.0538362 0.516086
0 0.435975 0.562462 0.038854 0.215344 0.499598
0 0.802022 0.931292 0.056645 0.129194 0.400503
0 0.2833 0.0981081 0.02114 0.0593709 0.399849
0 0.574779 0.456443 0.0310865 0.165715 0.385609
0 0.402126 0.118772 0.0289804 0.053923 0.334416
0 0.575818 0.424486 0.0303446 0.231429 0.317441
0 0.597172 0.357605 0.0414252 0.180545 0.312933
0 0.0643164 0.131647 0.0284427 0.0794439 0.310968
0 0.705174 0.299497 0.0297456 0.0705074 0.291356
0 0.104042 0.194886 0.023976 0.0504231 0.285944
0 0.569993 0.194507 0.025091 0.0884081 0.283122
0 0.264846 0.104364 0.0184541 0.0646589 0.259639
