0 0.738623 0.71789 0.0559349 0.201714 0.652693
0 0.87052 0.301434 0.0585262 0.166629 0.620891
0 0.635259 0.357993 0.0402972 0.145115 0.578788
0 0.51545 0.75382 0.0473431 0.224844 0.487023
0 0.446454 0.340239 0.0355936 0.150812 0.461781
0 0.57495 0.355115 0.0433094 0.177968 0.450626
0 0.407951 0.835719 0.0355287 0.0760162 0.439935
0 0.774696 0.308095 0.0410633 0.132618 0.423412
0 0.601578 0.742031 0.0389269 0.24499 0.409234
0 0.400819 0.438917 0.0413054 0.200874 0.370819
0 0.858442 0.211831 0.0267746 0.0518711 0.312893
0 0.45468 0.290647 0.0172341 0.051017 0.290899
0 0.181126 0.29443 0.0254445 0.0748537 0.288424
0 0.825846 0.202022 0.0297903 0.0545962 0.284228
0 0.676784 0.161557 0.0250416 0.0515205 0.281939
0 0.442091 0.819737 0.0384641 0.112575 0.257339
