0 0.148316 0.481146 0.0276388 0.114884 0.768852
0 0.432616 0.36211 0.0241346 0.120467 0.73645
0 0.559923 0.369039 0.0383471 0.125668 0.689414
0 0.329251 0.826249 0.0327591 0.130321 0.637798
0 0.743005 0.773261 0.0152363 0.0438814 0.563214
0 0.477365 0.524999 0.059198 0.168112 0.539514
0 0.0594174 0.938868 0.0399718 0.121229 0.511932
0 0.373924 0.312906 0.030758 0.12199 0.485712
0 0.295573 0.522513 0.0410636 0.15325 0.467538
0 0.741348 0.678149 0.0432513 0.187411 0.427875
0 0.671662 0.571556 0.0344243 0.184682 0.366224
0 0.421266 0.557328 0.0306591 0.154532 0.338909
0 0.533358 0.293711 0.0103828 0.0256092 0.271904
0 0.543999 0.243894 0.0249407 0.0986373 0.2575
