0 0.103767 0.471803 0.0290821 0.183945 0.770676
0 0.281849 0.365997 0.0248611 0.166691 0.656593
0 0.322955 0.460889 0.045322 0.141044 0.622921
0 0.41852 0.57809 0.0504026 0.212763 0.564222
0 0.449498 0.457645 0.0359454 0.141958 0.548434
0 0.477829 0.657022 0.0534786 0.220916 0.500794
0 0.415764 0.330669 0.0245666 0.158958 0.450858
0 0.0946849 0.346608 0.0183116 0.0502982 0.409906
0 0.20035 0.315939 0.0270621 0.0623863 0.378251
0 0.576709 0.618437 0.0389375 0.183181 0.374777
0 0.595441 0.681152 0.0423205 0.21717 0.356631
0 0.237169 0.31078 0.0241848 0.0422885 0.343842
0 0.784315 0.654322 0.0199986 0.130371 0.304815
0 0.782748 0.625735 0.0308798 0.195667 0.300964
0 0.866279 0.862273 0.0400107 0.136385 0.293654
0 0.73878 0.902252 0.0323193 0.133793 0.29337
0 0.391122 0.263035 0.024328 0.0456358 0.269718
