0 0.47801 0.407481 0.050057 0.216974 0.705444
0 0.189576 0.500848 0.0422537 0.220816 0.674597
0 0.193425 0.25578 0.0326799 0.173048 0.640048
0 0.469617 0.254477 0.0322221 0.130608 0.54197
0 0.583766 0.356428 0.0280949 0.178806 0.530432
0 0.465856 0.294744 0.0378857 0.206778 0.5154
0 0.315119 0.17642 0.0256716 0.160765 0.43654
0 0.508015 0.227383 0.0433811 0.154282 0.426785
0 0.236791 0.122766 0.0265753 0.0608359 0.377898
0 0.0707611 0.166542 0.0222943 0.0532511 0.345262
0 0.45916 0.344915 0.0254443 0.103123 0.333026
0 0.854031 0.479773 0.0369997 0.171007 0.281088
0 0.215719 0.817367 0.0631169 0.22179 0.264583
