0 0.744787 0.418135 0.0352902 0.168329 0.767105
0 0.547924 0.795489 0.063817 0.181405 0.709456
0 0.798234 0.389185 0.0388861 0.153669 0.647912
0 0.980564 0.352674 0.0387389 0.169621 0.585542
0 0.680728 0.355992 0.02824 0.161871 0.578286
0 0.47823 0.303788 0.0301618 0.156279 0.541368
0 0.695346 0.643752 0.0533596 0.218898 0.521593
0 0.524095 0.698175 0.053949 0.143141 0.496668
0 0.604937 0.151681 0.0255037 0.0506238 0.487757
0 0.488932 0.351688 0.0373875 0.166041 0.399713
0 0.525573 0.724713 0.0514255 0.196874 0.384311
0 0.885074 0.231869 0.030188 0.0427648 0.363623
0 0.354332 0.312453 0.0306435 0.1348 0.346512
0 0.924261 0.237582 0.0283001 0.0548544 0.343585
0 0.701957 0.178045 0.0262213 0.0567862 0.340236
0 0.870246 0.182471 0.0228502 0.064904 0.299703
0 0.494518 0.831407 0.0446799 0.090067 0.282941
0 0.395815 0.820964 0.0366109 0.111075 0.281624
0 0.475168 0.318281 0.0249896 0.133604 0.274767
0 0.640799 0.163236 0.0236828 0.0454869 0.261001
