0 0.558985 0.337644 0.0302629 0.110335 0.710581
0 0.432485 0.356885 0.0305821 0.125955 0.668775
0 0.0405433 0.944991 0.044308 0.109172 0.63899
0 0.194166 0.484431 0.031554 0.122976 0.633382
0 0.476165 0.513728 0.0366718 0.164392 0.606453
0 0.413198 0.538611 0.0369893 0.15693 0.57695
0 0.381962 0.809712 0.0459713 0.127385 0.475706
0 0.668112 0.531165 0.0262468 0.164495 0.402191
0 0.331528 0.493175 0.0346917 0.154963 0.398617
0 0.799078 0.702047 0.0276783 0.104235 0.381374
0 0.380237 0.309985 0.0226563 0.120989 0.376549
0 0.758885 0.672801 0.0407163 0.188257 0.326879
0 0.528405 0.290658 0.0109558 0.0325325 0.309516
0 0.728668 0.788224 0.0168108 0.0433146 0.280469
0 0.540721 0.241009 0.0193018 0.0744564 0.256842
