0 0.215163 0.312338 0.0304347 0.155566 0.846308
0 0.280749 0.339733 0.0373328 0.155813 0.75447
0 0.18562 0.477768 0.0298295 0.187646 0.743646
0 0.359686 0.433485 0.0464338 0.198268 0.681265
0 0.302201 0.266995 0.021685 0.156283 0.587386
0 0.738064 0.776269 0.0335775 0.136151 0.363584
0 0.807709 0.784327 0.037254 0.134882 0.328856
0 0.204214 0.392493 0.0100017 0.0200671 0.32711
0 0.401063 0.343002 0.0377611 0.159055 0.324992
0 0.726878 0.876759 0.0411197 0.115137 0.298091
0 0.806576 0.560214 0.03081 0.167943 0.250362
