0 0.262765 0.274478 0.03667 0.191252 0.505412
0 0.401874 0.139943 0.0292384 0.0557979 0.499721
0 0.895428 0.570059 0.0393694 0.196939 0.458066
0 0.490576 0.37565 0.0401375 0.201821 0.457757
0 0.429539 0.591742 0.0385914 0.218004 0.444084
0 0.575878 0.445469 0.0320089 0.226315 0.427584
0 0.22104 0.183588 0.0286135 0.0610555 0.425906
0 0.282528 0.117571 0.0212688 0.0530119 0.39044
0 0.851111 0.933533 0.0448784 0.131566 0.369436
0 0.436222 0.801979 0.0508075 0.13068 0.368319
0 0.804538 0.946604 0.0559143 0.106465 0.341333
0 0.763182 0.301315 0.0326495 0.0836093 0.32498
0 0.910356 0.952552 0.0525675 0.0942309 0.322881
0 0.57448 0.309691 0.0343387 0.088238 0.320012
0 0.909941 0.789013 0.0308157 0.101466 0.312176
0 0.264272 0.127273 0.0188853 0.06327 0.299513
0 0.389099 0.0866067 0.025883 0.0756516 0.29851
0 0.431144 0.133432 0.0235994 0.0484373 0.297562
0 0.0623714 0.156152 0.0291196 0.0781822 0.291017
0 0.255933 0.203769 0.0211706 0.0832661 0.28035
0 0.0677579 0.221692 0.0231334 0.0593721 0.265965
0 0.707516 0.321134 0.0276661 0.0701289 0.250996
