0 0.320121 0.563012 0.061313 0.182779 0.776866
0 0.62751 0.221937 0.0347496 0.122659 0.606273
0 0.67708 0.321789 0.0309235 0.139669 0.582524
0 0.44025 0.493001 0.0432052 0.173032 0.581941
0 0.0513362 0.620472 0.0600304 0.180988 0.556832
0 0.0665898 0.784285 0.0387358 0.17426 0.55399
0 0.39981 0.82124 0.0277445 0.113475 0.503462
0 0.481002 0.778343 0.0576994 0.201353 0.502964
0 0.786447 0.43665 0.0662009 0.158901 0.471397
0 0.416479 0.289524 0.0259799 0.136652 0.464702
0 0.137399 0.84034 0.0452501 0.102025 0.427242
0 0.0702578 0.378851 0.0379893 0.142192 0.422847
0 0.270764 0.116491 0.0236002 0.0372977 0.310399
0 0.928248 0.905782 0.125171 0.171639 0.30812
0 0.713291 0.556655 0.185423 0.173366 0.294244
0 0.572814 0.240282 0.0282418 0.116906 0.291093
0 0.40906 0.290053 0.0405186 0.138603 0.276028
0 0.401643 0.156489 0.022572 0.0888162 0.261041
0 0.374928 0.64827 0.015626 0.0389749 0.260219
0 0.107165 0.809625 0.0330716 0.149828 0.255818
0 0.684538 0.66041 0.0418632 0.209126 0.25427
