0 0.623498 0.395375 0.0332058 0.135658 0.78573
0 0.436661 0.428594 0.0567565 0.0948906 0.678642
0 0.211914 0.475899 0.0433948 0.200271 0.678641
0 0.319191 0.218638 0.0247453 0.153664 0.674191
0 0.208757 0.298188 0.0369124 0.159739 0.642727
0 0.5836 0.398108 0.0386648 0.173094 0.544698
0 0.4912 0.319391 0.0361258 0.175172 0.52034
0 0.441224 0.534965 0.0377632 0.151398 0.469332
0 0.449111 0.435139 0.0399326 0.106068 0.460676
0 0.367334 0.357536 0.0364675 0.147575 0.441394
0 0.276417 0.163498 0.0208836 0.0390593 0.35057
0 0.241734 0.177035 0.0275927 0.0709818 0.316349
0 0.824285 0.734107 0.0337641 0.126794 0.29529
0 0.480984 0.309816 0.0510544 0.191069 0.280676
0 0.871351 0.696433 0.0315243 0.127695 0.273957
0 0.433031 0.409047 0.0589231 0.056236 0.268103
0 0.394318 0.504364 0.0610696 0.163687 0.267836
0 0.746516 0.832474 0.0359555 0.110895 0.266173
0 0.0422582 0.222121 0.0244481 0.0440431 0.262804
0 0.900283 0.882763 0.0334976 0.118106 0.262243
