0 0.515627 0.326015 0.0451231 0.102232 0.895987
0 0.465117 0.228919 0.0212837 0.107472 0.784175
0 0.588039 0.730116 0.0456554 0.157651 0.729627
0 0.337362 0.280382 0.0297285 0.121454 0.680684
0 0.965684 0.731183 0.0393044 0.114283 0.666449
0 0.440679 0.587331 0.0467529 0.175785 0.525534
0 0.0801029 0.625225 0.040283 0.16526 0.502422
0 0.615043 0.437124 0.0389025 0.158378 0.459835
0 0.907016 0.645474 0.0486367 0.162485 0.423811
0 0.0367194 0.874674 0.03693 0.155433 0.409756
0 0.503906 0.233058 0.0216797 0.144691 0.405047
0 0.379498 0.700546 0.039951 0.207816 0.401145
0 0.181023 0.833127 0.0319314 0.202528 0.390623
0 0.328851 0.279348 0.0441261 0.122331 0.389565
0 0.575475 0.734198 0.0740137 0.16565 0.353414
0 0.0711213 0.624565 0.0581128 0.163937 0.353206
0 0.618235 0.635854 0.0429102 0.200443 0.353002
0 0.925995 0.816149 0.0263003 0.0872293 0.326795
0 0.946229 0.846673 0.0366058 0.0975378 0.291465
