0 0.20481 0.27657 0.037908 0.146435 0.734662
0 0.207048 0.464666 0.0465209 0.183719 0.672614
0 0.586763 0.378042 0.0514616 0.174703 0.667906
0 0.41529 0.342327 0.0537239 0.148727 0.572434
0 0.319694 0.19892 0.024233 0.153008 0.571733
0 0.477814 0.471502 0.062545 0.147027 0.570171
0 0.480022 0.296952 0.0351313 0.167276 0.499268
0 0.448367 0.584657 0.0505129 0.192951 0.454074
0 0.275406 0.144181 0.0201459 0.0316565 0.388876
0 0.462024 0.394732 0.0210166 0.0486608 0.361516
0 0.412446 0.554323 0.0544812 0.184115 0.330281
0 0.241627 0.15224 0.0279943 0.0673754 0.314954
0 0.0392924 0.19695 0.0248957 0.0481364 0.262546
0 0.402125 0.314505 0.0264736 0.091746 0.260269
0 0.0833097 0.190528 0.021365 0.0482217 0.258708
