0 0.775152 0.419736 0.0565373 0.140771 0.786056
0 0.884133 0.324253 0.0314068 0.156265 0.742634
0 0.570429 0.4589 0.0370804 0.163976 0.670597
0 0.408494 0.595668 0.0342449 0.176302 0.654536
0 0.61307 0.481257 0.0660557 0.166868 0.617955
0 0.665442 0.313743 0.0366581 0.128103 0.576162
0 0.845472 0.424072 0.0369275 0.156192 0.512747
0 0.472587 0.457512 0.0430309 0.201366 0.487237
0 0.860153 0.245688 0.0290211 0.0531322 0.459302
0 0.71579 0.315184 0.0394628 0.108998 0.450567
0 0.985107 0.279081 0.0275783 0.0516548 0.382832
0 0.422105 0.391828 0.031972 0.170865 0.351393
0 0.357823 0.823764 0.0300544 0.112067 0.350486
0 0.393112 0.849498 0.0358382 0.0584386 0.271287
