0 0.343919 0.816333 0.0357261 0.120822 0.705525
0 0.302958 0.517106 0.035433 0.149269 0.700579
0 0.434846 0.364764 0.0304037 0.122752 0.678562
0 0.477569 0.530673 0.0572393 0.163579 0.619965
0 0.378206 0.306576 0.0269591 0.129762 0.60146
0 0.159656 0.482601 0.0306115 0.129072 0.50395
0 0.0555389 0.939484 0.0433018 0.119319 0.495274
0 0.562157 0.366005 0.0289406 0.129603 0.464207
0 0.671876 0.554961 0.0272265 0.177652 0.410023
0 0.532803 0.294798 0.00933132 0.027214 0.389813
0 0.421355 0.555475 0.0334056 0.158034 0.347546
0 0.73803 0.769383 0.019536 0.0460494 0.268507
0 0.740862 0.770915 0.0183157 0.0464951 0.265626
