0 0.196266 0.215536 0.044144 0.176931 0.710165
0 0.2934 0.160443 0.039054 0.158767 0.58515
0 0.322716 0.832966 0.0545413 0.0981823 0.532324
0 0.0970429 0.515237 0.0393041 0.227814 0.501053
0 0.464335 0.563721 0.0605423 0.209351 0.491003
0 0.227187 0.0976746 0.0277967 0.0631087 0.463326
0 0.53627 0.36957 0.0583679 0.232335 0.41533
0 0.265158 0.0911176 0.0249652 0.0475135 0.390541
0 0.577533 0.288714 0.0690046 0.192265 0.368784
0 0.527219 0.190082 0.0297037 0.150087 0.359739
0 0.884153 0.736047 0.0359997 0.142936 0.342862
0 0.788872 0.83782 0.0454189 0.106268 0.341686
0 0.430089 0.0466755 0.0222229 0.0455546 0.294924
0 0.402345 0.0508416 0.026572 0.050324 0.2827
0 0.826971 0.732815 0.0389648 0.115148 0.277348
0 0.268176 0.0376379 0.0208631 0.0620177 0.275406
0 0.799452 0.742324 0.0423681 0.159203 0.269937
0 0.862967 0.813008 0.0322861 0.123665 0.258812
0 0.834111 0.833901 0.0484981 0.144391 0.257539
0 0.349336 0.0647131 0.026942 0.0564739 0.252659
0 0.475201 0.270322 0.0369739 0.207376 0.252155
