0 0.385632 0.466947 0.0407235 0.177612 0.652293
0 0.212419 0.285147 0.0231633 0.0437285 0.619918
0 0.0135692 0.497748 0.0258084 0.186394 0.549173
0 0.375729 0.233944 0.0235526 0.0519139 0.489488
0 0.374424 0.306794 0.0337162 0.0903277 0.384837
0 0.17589 0.291618 0.0288066 0.0594991 0.374435
0 0.261886 0.342701 0.0245895 0.173728 0.36144
0 0.518788 0.593197 0.054627 0.222438 0.324922
0 0.484713 0.526483 0.0499786 0.192122 0.32131
0 0.331959 0.198464 0.0215839 0.0625012 0.276195
0 0.392101 0.390526 0.0391354 0.154905 0.275498
0 0.21386 0.225841 0.0208855 0.0640946 0.268661
0 0.772836 0.387476 0.0288366 0.0741614 0.267095
0 0.583179 0.622158 0.0569403 0.214315 0.256016
0 0.0250833 0.261269 0.0239231 0.0792168 0.254083
