0 0.162605 0.506326 0.0460899 0.201427 0.722217
0 0.497716 0.399446 0.047193 0.184234 0.635213
0 0.309313 0.163969 0.0315986 0.165223 0.583779
0 0.465771 0.277134 0.0334006 0.205426 0.538164
0 0.188768 0.236451 0.0302063 0.184963 0.454992
0 0.399441 0.0627215 0.027539 0.0510134 0.418203
0 0.266947 0.0998984 0.0250688 0.0462182 0.392418
0 0.0561429 0.151468 0.0269696 0.0584711 0.389952
0 0.556812 0.30495 0.0390074 0.168771 0.381218
0 0.586688 0.325215 0.0289168 0.175559 0.379934
0 0.0869354 0.142478 0.0225766 0.0592709 0.352969
0 0.916174 0.682092 0.0352623 0.144819 0.303733
0 0.783597 0.726608 0.0409569 0.15209 0.268765
0 0.498637 0.324449 0.0442302 0.174138 0.266802
0 0.426863 0.0550281 0.0219984 0.0493033 0.266626
