0 0.430524 0.362485 0.028084 0.117605 0.791632
0 0.48016 0.513937 0.0517067 0.180077 0.634247
0 0.282996 0.528529 0.0333992 0.154239 0.573723
0 0.729599 0.683099 0.0522121 0.176633 0.521116
0 0.402284 0.284013 0.0178671 0.0765486 0.468213
0 0.671876 0.581699 0.0354458 0.18363 0.442382
0 0.299478 0.827542 0.0332551 0.125961 0.441749
0 0.0653234 0.935996 0.0377727 0.128009 0.385021
0 0.121571 0.492451 0.0566391 0.147022 0.372171
0 0.548826 0.261363 0.0223467 0.0611398 0.36756
0 0.56094 0.373928 0.0449533 0.123217 0.352794
0 0.748011 0.772287 0.0150918 0.0422578 0.345325
0 0.418165 0.573814 0.0436687 0.181129 0.338124
0 0.546691 0.251891 0.0244364 0.0912285 0.329583
0 0.283934 0.545719 0.0298258 0.106535 0.327868
0 0.375746 0.311434 0.0396564 0.124617 0.321069
0 0.545921 0.264193 0.0241835 0.0723499 0.317362
0 0.687311 0.827494 0.0256079 0.0768408 0.308114
0 0.423598 0.576899 0.0307627 0.169831 0.303522
