0 0.107291 0.467321 0.0266164 0.181081 0.766414
0 0.577976 0.623734 0.0362747 0.170514 0.697488
0 0.281879 0.365136 0.0247664 0.170004 0.638037
0 0.414327 0.331264 0.024774 0.161328 0.595939
0 0.324053 0.458464 0.0499667 0.142617 0.562189
0 0.416142 0.57728 0.0535604 0.21014 0.515486
0 0.454496 0.461274 0.0369881 0.147933 0.515148
0 0.477282 0.659609 0.0535499 0.225668 0.431297
0 0.201122 0.315797 0.0272894 0.0622977 0.415731
0 0.442532 0.52899 0.0133432 0.0279007 0.392894
0 0.237265 0.310714 0.0236655 0.0425291 0.370413
0 0.598155 0.686406 0.0438416 0.213077 0.369811
0 0.0960943 0.346709 0.0183332 0.0510839 0.346781
0 0.579254 0.585164 0.0314581 0.0931611 0.336562
0 0.782547 0.627319 0.0299149 0.189017 0.32463
0 0.391231 0.26305 0.0239679 0.0458103 0.312701
0 0.739798 0.912445 0.034724 0.155158 0.265248
