0 0.553693 0.475783 0.0518895 0.189499 0.702016
0 0.633731 0.564124 0.0559398 0.234375 0.560973
0 0.495491 0.775715 0.0583818 0.187805 0.535997
0 0.357128 0.627579 0.058646 0.203419 0.482675
0 0.426976 0.442814 0.044689 0.189593 0.452741
0 0.495567 0.363875 0.040082 0.15206 0.350026
0 0.459818 0.369746 0.0475857 0.137059 0.311787
0 0.254759 0.254904 0.0257134 0.0470578 0.310749
0 0.0613211 0.237097 0.0242735 0.0733241 0.275194
0 0.438004 0.505345 0.0684419 0.226616 0.259652
0 0.7968 0.914969 0.0495554 0.16139 0.259319
