0 0.579072 0.42599 0.0412757 0.170215 0.757698
0 0.210051 0.459894 0.0443677 0.178433 0.668161
0 0.31371 0.36984 0.0422464 0.146868 0.665388
0 0.382787 0.479183 0.037817 0.209116 0.598783
0 0.411198 0.465791 0.0403602 0.20306 0.565567
0 0.218319 0.299681 0.031141 0.139264 0.484072
0 0.491081 0.340239 0.0677404 0.170782 0.459027
0 0.314071 0.244935 0.0217659 0.139461 0.434104
0 0.661293 0.457909 0.0395568 0.15362 0.434035
0 0.274422 0.185497 0.0215769 0.0421175 0.39952
0 0.385336 0.441093 0.0286302 0.133715 0.376295
0 0.192669 0.849996 0.0587001 0.238127 0.364762
0 0.740093 0.852182 0.0432466 0.10908 0.364534
0 0.89966 0.902009 0.0350117 0.111376 0.327764
0 0.240166 0.196379 0.0255064 0.0638652 0.314152
0 0.347414 0.162884 0.0238441 0.0501065 0.290288
0 0.813667 0.394292 0.0313692 0.0733643 0.288822
0 0.0397 0.244721 0.0248266 0.0468799 0.288013
0 0.785887 0.456474 0.0291226 0.104446 0.27748
0 0.394214 0.151305 0.0245345 0.0435282 0.271363
0 0.821067 0.751927 0.0352936 0.117987 0.260928
0 0.776398 0.854997 0.0446371 0.14597 0.255632
0 0.011576 0.254972 0.0220844 0.0550868 0.254658
