0 0.865815 0.481515 0.0462908 0.166912 0.831718
0 0.553634 0.773619 0.0699665 0.217421 0.701524
0 0.757897 0.390433 0.0379175 0.154875 0.617198
0 0.853383 0.266361 0.0252121 0.0463008 0.528594
0 0.730322 0.230839 0.0242945 0.0456678 0.450572
0 0.968205 0.296007 0.0281254 0.0516883 0.445874
0 0.887389 0.274522 0.0317469 0.0547919 0.391403
0 0.409541 0.41315 0.0251287 0.0720587 0.36343
0 0.353472 0.501283 0.0355063 0.133281 0.357935
0 0.523398 0.40694 0.0435768 0.138597 0.350881
0 0.904271 0.239155 0.026142 0.0762622 0.339691
0 0.17707 0.494471 0.0300872 0.101716 0.329689
0 0.921851 0.284063 0.0318952 0.0509547 0.314373
0 0.407261 0.494457 0.0514433 0.175189 0.288162
0 0.559732 0.188995 0.0220765 0.0422712 0.287775
0 0.820647 0.211063 0.0200431 0.0570712 0.279333
0 0.63114 0.207841 0.0236921 0.0372781 0.256842
0 0.995015 0.304063 0.00946423 0.0442016 0.255292
