0 0.832567 0.395814 0.028318 0.159512 0.935287
0 0.676427 0.308982 0.0464115 0.118659 0.636346
0 0.37097 0.587412 0.0360151 0.17104 0.601013
0 0.752845 0.418813 0.0497267 0.136271 0.55602
0 0.6053 0.321536 0.0466204 0.154421 0.4876
0 0.368178 0.853715 0.0361213 0.0693139 0.464336
0 0.306281 0.791743 0.0390521 0.117276 0.42159
0 0.420152 0.481079 0.0298876 0.185843 0.406989
0 0.526404 0.476421 0.0572554 0.205656 0.368722
0 0.501254 0.40233 0.0428947 0.0851907 0.347209
0 0.876925 0.334934 0.0341999 0.146926 0.345025
0 0.232973 0.832525 0.0276201 0.0718525 0.336475
0 0.480439 0.487013 0.0369234 0.180127 0.312471
0 0.821018 0.244043 0.0245441 0.0462384 0.299489
0 0.941703 0.273329 0.0229782 0.048726 0.27845
0 0.49375 0.394036 0.0253765 0.0706813 0.265362
