0 0.572157 0.866059 0.0309706 0.0843929 0.764706
0 0.815127 0.412057 0.039464 0.139186 0.75918
0 0.47786 0.432471 0.0272191 0.124988 0.708595
0 0.341946 0.588404 0.0354482 0.166082 0.683208
0 0.462329 0.414467 0.0269232 0.117333 0.65849
0 0.735309 0.428955 0.063328 0.135476 0.620866
0 0.461598 0.566354 0.0505046 0.187654 0.604754
0 0.649824 0.317261 0.0616371 0.114071 0.5499
0 0.341967 0.863828 0.0359505 0.0950676 0.49874
0 0.900182 0.269633 0.0231503 0.0433267 0.480536
0 0.492946 0.518844 0.0294025 0.198157 0.466614
0 0.870091 0.342279 0.0273293 0.147301 0.456624
0 0.584452 0.335995 0.0333934 0.151675 0.443031
0 0.278354 0.790803 0.0316702 0.12946 0.389576
0 0.264164 0.651019 0.0394766 0.199365 0.381295
0 0.436557 0.83805 0.0393387 0.136554 0.309083
0 0.306584 0.826435 0.0303413 0.119299 0.290505
0 0.783309 0.239026 0.0235866 0.0433082 0.273676
0 0.329069 0.660474 0.0094613 0.0260549 0.253847
