0 0.663954 0.311499 0.0265039 0.125944 0.803791
0 0.330981 0.580149 0.0357788 0.167101 0.699372
0 0.817648 0.4165 0.0327127 0.148738 0.624957
0 0.503201 0.587389 0.0701507 0.19596 0.617746
0 0.264537 0.64089 0.0500296 0.175399 0.605519
0 0.541229 0.86115 0.0297626 0.0904396 0.555631
0 0.572475 0.337304 0.0404626 0.150606 0.552903
0 0.460562 0.453817 0.0284592 0.180838 0.531466
0 0.725228 0.425596 0.0487619 0.144409 0.52764
0 0.867657 0.353086 0.0453458 0.136547 0.478175
0 0.401909 0.873 0.0379834 0.0717029 0.476596
0 0.328348 0.856569 0.0376329 0.0999613 0.461818
0 0.726182 0.228719 0.0235201 0.044834 0.412811
0 0.262179 0.788697 0.0336694 0.129488 0.410985
0 0.762845 0.235377 0.0245727 0.0433903 0.39252
0 0.29123 0.840442 0.0323022 0.148549 0.389614
0 0.428792 0.833516 0.037557 0.141759 0.36343
0 0.444999 0.424912 0.0261585 0.140214 0.299809
0 0.878519 0.26193 0.0228512 0.0434243 0.277953
0 0.501716 0.479795 0.0235828 0.0977236 0.263026
