0 0.560539 0.805759 0.0538588 0.142522 0.714032
0 0.660786 0.348772 0.0381102 0.156756 0.593963
0 0.769504 0.323697 0.0213011 0.0721999 0.591656
0 0.62898 0.695136 0.040723 0.24411 0.572492
0 0.980349 0.342476 0.038771 0.17596 0.567207
0 0.466925 0.362074 0.0297731 0.149522 0.566067
0 0.773089 0.357131 0.0382065 0.139685 0.551293
0 0.598574 0.637001 0.0502579 0.163579 0.44876
0 0.886484 0.228946 0.0282273 0.0427019 0.434749
0 0.51032 0.74628 0.0513312 0.131236 0.422833
0 0.606552 0.153653 0.0230358 0.0434184 0.412765
0 0.741339 0.435725 0.0357704 0.180082 0.374505
0 0.853817 0.221271 0.0273111 0.0460198 0.364719
0 0.76999 0.37937 0.0441027 0.100731 0.302442
0 0.703778 0.176881 0.0260573 0.0564858 0.295168
0 0.93046 0.239228 0.026981 0.0467827 0.286758
0 0.552761 0.801429 0.0389925 0.134408 0.257904
