0 0.831277 0.401761 0.0259545 0.142665 0.806677
0 0.669194 0.308879 0.044869 0.114714 0.668002
0 0.874942 0.330119 0.0283886 0.147768 0.580448
0 0.620234 0.867935 0.0324317 0.0710451 0.578897
0 0.489371 0.393622 0.0254856 0.0773582 0.553111
0 0.748304 0.418803 0.0504182 0.136057 0.548776
0 0.365334 0.587295 0.0378877 0.16893 0.535768
0 0.301659 0.793407 0.0373528 0.117389 0.51485
0 0.490431 0.407936 0.0286241 0.103879 0.453705
0 0.594867 0.32491 0.0400956 0.150523 0.42878
0 0.933972 0.273174 0.0211353 0.0480191 0.406506
0 0.362859 0.850173 0.0367699 0.06276 0.38552
0 0.776097 0.233504 0.0258872 0.0432514 0.37121
0 0.328554 0.81852 0.0319493 0.101662 0.353044
0 0.429012 0.506136 0.0432811 0.187182 0.33195
0 0.814099 0.242993 0.0247047 0.0449685 0.318389
0 0.482005 0.50467 0.0361872 0.188035 0.309532
0 0.901233 0.260787 0.0240154 0.0498479 0.300601
0 0.483611 0.466863 0.0408292 0.22001 0.2913
0 0.677265 0.309498 0.0256084 0.105532 0.277831
0 0.878721 0.334052 0.0206959 0.156852 0.262747
