0 0.344204 0.692224 0.0222731 0.050843 0.668789
0 0.372772 0.626994 0.0395104 0.122326 0.655287
0 0.55523 0.385098 0.0647232 0.139831 0.594653
0 0.791287 0.396398 0.0586374 0.153438 0.52407
0 0.900691 0.509781 0.0764091 0.136198 0.520767
0 0.760931 0.302199 0.0413178 0.137054 0.483175
0 0.841436 0.241799 0.026671 0.0561527 0.406852
0 0.548475 0.168346 0.0234647 0.0439032 0.395575
0 0.160565 0.61642 0.0439745 0.21716 0.375252
0 0.166527 0.473704 0.0320182 0.0959207 0.36926
0 0.320314 0.457639 0.0405922 0.125636 0.364751
0 0.956243 0.276581 0.0260506 0.0477505 0.356813
0 0.447051 0.869514 0.0163017 0.0341433 0.352623
0 0.203604 0.497906 0.0320621 0.0984985 0.345907
0 0.366431 0.819889 0.0347294 0.102946 0.330849
0 0.90904 0.26519 0.0251844 0.0436541 0.329481
0 0.794619 0.377538 0.0363404 0.11307 0.319506
0 0.80814 0.23901 0.0261395 0.048266 0.317422
