0 0.485486 0.360217 0.0331239 0.182692 0.691918
0 0.63096 0.565446 0.0469984 0.232429 0.662805
0 0.537154 0.494352 0.0351746 0.172374 0.498475
0 0.409195 0.409644 0.0351278 0.168306 0.497518
0 0.39123 0.228079 0.0284401 0.0553769 0.485798
0 0.440448 0.347539 0.0247289 0.151564 0.435535
0 0.427238 0.538605 0.0416208 0.164903 0.369658
0 0.91317 0.497764 0.0343201 0.0967727 0.353611
0 0.258101 0.265069 0.0231137 0.0477673 0.339536
0 0.0711999 0.247054 0.0239553 0.0761101 0.309091
0 0.567604 0.764416 0.0640569 0.203112 0.307437
0 0.882107 0.686234 0.0284073 0.159379 0.286283
0 0.736892 0.46739 0.0445861 0.104909 0.271561
0 0.827734 0.959309 0.0407433 0.0768979 0.252001
