0 0.468876 0.484554 0.0251749 0.125441 0.786293
0 0.517202 0.349539 0.0229668 0.124658 0.716548
0 0.243124 0.674028 0.0557285 0.204145 0.68193
0 0.341613 0.5532 0.0275875 0.14409 0.611893
0 0.450823 0.589638 0.0410447 0.1872 0.583863
0 0.486185 0.334066 0.0200559 0.137134 0.561213
0 0.408071 0.424204 0.0287369 0.130534 0.553055
0 0.3411 0.571478 0.0322084 0.189457 0.473003
0 0.877819 0.795142 0.0311184 0.115407 0.39219
0 0.636801 0.5737 0.0486818 0.19073 0.373255
0 0.10363 0.348213 0.0241699 0.0521333 0.362337
0 0.724572 0.72782 0.0546928 0.176094 0.352203
0 0.763085 0.81635 0.0388533 0.109611 0.320828
0 0.37077 0.385381 0.0296765 0.124376 0.260144
0 0.3718 0.371268 0.0252798 0.0944151 0.25464
