0 0.29664 0.312069 0.0387328 0.171622 0.728081
0 0.41957 0.803251 0.078986 0.126633 0.598609
0 0.240992 0.289816 0.0360292 0.168301 0.58899
0 0.582354 0.488895 0.0435772 0.21561 0.528049
0 0.899712 0.592941 0.0420196 0.231381 0.492494
0 0.495951 0.414087 0.0505996 0.213155 0.465698
0 0.584575 0.44738 0.0389409 0.130722 0.45862
0 0.539351 0.400018 0.033761 0.189414 0.38806
0 0.431841 0.164408 0.0237354 0.0478202 0.382584
0 0.598212 0.407287 0.026434 0.174174 0.380999
0 0.708226 0.35612 0.0299233 0.0792111 0.350515
0 0.398559 0.606465 0.0518685 0.215063 0.344967
0 0.219176 0.218386 0.0269497 0.0678701 0.335969
0 0.571305 0.235878 0.0240301 0.0599396 0.331276
0 0.764355 0.33824 0.0324448 0.0906683 0.328004
0 0.281132 0.161343 0.0233037 0.0840605 0.320187
0 0.540857 0.397504 0.0274112 0.162445 0.311705
0 0.388723 0.120371 0.0247153 0.0788398 0.301628
0 0.26056 0.209431 0.0252661 0.0436879 0.29332
0 0.849923 0.445759 0.0569843 0.188608 0.28183
0 0.373905 0.176037 0.0246346 0.0576746 0.279027
0 0.855139 0.954709 0.0455387 0.0879679 0.271223
0 0.199851 0.200957 0.0252758 0.14017 0.265744
0 0.763794 0.42552 0.045343 0.11503 0.260879
0 0.849657 0.888714 0.048604 0.134695 0.258673
0 0.577706 0.541389 0.0219282 0.111689 0.257377
0 0.280365 0.142155 0.021351 0.0508967 0.253855
0 0.0346101 0.265975 0.0219167 0.0572627 0.25156
