0 0.559567 0.804137 0.0536455 0.14317 0.692303
0 0.466335 0.364684 0.0306454 0.155513 0.642723
0 0.980338 0.342315 0.0386896 0.17541 0.532812
0 0.768029 0.321846 0.0181943 0.0673146 0.515221
0 0.658528 0.348136 0.0384604 0.156368 0.5127
0 0.508057 0.74189 0.0530848 0.12221 0.475798
0 0.886568 0.228929 0.0284655 0.0429119 0.440278
0 0.768316 0.354205 0.0418271 0.132081 0.436215
0 0.606509 0.153678 0.0231489 0.0432956 0.433044
0 0.621739 0.698092 0.0534046 0.249476 0.408342
0 0.853793 0.221244 0.0274952 0.0460352 0.355906
0 0.703768 0.177332 0.0263504 0.0557247 0.31966
0 0.930482 0.239279 0.026997 0.0466475 0.282112
0 0.768221 0.376607 0.0454208 0.102125 0.262204
0 0.739202 0.437715 0.0306412 0.176634 0.260541
