0 0.566472 0.866614 0.0308569 0.0840425 0.734635
0 0.812848 0.417909 0.0422001 0.153175 0.718046
0 0.475232 0.426549 0.0268678 0.124308 0.693364
0 0.737084 0.427689 0.0627087 0.13502 0.649479
0 0.459442 0.408438 0.027323 0.106504 0.595778
0 0.339297 0.587783 0.0351135 0.166279 0.579949
0 0.339708 0.862402 0.037192 0.0942792 0.552321
0 0.582374 0.334084 0.0326466 0.153441 0.53715
0 0.65362 0.305833 0.0521304 0.135329 0.5197
0 0.471118 0.576667 0.0366981 0.184862 0.488107
0 0.895588 0.26812 0.0231266 0.0462882 0.477645
0 0.274208 0.791325 0.0362298 0.126653 0.384933
0 0.263816 0.64182 0.0361235 0.183076 0.371533
0 0.872298 0.344148 0.0215435 0.149108 0.362351
0 0.302311 0.836398 0.0328141 0.141966 0.318461
0 0.433937 0.835483 0.0396736 0.134319 0.310095
0 0.969258 0.193014 0.0216179 0.0447732 0.259163
0 0.791979 0.444078 0.0106837 0.0195005 0.251051
