0 0.179044 0.506353 0.0527717 0.208424 0.546524
0 0.48306 0.397093 0.044356 0.196558 0.526172
0 0.193701 0.242916 0.0423717 0.175414 0.461221
0 0.514377 0.216483 0.0340944 0.175696 0.448835
0 0.312137 0.168317 0.0257712 0.162674 0.414621
0 0.187545 0.244661 0.0288644 0.172868 0.410746
0 0.465959 0.277838 0.0321376 0.201083 0.396916
0 0.232658 0.111892 0.0272394 0.0567084 0.394441
0 0.585874 0.330833 0.0265159 0.163076 0.367286
0 0.268083 0.108388 0.024128 0.0411361 0.362877
0 0.821273 0.398711 0.035146 0.113588 0.29985
0 0.856732 0.711623 0.0335096 0.120754 0.299402
0 0.558037 0.308114 0.0408289 0.155274 0.29469
0 0.398597 0.0686148 0.0270207 0.0494772 0.285361
0 0.486939 0.40398 0.0308986 0.172464 0.276863
0 0.586605 0.307195 0.0234118 0.115815 0.266238
0 0.12272 0.142542 0.0229369 0.0537039 0.258759
0 0.395421 0.675044 0.058217 0.222776 0.256081
