0 0.4239 0.359338 0.0305551 0.123459 0.766595
0 0.478581 0.510478 0.0318777 0.153471 0.677314
0 0.22112 0.508015 0.0506655 0.162415 0.671912
0 0.658427 0.523854 0.0277632 0.147583 0.507442
0 0.399075 0.535941 0.0363183 0.161843 0.482863
0 0.0237417 0.955664 0.0406993 0.0886724 0.458545
0 0.409816 0.815426 0.0379212 0.131354 0.449792
0 0.347023 0.485523 0.0374879 0.156843 0.402754
0 0.332021 0.559314 0.0104312 0.0250754 0.39332
0 0.789811 0.716325 0.0263357 0.10426 0.321209
0 0.764823 0.663251 0.0449985 0.157848 0.320083
