0 0.679835 0.322403 0.0187757 0.121417 0.895783
0 0.675494 0.449127 0.0474875 0.138713 0.695755
0 0.792852 0.440993 0.0386383 0.164183 0.692168
0 0.847369 0.352241 0.0454605 0.146738 0.666761
0 0.582048 0.609827 0.0494028 0.197675 0.646869
0 0.525964 0.352217 0.0271788 0.147157 0.619754
0 0.279544 0.631411 0.0420166 0.170099 0.609817
0 0.494747 0.524074 0.0416996 0.178229 0.600707
0 0.388552 0.464104 0.0297485 0.176411 0.571312
0 0.403425 0.821412 0.0474444 0.144523 0.481229
0 0.262557 0.863338 0.0387636 0.125028 0.464041
0 0.961469 0.278127 0.0206116 0.0468818 0.451938
0 0.679975 0.226663 0.0222879 0.0385488 0.448315
0 0.36173 0.453672 0.0272672 0.173088 0.403562
0 0.103574 0.773375 0.0383683 0.0954516 0.36678
0 0.0657635 0.843421 0.0328076 0.128758 0.335084
0 0.283572 0.563153 0.0485849 0.161348 0.30845
0 0.273805 0.618146 0.0322021 0.194062 0.303177
0 0.989399 0.278824 0.0189713 0.0420084 0.302656
0 0.335485 0.871719 0.0270093 0.0493977 0.294803
0 0.0360997 0.771671 0.0335123 0.0799477 0.263047
