0 0.512302 0.350799 0.0257185 0.128576 0.786999
0 0.477502 0.490635 0.0337745 0.140879 0.668692
0 0.347131 0.577277 0.0383411 0.202085 0.606331
0 0.37261 0.390663 0.0464386 0.136703 0.596454
0 0.480926 0.331537 0.0209078 0.143183 0.589188
0 0.217213 0.68149 0.0454524 0.209158 0.498588
0 0.442348 0.59337 0.0410754 0.196826 0.392824
0 0.636703 0.576674 0.0474546 0.198369 0.390743
0 0.714982 0.73739 0.0630895 0.19287 0.38835
0 0.825669 0.63041 0.0234535 0.121957 0.375599
0 0.0858029 0.351237 0.0253642 0.0560331 0.307652
0 0.413601 0.426453 0.0422467 0.135601 0.30679
0 0.42925 0.217759 0.0205412 0.0623184 0.259353
0 0.767333 0.84155 0.0339981 0.141419 0.25793
