0 0.668025 0.312968 0.0218856 0.136064 0.650576
0 0.444544 0.770809 0.0573971 0.219448 0.615418
0 0.523492 0.438191 0.038267 0.176778 0.574841
0 0.719129 0.302589 0.0279775 0.150892 0.543213
0 0.576025 0.34799 0.0334082 0.158764 0.516366
0 0.49015 0.390448 0.0460133 0.133711 0.480759
0 0.795688 0.407183 0.02985 0.147901 0.41243
0 0.907846 0.284802 0.0249998 0.0462108 0.362994
0 0.686585 0.225115 0.0240102 0.0541982 0.352228
0 0.43968 0.828996 0.045161 0.101477 0.348644
0 0.866833 0.273501 0.0300575 0.0519017 0.32232
0 0.802039 0.255706 0.0228792 0.0482617 0.301512
0 0.969975 0.305837 0.0233634 0.0361687 0.268417
0 0.833238 0.26669 0.0286928 0.052678 0.254827
0 0.35851 0.822929 0.0284578 0.0477692 0.252508
