0 0.832547 0.397905 0.0282276 0.159841 0.91429
0 0.67656 0.307681 0.0466743 0.119666 0.692082
0 0.754079 0.418552 0.0498809 0.137857 0.519892
0 0.605397 0.31998 0.0460067 0.151211 0.506563
0 0.371656 0.587693 0.036357 0.1716 0.477401
0 0.872377 0.334081 0.0416775 0.150408 0.466646
0 0.36885 0.853407 0.0360147 0.0692113 0.453655
0 0.524247 0.47706 0.0644707 0.206669 0.377034
0 0.448413 0.833272 0.0504265 0.124464 0.345546
0 0.233481 0.832675 0.0271751 0.0734798 0.341714
0 0.307102 0.790757 0.0389894 0.114989 0.339101
0 0.94245 0.274393 0.0239296 0.0478113 0.330142
0 0.821778 0.244561 0.0250839 0.0464197 0.314166
0 0.480271 0.490315 0.0396301 0.1997 0.274797
0 0.419864 0.478743 0.0289213 0.187333 0.270549
0 0.785362 0.23629 0.0282845 0.0385794 0.251565
