0 0.402126 0.423257 0.0407672 0.113049 0.728931
0 0.323407 0.569817 0.0470636 0.183635 0.717773
0 0.522537 0.348273 0.0233963 0.114726 0.636844
0 0.461774 0.584478 0.031436 0.160052 0.548795
0 0.271133 0.646077 0.048371 0.189012 0.526092
0 0.637353 0.56732 0.0486865 0.175955 0.523475
0 0.494006 0.374754 0.0135127 0.0398269 0.44995
0 0.448822 0.470967 0.0273016 0.109897 0.429231
0 0.762002 0.802299 0.0336441 0.109803 0.402394
0 0.828197 0.814246 0.0306568 0.116037 0.363683
0 0.81193 0.591753 0.0220146 0.15263 0.315891
0 0.130534 0.344779 0.0215439 0.0479491 0.315599
0 0.742291 0.720169 0.0397555 0.157523 0.29683
0 0.497579 0.319824 0.0190442 0.142583 0.255068
