0 0.428585 0.568053 0.0446993 0.170682 0.861112
0 0.531201 0.322235 0.0243826 0.116242 0.834885
0 0.916408 0.692681 0.0408566 0.171127 0.682154
0 0.338684 0.264712 0.0165383 0.100933 0.605274
0 0.431704 0.519919 0.0320303 0.0737304 0.572341
0 0.614437 0.639707 0.070598 0.191648 0.562419
0 0.630117 0.435589 0.0522675 0.168024 0.536241
0 0.340371 0.279486 0.020066 0.127993 0.491778
0 0.0562625 0.641499 0.0472556 0.178691 0.468307
0 0.551018 0.768216 0.0680361 0.196045 0.448979
0 0.429937 0.528006 0.0430859 0.0917321 0.431215
0 0.336005 0.674088 0.0411645 0.193339 0.377411
0 0.417455 0.520014 0.0224148 0.0724553 0.374261
0 0.414086 0.5207 0.019736 0.0765518 0.363573
0 0.33546 0.728753 0.0533766 0.092472 0.343733
0 0.987803 0.847592 0.0237412 0.0888692 0.285134
0 0.555617 0.165117 0.0194011 0.0401475 0.263213
0 0.377627 0.683766 0.0144307 0.0286039 0.251206
