0 0.319312 0.210203 0.0245891 0.155919 0.76806
0 0.20839 0.289209 0.0403272 0.153591 0.685328
0 0.210953 0.474795 0.0430186 0.196265 0.678521
0 0.583348 0.389059 0.0361185 0.175456 0.677362
0 0.489563 0.308746 0.0344967 0.173119 0.62692
0 0.378528 0.361923 0.0379167 0.15224 0.566292
0 0.457663 0.438814 0.0445799 0.107723 0.549215
0 0.441577 0.553702 0.0402552 0.151307 0.530285
0 0.0127868 0.224716 0.0239008 0.0600175 0.396908
0 0.275357 0.157378 0.0190498 0.0400798 0.392657
0 0.615898 0.383288 0.0350963 0.146002 0.367787
0 0.243472 0.159371 0.0254738 0.0522595 0.331973
0 0.317287 0.114457 0.0173795 0.0741844 0.320552
0 0.277636 0.153274 0.0227728 0.0468844 0.320336
0 0.758027 0.763616 0.0343897 0.087472 0.273377
0 0.921748 0.567629 0.0501881 0.0982573 0.27031
0 0.876299 0.828942 0.0382862 0.0843601 0.266465
0 0.901941 0.865026 0.0323399 0.0962996 0.266128
0 0.752801 0.728783 0.0380396 0.143825 0.254325
