0 0.853414 0.350299 0.0286641 0.14657 0.787958
0 0.682738 0.440336 0.0440288 0.135588 0.724609
0 0.271392 0.626103 0.0386311 0.19138 0.712167
0 0.68011 0.323824 0.0354602 0.126714 0.577807
0 0.401417 0.459762 0.0260023 0.180689 0.57299
0 0.117495 0.775992 0.0365029 0.0968126 0.544791
0 0.807389 0.24855 0.0204379 0.044378 0.502125
0 0.298294 0.565669 0.0332621 0.169952 0.471158
0 0.209007 0.816059 0.0372675 0.168601 0.443705
0 0.538224 0.350052 0.0252739 0.149467 0.426503
0 0.584408 0.620755 0.0690704 0.184664 0.406178
0 0.441593 0.835094 0.0282495 0.0578268 0.373419
0 0.496538 0.525331 0.0290868 0.182279 0.370292
0 0.497563 0.186699 0.0197628 0.0469467 0.318782
0 0.796583 0.447434 0.0417965 0.171258 0.314702
0 0.274771 0.864783 0.0380912 0.130792 0.27722
0 0.953182 0.278621 0.0217154 0.0419301 0.272397
0 0.678408 0.314929 0.0276603 0.114734 0.266465
0 0.24023 0.839269 0.0353961 0.121748 0.251448
