0 0.413942 0.375686 0.0356021 0.126413 0.859985
0 0.438386 0.825337 0.0359484 0.113397 0.753016
0 0.479412 0.52286 0.0511737 0.152469 0.637918
0 0.362313 0.331658 0.022372 0.137023 0.611817
0 0.373026 0.459374 0.0258121 0.0913405 0.55698
0 0.537493 0.331098 0.0269219 0.100266 0.552085
0 0.245672 0.531669 0.0337333 0.16752 0.548339
0 0.376126 0.558941 0.044815 0.155383 0.470646
0 0.648278 0.530587 0.0322033 0.157477 0.379537
0 0.774044 0.653458 0.0374939 0.135651 0.305364
0 0.795607 0.729036 0.0240535 0.0840168 0.298964
