0 0.631126 0.383444 0.058806 0.180102 0.757133
0 0.921844 0.319715 0.0275022 0.147755 0.754341
0 0.679491 0.282443 0.0344187 0.126516 0.693691
0 0.990284 0.242599 0.0186923 0.0471959 0.615297
0 0.816462 0.197694 0.0236339 0.0488094 0.569921
0 0.699678 0.773064 0.06463 0.189698 0.560968
0 0.591511 0.782892 0.0582929 0.165228 0.522586
0 0.786943 0.294805 0.0271484 0.115552 0.501513
0 0.642562 0.713071 0.066678 0.149891 0.483754
0 0.653019 0.865319 0.0160769 0.0544493 0.460564
0 0.559005 0.733955 0.0591724 0.195685 0.456416
0 0.416715 0.415792 0.0397453 0.193896 0.379759
0 0.468538 0.336398 0.0375878 0.162254 0.345757
0 0.655589 0.461188 0.00971278 0.0275805 0.319533
0 0.513684 0.868802 0.0204022 0.0260411 0.314302
0 0.921814 0.229301 0.0252966 0.0479419 0.298197
0 0.451792 0.815103 0.0397963 0.118937 0.294205
0 0.697496 0.163912 0.0259395 0.0540121 0.292033
0 0.846594 0.206065 0.0308392 0.0579719 0.28513
