0 0.318952 0.435401 0.0523954 0.169708 0.707507
0 0.418188 0.618443 0.0386745 0.22019 0.671605
0 0.306633 0.318283 0.0312598 0.0969553 0.449553
0 0.412558 0.441841 0.0332492 0.137777 0.418375
0 0.440392 0.565586 0.0398617 0.212343 0.414171
0 0.202702 0.2594 0.023657 0.0434077 0.41143
0 0.373379 0.393467 0.0346948 0.176028 0.371769
0 0.246088 0.326309 0.0399935 0.167257 0.365543
0 0.540078 0.476792 0.0329924 0.199544 0.339562
0 0.16432 0.270503 0.0278776 0.0500161 0.285855
0 0.0497349 0.299241 0.0258438 0.0582453 0.260264
0 0.713496 0.37487 0.0329044 0.0968184 0.255501
