0 0.302623 0.363385 0.0331276 0.14164 0.842268
0 0.210297 0.467894 0.0416349 0.187585 0.678342
0 0.381672 0.404571 0.0271055 0.116887 0.590981
0 0.67741 0.51369 0.040646 0.196797 0.534083
0 0.225197 0.307471 0.0348206 0.126203 0.53005
0 0.403571 0.508527 0.0511369 0.181597 0.501771
0 0.383791 0.421885 0.0264879 0.145829 0.488615
0 0.573951 0.430295 0.0349012 0.168441 0.45761
0 0.275665 0.196996 0.0216484 0.0430739 0.438986
0 0.316684 0.251724 0.0214526 0.147845 0.432571
0 0.752209 0.758058 0.0365688 0.121624 0.376437
0 0.822754 0.772568 0.0373699 0.132637 0.364341
0 0.487542 0.364775 0.0366329 0.131665 0.357273
0 0.191857 0.86284 0.0583925 0.234065 0.335817
0 0.395165 0.163249 0.0233198 0.0447369 0.331853
0 0.241949 0.206035 0.0256682 0.0494142 0.324444
0 0.3738 0.402873 0.0346308 0.112534 0.309973
0 0.522697 0.363281 0.042267 0.142964 0.308132
0 0.900621 0.909016 0.0335399 0.100206 0.303709
0 0.923794 0.602134 0.035785 0.0899251 0.298382
0 0.402986 0.411301 0.0260355 0.0973537 0.296212
0 0.568992 0.416696 0.0218233 0.143425 0.295811
0 0.0121297 0.267393 0.0221409 0.054285 0.284548
0 0.787939 0.463513 0.0274549 0.0950506 0.281616
0 0.52231 0.352971 0.0332825 0.120066 0.266091
0 0.918069 0.608789 0.0472325 0.105007 0.262612
0 0.759579 0.810172 0.0299384 0.0864819 0.259771
0 0.832685 0.352319 0.0284523 0.0811133 0.252149
