0 0.310537 0.648076 0.0520907 0.19325 0.77757
0 0.507085 0.777691 0.0837 0.189476 0.773781
0 0.572375 0.325776 0.0313294 0.117708 0.690539
0 0.527543 0.779604 0.0414994 0.190493 0.62715
0 0.62547 0.637409 0.0448738 0.197244 0.609999
0 0.0389735 0.648984 0.0492415 0.167691 0.589907
0 0.353671 0.271043 0.0219346 0.10686 0.581298
0 0.409574 0.548738 0.0369671 0.171266 0.568531
0 0.666371 0.434215 0.0586643 0.165299 0.530815
0 0.907532 0.770016 0.0807436 0.185822 0.500768
0 0.522794 0.233263 0.0218821 0.132951 0.309721
0 0.270064 0.844109 0.032198 0.157759 0.26201
0 0.51179 0.232209 0.0204113 0.092941 0.256878
