0 0.225661 0.30858 0.0299636 0.131008 0.887928
0 0.295705 0.350514 0.0288763 0.137447 0.768417
0 0.203643 0.449165 0.0423499 0.169527 0.65011
0 0.314472 0.258154 0.0218641 0.145163 0.586017
0 0.68277 0.550444 0.0368061 0.212337 0.584893
0 0.413913 0.485644 0.0480206 0.166295 0.470296
0 0.818261 0.771858 0.0374615 0.125098 0.411676
0 0.378103 0.386657 0.0203795 0.145486 0.356175
0 0.74971 0.760845 0.0364345 0.124905 0.33013
0 0.542407 0.396393 0.0519659 0.13489 0.28521
0 0.237806 0.228744 0.0271099 0.0958207 0.284465
0 0.386052 0.40926 0.0332802 0.188394 0.258373
