0 0.793926 0.384198 0.0425574 0.150569 0.807587
0 0.800493 0.979739 0.049046 0.0402534 0.762361
0 0.748941 0.291488 0.0242126 0.111125 0.756003
0 0.604532 0.348787 0.0714161 0.118954 0.703431
0 0.912661 0.492932 0.0770035 0.163514 0.695962
0 0.262148 0.421437 0.042958 0.105243 0.689797
0 0.379835 0.494135 0.0471093 0.129733 0.660541
0 0.380278 0.852355 0.0379072 0.0536653 0.442024
0 0.404315 0.693999 0.0550605 0.159808 0.392832
0 0.338953 0.829224 0.0374325 0.0977506 0.384635
0 0.549462 0.151784 0.0275862 0.0447343 0.360034
0 0.134302 0.758965 0.0312502 0.0950752 0.326118
0 0.309254 0.803782 0.0451497 0.137958 0.277572
0 0.69774 0.720068 0.07001 0.184151 0.275301
0 0.743859 0.32983 0.0145543 0.0366966 0.274663
0 0.0157913 0.939908 0.0313023 0.117418 0.257221
