0 0.919624 0.491231 0.0640271 0.153189 0.837451
0 0.784802 0.976192 0.054186 0.0456722 0.824546
0 0.38209 0.499032 0.0456067 0.123242 0.727596
0 0.792261 0.390062 0.0544441 0.163084 0.64205
0 0.754507 0.308028 0.0158056 0.0883958 0.596644
0 0.600845 0.348949 0.0535646 0.107764 0.57827
0 0.351264 0.829419 0.0367592 0.0932805 0.570375
0 0.251143 0.841342 0.0294195 0.119078 0.531351
0 0.348268 0.726408 0.0156732 0.0374796 0.514099
0 0.69031 0.727756 0.0777103 0.188564 0.447854
0 0.563812 0.157529 0.0265712 0.043616 0.32137
0 0.145179 0.761172 0.0354283 0.0954697 0.307879
0 0.319717 0.805106 0.0459496 0.135222 0.302694
0 0.887637 0.234755 0.0313114 0.0485303 0.301432
0 0.390319 0.852435 0.0334782 0.0518615 0.283667
0 0.753663 0.299726 0.0201021 0.106449 0.260435
