0 0.580916 0.411045 0.0345397 0.172838 0.747469
0 0.640384 0.429868 0.0491949 0.165417 0.687587
0 0.428653 0.5527 0.050214 0.180188 0.651115
0 0.211138 0.451098 0.0446342 0.192636 0.623474
0 0.315097 0.237079 0.0239456 0.150359 0.555668
0 0.343551 0.363773 0.0318853 0.15398 0.53846
0 0.212316 0.29227 0.0267248 0.140182 0.535774
0 0.385769 0.500973 0.0438627 0.186358 0.51115
0 0.274103 0.176878 0.0223392 0.0483057 0.492492
0 0.24056 0.18442 0.0248343 0.0493697 0.387898
0 0.48763 0.331254 0.0674785 0.185514 0.372782
0 0.425833 0.455416 0.0678378 0.176234 0.350043
0 0.899121 0.886673 0.0338055 0.0961719 0.314679
0 0.760172 0.785011 0.03021 0.0841432 0.30621
0 0.347394 0.152639 0.023696 0.0520593 0.274252
0 0.0834411 0.227785 0.0195051 0.0495431 0.257081
