0 0.383407 0.681223 0.0646725 0.163732 0.894375
0 0.754526 0.971166 0.0577797 0.0571627 0.769767
0 0.799099 0.396873 0.051692 0.16769 0.72942
0 0.590143 0.361724 0.0776247 0.130847 0.697447
0 0.378928 0.491166 0.0665731 0.114229 0.623633
0 0.461541 0.406929 0.0548191 0.18178 0.616715
0 0.919836 0.498813 0.071975 0.16921 0.451417
0 0.369738 0.831487 0.0348621 0.0819092 0.445572
0 0.465262 0.381065 0.0455547 0.131679 0.416192
0 0.583481 0.16507 0.0256422 0.0393016 0.390065
0 0.163239 0.76577 0.0347803 0.0859665 0.367627
0 0.765638 0.970578 0.0350966 0.0544099 0.3604
0 0.511199 0.146456 0.023782 0.0428292 0.354319
0 0.129497 0.639848 0.0413303 0.181932 0.349176
0 0.768133 0.169338 0.0194848 0.0641074 0.348316
0 0.128534 0.449474 0.0297329 0.0769344 0.329544
0 0.911973 0.243985 0.0293778 0.0514086 0.322707
0 0.335561 0.807285 0.0417375 0.125886 0.27748
0 0.406482 0.862275 0.0344826 0.0582841 0.258352
0 0.446057 0.443896 0.0245675 0.109107 0.253269
0 0.678895 0.185006 0.022933 0.0430499 0.251107
