0 0.42674 0.357223 0.0312554 0.128134 0.739415
0 0.47976 0.508672 0.0300257 0.163701 0.721871
0 0.342039 0.4782 0.0263847 0.126102 0.660601
0 0.553351 0.337209 0.0264492 0.115986 0.572264
0 0.40444 0.536385 0.0404528 0.154859 0.54857
0 0.393004 0.814131 0.0356376 0.141642 0.536058
0 0.210692 0.486046 0.0273384 0.126691 0.524974
0 0.034015 0.949002 0.0432645 0.101613 0.477712
0 0.761183 0.668187 0.0474155 0.167522 0.446424
0 0.662532 0.534127 0.0256031 0.175166 0.363337
0 0.796694 0.675604 0.0177518 0.0443036 0.34536
0 0.793922 0.708594 0.0263102 0.108864 0.320593
0 0.538193 0.24479 0.0218163 0.0730808 0.303958
0 0.724231 0.789992 0.0165063 0.0351731 0.254034
