0 0.712848 0.594933 0.0438748 0.151521 0.776452
0 0.810484 0.28924 0.0495769 0.144423 0.702708
0 0.440374 0.354963 0.0500522 0.133002 0.648736
0 0.764533 0.311079 0.0397274 0.137308 0.60319
0 0.526762 0.325482 0.0406165 0.131252 0.58177
0 0.625002 0.248766 0.0337706 0.113412 0.527768
0 0.381006 0.472512 0.0412299 0.185109 0.493861
0 0.391185 0.833143 0.0357684 0.0807399 0.487543
0 0.628905 0.394625 0.0436713 0.179398 0.473819
0 0.527939 0.408199 0.00932522 0.02654 0.444816
0 0.942233 0.237234 0.0212719 0.0443515 0.386713
0 0.514558 0.62411 0.068663 0.223775 0.369016
0 0.876731 0.219197 0.0268379 0.0497577 0.350266
0 0.630761 0.239109 0.0220893 0.10456 0.320882
0 0.434804 0.350299 0.0368826 0.123853 0.303635
0 0.162833 0.299048 0.0252503 0.0705257 0.274438
0 0.450603 0.766936 0.0658664 0.210632 0.272421
0 0.79767 0.206915 0.0226547 0.0389551 0.265941
0 0.794278 0.201268 0.0181099 0.0486012 0.257779
