0 0.206864 0.563222 0.0263406 0.126065 0.812813
0 0.468344 0.351952 0.0487385 0.108419 0.788779
0 0.403016 0.260879 0.0345424 0.100098 0.686051
0 0.656242 0.62099 0.0357977 0.187848 0.672355
0 0.502839 0.598208 0.0394839 0.16835 0.638136
0 0.690879 0.706746 0.0395363 0.198549 0.608786
0 0.580583 0.37549 0.0351431 0.108742 0.540319
0 0.808006 0.82287 0.034932 0.100785 0.538043
0 0.205468 0.875761 0.0365514 0.18727 0.537206
0 0.355521 0.291971 0.0307192 0.117472 0.5353
0 0.896772 0.5577 0.0227202 0.135818 0.513489
0 0.852948 0.691525 0.0323608 0.121523 0.410769
0 0.843677 0.772205 0.0382002 0.0862334 0.399521
0 0.0487249 0.500336 0.0340279 0.162304 0.382171
0 0.850678 0.707642 0.0298661 0.112837 0.359338
0 0.5398 0.259084 0.0188808 0.0657378 0.339941
0 0.429979 0.6247 0.0442402 0.203838 0.332411
0 0.211886 0.626499 0.0156731 0.0697212 0.317167
0 0.873913 0.70331 0.031472 0.102514 0.310696
0 0.78841 0.903416 0.0414334 0.120227 0.310021
0 0.952046 0.669866 0.0294197 0.0943536 0.306113
0 0.919573 0.682663 0.0253325 0.0626212 0.296544
0 0.776615 0.837452 0.0271839 0.0941311 0.289961
0 0.267326 0.968024 0.0331242 0.0541632 0.289944
0 0.806934 0.748896 0.0195941 0.0409912 0.26625
0 0.823186 0.873692 0.0364977 0.0899824 0.262479
0 0.919275 0.703443 0.0319588 0.102635 0.253839
0 0.858948 0.648318 0.0145924 0.0342675 0.253341
