0 0.299338 0.361287 0.0342326 0.149261 0.671352
0 0.432963 0.246314 0.0297342 0.139636 0.615588
0 0.36602 0.457202 0.0378787 0.196288 0.609561
0 0.577662 0.488962 0.0299125 0.162604 0.59354
0 0.193856 0.346803 0.024126 0.162599 0.590878
0 0.755233 0.802536 0.031615 0.138534 0.587499
0 0.234834 0.222831 0.0259067 0.0546808 0.523406
0 0.312447 0.274986 0.0202914 0.147882 0.487304
0 0.740756 0.873305 0.0628599 0.168675 0.456638
0 0.568879 0.615011 0.0499668 0.209479 0.44646
0 0.741229 0.898475 0.0604105 0.114263 0.426162
0 0.391444 0.181015 0.0261037 0.0483134 0.37596
0 0.796469 0.54332 0.0274491 0.146591 0.35042
0 0.507845 0.384656 0.0276049 0.166724 0.30899
0 0.911495 0.94481 0.0374323 0.102024 0.304486
0 0.269789 0.217985 0.0215904 0.0427228 0.301051
0 0.607646 0.741006 0.0494904 0.248606 0.26913
0 0.418354 0.176835 0.0201175 0.0463578 0.25274
