0 0.289575 0.335845 0.0337085 0.149645 0.691795
0 0.682091 0.589093 0.031248 0.217922 0.632389
0 0.368064 0.431124 0.0476561 0.1932 0.589073
0 0.546573 0.379828 0.0335331 0.135497 0.576885
0 0.222428 0.303138 0.0295138 0.146786 0.551402
0 0.197151 0.454659 0.0407906 0.177116 0.537183
0 0.446661 0.477574 0.0481169 0.133357 0.536839
0 0.307985 0.261212 0.0245544 0.155833 0.469528
0 0.743672 0.778092 0.0366588 0.151064 0.43344
0 0.265097 0.205195 0.0224908 0.0408161 0.425709
0 0.814408 0.778642 0.0377251 0.135419 0.392205
0 0.504833 0.367541 0.0389378 0.14973 0.374246
0 0.527214 0.332759 0.0278866 0.10095 0.308126
0 0.545213 0.414881 0.0314141 0.0560971 0.297914
0 0.231758 0.211126 0.0262721 0.0549391 0.283632
0 0.521634 0.303127 0.015565 0.04546 0.264166
0 0.513381 0.367019 0.0562006 0.148998 0.259689
0 0.527974 0.347708 0.0322366 0.127474 0.252885
