0 0.651995 0.349191 0.0419697 0.157498 0.69569
0 0.559411 0.803616 0.0520136 0.147501 0.612493
0 0.504386 0.735714 0.0552797 0.111321 0.557955
0 0.980224 0.350261 0.039551 0.159119 0.489915
0 0.465478 0.371651 0.0331724 0.168412 0.478144
0 0.606642 0.154154 0.0231934 0.0428247 0.470259
0 0.886755 0.228943 0.0289348 0.0425633 0.431847
0 0.736948 0.438482 0.0352795 0.171225 0.43049
0 0.853487 0.220815 0.0280774 0.0475775 0.388372
0 0.703461 0.175632 0.0250879 0.0563727 0.386863
0 0.93073 0.2386 0.0272834 0.0486586 0.29647
0 0.959688 0.244031 0.0189215 0.0491686 0.269773
0 0.535937 0.136094 0.0208473 0.0412956 0.252657
