0 0.9791 0.350277 0.0414674 0.155246 0.696082
0 0.649833 0.34903 0.045488 0.155877 0.664534
0 0.560568 0.804827 0.0520572 0.148364 0.657605
0 0.735736 0.441902 0.0411196 0.163981 0.601754
0 0.465092 0.373663 0.0318356 0.170599 0.490237
0 0.606529 0.153557 0.0233634 0.0439155 0.482385
0 0.504996 0.73057 0.0515736 0.103071 0.447705
0 0.886647 0.229244 0.0288135 0.0416112 0.40554
0 0.853739 0.221089 0.0277397 0.0466352 0.397509
0 0.703583 0.175715 0.0249393 0.0563209 0.390745
0 0.930839 0.238699 0.0272202 0.0483672 0.331019
0 0.782203 0.31034 0.0280792 0.119168 0.31409
0 0.75725 0.318932 0.0264943 0.10421 0.276
0 0.959801 0.243943 0.0186443 0.0491463 0.262909
0 0.757094 0.349089 0.0332649 0.130328 0.260605
0 0.162597 0.436305 0.025626 0.090015 0.254546
