0 0.552141 0.310836 0.023667 0.120385 0.780641
0 0.766655 0.353322 0.0313524 0.134991 0.75
0 0.575651 0.436807 0.0356315 0.110343 0.674216
0 0.630363 0.271144 0.0351816 0.148983 0.611364
0 0.536813 0.46822 0.020635 0.120052 0.53692
0 0.425881 0.396479 0.0325485 0.106221 0.51571
0 0.704262 0.283263 0.0389164 0.147801 0.512762
0 0.480759 0.364354 0.0523957 0.12876 0.484203
0 0.434029 0.7403 0.0401334 0.168974 0.481886
0 0.83624 0.248976 0.0227238 0.0446549 0.447211
0 0.515192 0.47942 0.0316746 0.135914 0.438285
0 0.878316 0.255576 0.0248283 0.0498264 0.419549
0 0.542864 0.392385 0.0144037 0.0297092 0.405306
0 0.516111 0.43096 0.0187939 0.044551 0.403908
0 0.661521 0.199277 0.023363 0.0499814 0.34832
0 0.443349 0.830314 0.0450375 0.102627 0.347921
0 0.806167 0.238573 0.0254589 0.0507646 0.254645
