0 0.440586 0.633554 0.0581421 0.218357 0.69826
0 0.373832 0.468393 0.0517971 0.180787 0.647593
0 0.382248 0.280166 0.0355421 0.13634 0.579596
0 0.17706 0.294832 0.0282853 0.0604466 0.488287
0 0.020389 0.487556 0.03186 0.193897 0.48443
0 0.262166 0.349524 0.0248899 0.167324 0.453633
0 0.21428 0.292232 0.0242609 0.0417471 0.439403
0 0.401361 0.416017 0.0306172 0.155956 0.410389
0 0.376751 0.240872 0.0245835 0.0561393 0.356359
0 0.381323 0.352116 0.0260397 0.052564 0.321549
0 0.813074 0.660113 0.0285511 0.144011 0.307836
0 0.215655 0.286117 0.0241456 0.0456554 0.289198
0 0.216197 0.23347 0.0188869 0.0684183 0.285271
0 0.37781 0.272987 0.0277592 0.121497 0.284236
0 0.385526 0.304503 0.0378889 0.0947795 0.282369
