0 0.749789 0.294113 0.0213552 0.107562 0.768227
0 0.797237 0.979033 0.0499248 0.0417133 0.752676
0 0.913195 0.495244 0.0756731 0.166074 0.732574
0 0.792285 0.386826 0.0478337 0.145649 0.701143
0 0.381645 0.488679 0.0447148 0.113727 0.616849
0 0.747425 0.29804 0.015494 0.10062 0.546263
0 0.383227 0.851778 0.0368386 0.0522968 0.535461
0 0.263924 0.423692 0.0393331 0.107521 0.513731
0 0.596452 0.354394 0.0469161 0.102956 0.487494
0 0.342576 0.829733 0.0346578 0.0957717 0.470958
0 0.553909 0.154988 0.0255367 0.0437357 0.423613
0 0.697921 0.721564 0.0687926 0.182237 0.412705
0 0.87514 0.230828 0.031072 0.0480217 0.365988
0 0.602183 0.347018 0.0309973 0.0786757 0.285484
0 0.64813 0.174276 0.0245356 0.0451387 0.279518
