0 0.905645 0.95402 0.0585587 0.0919604 0.868581
0 0.734155 0.340641 0.0425515 0.147248 0.761504
0 0.587929 0.280309 0.053326 0.127758 0.749509
0 0.490905 0.834043 0.0353865 0.0712946 0.70661
0 0.693038 0.240689 0.0221501 0.131412 0.624643
0 0.411225 0.784397 0.0496773 0.0643802 0.601837
0 0.452384 0.754753 0.0447504 0.193863 0.558284
0 0.10295 0.833842 0.0312933 0.0851508 0.557623
0 0.85653 0.461497 0.0629921 0.166285 0.503673
0 0.39501 0.113278 0.0237683 0.0453172 0.449194
0 0.169614 0.794965 0.0481322 0.200279 0.425298
0 0.446217 0.310858 0.0323257 0.141094 0.399424
0 0.447962 0.482294 0.0431782 0.182828 0.393016
0 0.208697 0.830495 0.036606 0.167616 0.378646
0 0.0645621 0.620238 0.0398423 0.12873 0.366253
0 0.349277 0.522589 0.0464068 0.179084 0.332499
0 0.431753 0.31292 0.0606855 0.143733 0.294247
0 0.324054 0.106394 0.0223663 0.0381064 0.291734
0 0.45998 0.127635 0.0183584 0.0371987 0.281544
0 0.571348 0.14583 0.025701 0.0530759 0.281273
