0 0.549053 0.535904 0.035183 0.174821 0.774094
0 0.401482 0.300391 0.0356485 0.126716 0.637782
0 0.300978 0.271721 0.0220224 0.151306 0.616207
0 0.179924 0.509133 0.0450781 0.187219 0.571302
0 0.541404 0.409247 0.0374977 0.178093 0.569967
0 0.280539 0.348127 0.0373355 0.159512 0.562661
0 0.223037 0.225433 0.0286179 0.0594276 0.527981
0 0.800619 0.560024 0.0270115 0.149991 0.488782
0 0.212576 0.323685 0.0346461 0.162075 0.473098
0 0.348534 0.439351 0.0656837 0.198543 0.394942
0 0.674004 0.702431 0.0466526 0.251551 0.379887
0 0.494848 0.359425 0.0407669 0.156218 0.352195
0 0.73316 0.887201 0.0315628 0.116472 0.348744
0 0.257705 0.216227 0.0211848 0.0419866 0.325987
0 0.739399 0.790118 0.0346343 0.150004 0.318663
0 0.774858 0.481287 0.0253929 0.10446 0.310133
0 0.378424 0.179669 0.0247245 0.0465074 0.284251
0 0.817742 0.963645 0.0452622 0.0689637 0.258371
0 0.541362 0.388935 0.0347817 0.13436 0.251386
