0 0.406622 0.603726 0.0472449 0.212806 0.683248
0 0.253022 0.448761 0.0349604 0.185606 0.586843
0 0.342909 0.375468 0.0568365 0.163585 0.51805
0 0.226748 0.343697 0.0380212 0.173091 0.514249
0 0.430372 0.468017 0.038908 0.204253 0.511851
0 0.356759 0.586443 0.0677581 0.176308 0.374548
0 0.0312669 0.214532 0.0294169 0.0772573 0.294444
0 0.128366 0.226894 0.0276186 0.144905 0.281046
0 0.783381 0.431603 0.0404795 0.130431 0.277409
0 0.066651 0.270418 0.01733 0.0580718 0.276031
0 0.195713 0.239955 0.0198806 0.0452167 0.27563
0 0.784051 0.352619 0.0281321 0.086178 0.270422
