0 0.785077 0.377186 0.027313 0.140325 0.679989
0 0.436811 0.745996 0.0459002 0.174038 0.675558
0 0.567865 0.340018 0.0316887 0.153031 0.641618
0 0.790102 0.24651 0.0246061 0.0470869 0.630942
0 0.708772 0.293751 0.0296016 0.148179 0.611313
0 0.645048 0.297912 0.0358445 0.132272 0.569377
0 0.674131 0.214565 0.0250092 0.0503448 0.526179
0 0.548742 0.428813 0.0386325 0.138306 0.509834
0 0.492876 0.379797 0.0445272 0.129438 0.506735
0 0.852219 0.260325 0.0277256 0.0520565 0.454154
0 0.821216 0.253733 0.0251875 0.0528526 0.451288
0 0.955586 0.292454 0.0221764 0.0392602 0.315975
0 0.209174 0.505053 0.042112 0.167972 0.284188
0 0.487054 0.358511 0.046018 0.092708 0.274867
0 0.993764 0.250283 0.0118336 0.0599446 0.269967
0 0.786661 0.244342 0.023832 0.045519 0.26461
0 0.568728 0.306257 0.026351 0.0885214 0.252233
