0 0.191977 0.213826 0.0353409 0.186098 0.624364
0 0.29995 0.157103 0.0271497 0.168452 0.505041
0 0.264439 0.0918126 0.0232394 0.0455054 0.498919
0 0.228058 0.0982877 0.0289063 0.0610844 0.492961
0 0.525226 0.189609 0.0276846 0.1485 0.376082
0 0.472654 0.268081 0.0322895 0.197843 0.341852
0 0.592072 0.295216 0.0246419 0.149274 0.29906
0 0.879785 0.732284 0.0349487 0.143433 0.291591
0 0.823701 0.724388 0.0359439 0.107336 0.290863
0 0.268427 0.042326 0.0213374 0.0724921 0.277921
0 0.787258 0.835 0.0423443 0.112855 0.253126
0 0.401617 0.0510261 0.0271657 0.0508106 0.252503
0 0.59158 0.317717 0.0354767 0.181505 0.251284
0 0.568211 0.279663 0.0396423 0.166817 0.250622
