0 0.640659 0.345387 0.0541926 0.152282 0.742739
0 0.729259 0.444745 0.0536881 0.162177 0.666699
0 0.553898 0.806385 0.0330141 0.127404 0.633026
0 0.978926 0.351093 0.0401254 0.152331 0.610146
0 0.479578 0.317887 0.0261423 0.153777 0.559706
0 0.743825 0.335657 0.0299726 0.154992 0.520657
0 0.886974 0.228518 0.0283178 0.0432305 0.467064
0 0.606879 0.15208 0.0233957 0.0455966 0.420434
0 0.853954 0.219339 0.0295075 0.049819 0.399997
0 0.932233 0.23797 0.0259552 0.0471881 0.385225
0 0.513718 0.754893 0.0673356 0.135669 0.379794
0 0.777786 0.311019 0.0378588 0.117873 0.36445
0 0.453958 0.386259 0.0397514 0.182922 0.32229
0 0.705105 0.176531 0.026524 0.0522093 0.311156
0 0.602636 0.710478 0.0634724 0.230236 0.27783
0 0.395146 0.819719 0.0399657 0.111358 0.265402
0 0.431907 0.84662 0.0365894 0.0586056 0.257479
0 0.162624 0.432404 0.0252378 0.0840229 0.250513
