0 0.408496 0.594656 0.0366256 0.168501 0.598149
0 0.785709 0.416192 0.0551282 0.136018 0.59149
0 0.582808 0.463687 0.0399784 0.162414 0.573727
0 0.848508 0.421509 0.0315863 0.161409 0.563624
0 0.666589 0.316084 0.0319063 0.134635 0.547588
0 0.626521 0.489742 0.0826721 0.170277 0.508082
0 0.885029 0.323049 0.0296517 0.159411 0.505593
0 0.423591 0.380507 0.0327986 0.156277 0.432426
0 0.71732 0.308039 0.0398239 0.119589 0.427119
0 0.477967 0.827219 0.0401899 0.0966072 0.396483
0 0.986225 0.275938 0.0267498 0.0581906 0.384991
0 0.329307 0.813407 0.0383225 0.128118 0.381184
0 0.473394 0.443356 0.0412044 0.198833 0.368012
0 0.82349 0.235544 0.0282768 0.0426553 0.339559
0 0.862245 0.245103 0.0266958 0.0515612 0.324485
0 0.850408 0.385079 0.0263239 0.0856067 0.307643
0 0.332268 0.774409 0.02812 0.0499396 0.278165
0 0.789907 0.228866 0.0286692 0.0454514 0.274768
