0 0.512621 0.452393 0.0518006 0.193961 0.799398
0 0.264699 0.226766 0.0254679 0.0519842 0.653456
0 0.401659 0.333817 0.0302841 0.185279 0.626443
0 0.627101 0.531711 0.0450352 0.236594 0.535893
0 0.533273 0.34003 0.032316 0.179692 0.497279
0 0.105517 0.268946 0.0212012 0.0505246 0.466165
0 0.819358 0.912635 0.0544264 0.17473 0.462809
0 0.988073 0.683848 0.0232048 0.107034 0.399648
0 0.488961 0.387862 0.0463884 0.159216 0.397871
0 0.235035 0.303837 0.0257539 0.179316 0.369989
0 0.766929 0.353282 0.0309637 0.0928026 0.367104
0 0.3196 0.633931 0.0582876 0.227761 0.365031
0 0.567763 0.39272 0.0297836 0.136759 0.363333
0 0.283446 0.178297 0.018603 0.0714295 0.335624
0 0.405174 0.188874 0.0275197 0.0481832 0.332785
0 0.266909 0.176133 0.0196003 0.0690632 0.3201
0 0.853893 0.916087 0.0497478 0.14533 0.291482
0 0.916661 0.895454 0.0421993 0.118275 0.290622
0 0.922639 0.881874 0.0305271 0.140313 0.288526
0 0.0647923 0.203857 0.0295082 0.0842457 0.285649
0 0.435484 0.180522 0.0238188 0.0509819 0.280921
0 0.927606 0.641149 0.0375404 0.246991 0.271721
0 0.585887 0.452344 0.0529336 0.176934 0.26545
0 0.578531 0.251578 0.0187467 0.0566655 0.263376
0 0.874586 0.541166 0.0279949 0.109689 0.253244
0 0.283322 0.162378 0.0188817 0.0580976 0.250383
