0 0.540989 0.245456 0.0220203 0.109627 0.799432
0 0.502575 0.362411 0.0430798 0.0911892 0.780351
0 0.5078 0.607658 0.0444738 0.158015 0.717852
0 0.667548 0.710327 0.0694874 0.182219 0.708502
0 0.880769 0.696056 0.0337883 0.10983 0.683983
0 0.912564 0.57034 0.0304012 0.147541 0.617809
0 0.357349 0.295784 0.0310281 0.121488 0.581803
0 0.165943 0.884495 0.0462235 0.187303 0.569821
0 0.906971 0.707708 0.0290703 0.0973418 0.534954
0 0.127229 0.889074 0.0418764 0.214256 0.521924
0 0.984789 0.679361 0.0292057 0.105571 0.48097
0 0.658985 0.60435 0.0271051 0.11725 0.473484
0 0.178743 0.600231 0.0374735 0.166374 0.455839
0 0.837044 0.762448 0.0231163 0.0464468 0.454712
0 0.657267 0.628709 0.0315667 0.16632 0.444789
0 0.875308 0.788576 0.0381638 0.100093 0.437147
0 0.0293287 0.495299 0.0501942 0.157645 0.434084
0 0.839135 0.830143 0.0302536 0.0969975 0.430013
0 0.425815 0.246658 0.0245129 0.116948 0.395407
0 0.187639 0.236562 0.020799 0.0395129 0.349162
0 0.807576 0.841243 0.029257 0.0916756 0.343895
0 0.949715 0.713733 0.0261011 0.103604 0.307285
0 0.44613 0.679644 0.0573551 0.189479 0.292415
0 0.601549 0.437343 0.0259585 0.161051 0.276057
0 0.813783 0.797649 0.021381 0.0758655 0.273134
0 0.837999 0.772966 0.0274433 0.0613288 0.272525
0 0.811811 0.776741 0.0173935 0.034967 0.253177
