0 0.910965 0.566628 0.0329701 0.139365 0.790602
0 0.496573 0.362245 0.0452335 0.0973097 0.76637
0 0.178174 0.601552 0.0454751 0.184748 0.730032
0 0.506889 0.605896 0.0433832 0.158454 0.712327
0 0.875271 0.698373 0.0337429 0.116671 0.673091
0 0.357378 0.297087 0.0332318 0.118888 0.649342
0 0.656409 0.637881 0.030592 0.19028 0.610459
0 0.422898 0.250057 0.0292621 0.110565 0.567485
0 0.90023 0.706938 0.0299349 0.0938908 0.567219
0 0.978557 0.675356 0.0311656 0.0990205 0.560818
0 0.177135 0.881959 0.0634837 0.189749 0.484961
0 0.683905 0.708416 0.0405369 0.168155 0.444534
0 0.0375004 0.498137 0.0481539 0.153789 0.421761
0 0.124332 0.887239 0.044658 0.210733 0.382869
0 0.592121 0.407381 0.0368429 0.181463 0.381362
0 0.804932 0.773869 0.0166166 0.0317768 0.35729
0 0.832306 0.828039 0.031751 0.097711 0.336405
0 0.867908 0.773093 0.0407104 0.0837086 0.307024
0 0.65736 0.583637 0.0248315 0.0801169 0.280963
0 0.943997 0.707845 0.0268297 0.0995237 0.274376
0 0.655969 0.661789 0.0315111 0.135426 0.264558
0 0.667498 0.712144 0.07231 0.169781 0.254099
0 0.448348 0.66713 0.0427269 0.177369 0.250656
