0 0.353874 0.358214 0.0276452 0.130603 0.717294
0 0.526309 0.332436 0.0286622 0.0915462 0.701992
0 0.405946 0.386928 0.028978 0.12589 0.695
0 0.480612 0.541495 0.035593 0.159346 0.672994
0 0.397377 0.491155 0.0294693 0.131785 0.622538
0 0.457717 0.832611 0.0357048 0.110192 0.546271
0 0.345651 0.582497 0.0333355 0.168986 0.496467
0 0.638811 0.545061 0.0348354 0.16495 0.451506
0 0.268211 0.555931 0.0398742 0.166731 0.365971
0 0.275739 0.555963 0.0259218 0.16806 0.328103
0 0.864055 0.727573 0.0290661 0.0993181 0.312492
0 0.355497 0.872706 0.0190588 0.0368792 0.290621
0 0.824874 0.761583 0.0295452 0.105154 0.283641
0 0.772038 0.670369 0.0349136 0.139658 0.267965
