0 0.435786 0.343919 0.0326235 0.141329 0.81915
0 0.640822 0.256871 0.0278273 0.121597 0.655115
0 0.637616 0.375074 0.0492281 0.148515 0.607252
0 0.843181 0.294772 0.0257187 0.160569 0.595721
0 0.768718 0.310107 0.0464249 0.133636 0.568357
0 0.386815 0.46714 0.0353646 0.188841 0.559927
0 0.726883 0.649973 0.0399625 0.169441 0.521757
0 0.436722 0.820583 0.0416336 0.111165 0.469859
0 0.398734 0.835014 0.034294 0.0767795 0.442197
0 0.54881 0.346022 0.0382803 0.160363 0.384983
0 0.478412 0.755165 0.0439143 0.244397 0.362136
0 0.260977 0.401025 0.0288571 0.168755 0.359149
0 0.551292 0.657229 0.0648301 0.205279 0.30202
0 0.953942 0.239009 0.0219456 0.0449963 0.296876
0 0.888552 0.219184 0.0273029 0.0522073 0.290039
0 0.125973 0.424816 0.024798 0.0670299 0.268245
0 0.100034 0.721654 0.0330982 0.0872407 0.267423
0 0.171397 0.29788 0.0252932 0.0719089 0.261652
0 0.664224 0.165039 0.0235974 0.046828 0.254935
