0 0.271564 0.63282 0.0328856 0.174332 0.635728
0 0.853207 0.35156 0.038109 0.147725 0.625691
0 0.679791 0.31632 0.0294285 0.126334 0.609231
0 0.398819 0.463528 0.0274005 0.182146 0.58496
0 0.534683 0.349133 0.0262111 0.15064 0.555474
0 0.2969 0.56815 0.0307881 0.164414 0.53336
0 0.67901 0.438738 0.0435317 0.140942 0.531968
0 0.494982 0.522599 0.0265654 0.176051 0.528708
0 0.582065 0.61818 0.0684936 0.188501 0.507016
0 0.206365 0.806857 0.0356879 0.149599 0.42254
0 0.495019 0.18534 0.020797 0.0489272 0.371174
0 0.113882 0.774647 0.036359 0.0938052 0.315218
0 0.236485 0.838069 0.0351973 0.116811 0.311897
0 0.434026 0.835661 0.0305926 0.0542165 0.298132
0 0.801426 0.246696 0.0227426 0.0454198 0.296267
0 0.974305 0.27829 0.0216271 0.0513483 0.288042
0 0.680741 0.302821 0.0225172 0.10334 0.27964
0 0.795548 0.443243 0.0431376 0.164566 0.256035
