0 0.411506 0.381925 0.0304683 0.125117 0.793038
0 0.359351 0.340865 0.0193363 0.134117 0.77287
0 0.535478 0.329057 0.0234888 0.106055 0.584671
0 0.445318 0.83015 0.0359876 0.120667 0.566715
0 0.367034 0.56196 0.0385478 0.170296 0.566269
0 0.3801 0.474788 0.0284042 0.125565 0.549336
0 0.480427 0.529998 0.0422733 0.154093 0.530599
0 0.251043 0.53862 0.0479307 0.175574 0.489731
0 0.792205 0.738776 0.0287447 0.0871003 0.357576
0 0.536598 0.345586 0.0223154 0.0769287 0.306084
0 0.773472 0.660129 0.0393847 0.128481 0.289703
0 0.828856 0.739577 0.0306316 0.0935176 0.278725
0 0.724895 0.813919 0.01789 0.0539602 0.264254
0 0.376294 0.318274 0.0192346 0.11958 0.259207
