0 0.338422 0.421911 0.04302 0.170665 0.755548
0 0.255906 0.330994 0.0281462 0.169979 0.645734
0 0.517785 0.490915 0.0416819 0.19792 0.593809
0 0.485207 0.587961 0.0722326 0.198668 0.52898
0 0.346254 0.22652 0.0264873 0.0543068 0.478328
0 0.337473 0.297169 0.0369539 0.102972 0.470502
0 0.824971 0.66274 0.0278027 0.157512 0.454057
0 0.420913 0.619895 0.0507086 0.229237 0.424363
0 0.209918 0.267521 0.0247659 0.048577 0.387473
0 0.210184 0.207772 0.0180779 0.0635287 0.36106
0 0.584185 0.613441 0.0600586 0.21615 0.352911
0 0.38375 0.404266 0.0341118 0.170106 0.317697
0 0.404841 0.462976 0.0508676 0.169966 0.31709
0 0.380324 0.406278 0.0244337 0.166982 0.283644
0 0.228846 0.203938 0.0212894 0.0546296 0.282767
0 0.143295 0.261797 0.0234511 0.137955 0.274614
0 0.823795 0.533303 0.0379116 0.159682 0.265449
