0 0.358324 0.383792 0.043998 0.176806 0.706733
0 0.418541 0.608346 0.0438849 0.212988 0.698265
0 0.4173 0.452929 0.0303456 0.169953 0.629812
0 0.555346 0.463985 0.0371532 0.215124 0.60808
0 0.584107 0.607508 0.0575408 0.21463 0.518497
0 0.276547 0.345242 0.0368181 0.163157 0.506376
0 0.291897 0.430252 0.0489192 0.166068 0.461493
0 0.241191 0.317752 0.0394356 0.163921 0.443752
0 0.287005 0.223706 0.024385 0.054696 0.354301
0 0.200923 0.249941 0.0245961 0.0482521 0.345964
0 0.341022 0.209052 0.0298666 0.0560633 0.309307
0 0.806968 0.429051 0.0257225 0.159864 0.274468
0 0.244675 0.199251 0.0226983 0.0985447 0.261382
0 0.0637757 0.242187 0.0236085 0.086234 0.259025
0 0.414098 0.18752 0.0226025 0.0465024 0.258951
