0 0.226358 0.308586 0.0300001 0.13164 0.86636
0 0.296607 0.350163 0.0305496 0.137962 0.711543
0 0.205394 0.450963 0.0435208 0.167812 0.708503
0 0.683327 0.535096 0.0399828 0.19096 0.609438
0 0.314144 0.256476 0.0238628 0.144703 0.55559
0 0.408143 0.494742 0.0533419 0.185554 0.461994
0 0.818748 0.771268 0.0377666 0.123739 0.458946
0 0.477766 0.38336 0.0639819 0.101463 0.390941
0 0.272228 0.200319 0.0216843 0.0480245 0.356677
0 0.389561 0.366736 0.0399301 0.0984164 0.32685
0 0.868423 0.5397 0.026738 0.0858003 0.307141
0 0.898886 0.910165 0.0352806 0.0982559 0.283163
0 0.750449 0.762037 0.0367685 0.127413 0.276411
0 0.238606 0.225405 0.0261309 0.0841292 0.259077
