0 0.708109 0.568369 0.0557741 0.132913 0.808754
0 0.518251 0.323516 0.0393481 0.145502 0.674652
0 0.594279 0.608405 0.052998 0.182214 0.670194
0 0.62133 0.244978 0.031428 0.124107 0.664649
0 0.443105 0.354077 0.0535667 0.136288 0.636151
0 0.761055 0.315573 0.0415333 0.131545 0.613126
0 0.624996 0.390872 0.0438454 0.169104 0.574779
0 0.388651 0.832074 0.034979 0.0782845 0.535211
0 0.937177 0.239223 0.022267 0.0436768 0.432146
0 0.381874 0.458533 0.0420403 0.206736 0.402728
0 0.767484 0.194682 0.0227066 0.0468204 0.386067
0 0.423957 0.742062 0.0359785 0.165036 0.383541
0 0.800851 0.203916 0.0270554 0.0540558 0.358971
0 0.873337 0.219496 0.0259163 0.0528065 0.326151
0 0.741099 0.192782 0.0219022 0.0451838 0.290563
0 0.79243 0.279696 0.0225153 0.143503 0.283209
0 0.49472 0.602057 0.0510487 0.212785 0.281312
0 0.695572 0.200719 0.0217014 0.114816 0.254663
