0 0.578933 0.422686 0.0397507 0.172295 0.807542
0 0.320856 0.36676 0.0324276 0.148838 0.681262
0 0.21727 0.302367 0.0303593 0.135472 0.629488
0 0.209532 0.45707 0.0454149 0.173216 0.622425
0 0.384934 0.48477 0.0324908 0.211157 0.567593
0 0.313414 0.241703 0.0223117 0.148122 0.539418
0 0.655839 0.45763 0.0439846 0.149375 0.484368
0 0.384895 0.464058 0.0281683 0.167443 0.469484
0 0.492481 0.343674 0.0576568 0.170368 0.433657
0 0.415096 0.456881 0.0394933 0.187176 0.366647
0 0.414818 0.416995 0.0408453 0.111599 0.360198
0 0.74051 0.850135 0.0407967 0.107761 0.262982
0 0.820627 0.749139 0.0361168 0.115728 0.261632
0 0.193065 0.848629 0.0596586 0.239351 0.260662
0 0.0397965 0.245075 0.0228923 0.0427 0.26058
0 0.386845 0.518261 0.0361115 0.142091 0.255746
