0 0.413422 0.558428 0.0721514 0.169915 0.866466
0 0.529338 0.770942 0.0651955 0.209322 0.622663
0 0.542515 0.320969 0.0510315 0.120755 0.609863
0 0.613376 0.638478 0.0518942 0.189639 0.60074
0 0.0492574 0.637034 0.0753189 0.174489 0.575906
0 0.915939 0.724221 0.0528292 0.188318 0.560394
0 0.649787 0.420654 0.0426608 0.136365 0.531535
0 0.340535 0.266139 0.0178902 0.112053 0.414325
0 0.231528 0.830048 0.0323537 0.213201 0.39948
0 0.330723 0.278733 0.0407016 0.131489 0.350122
0 0.33421 0.674357 0.0403672 0.208862 0.308665
