0 0.513721 0.354462 0.0251931 0.136299 0.648904
0 0.636686 0.576083 0.0474522 0.199817 0.621181
0 0.347105 0.577226 0.0358357 0.200044 0.579552
0 0.369692 0.393747 0.0403414 0.129454 0.576589
0 0.71678 0.736039 0.0590864 0.18997 0.515246
0 0.481965 0.330232 0.0219816 0.147328 0.498323
0 0.476127 0.495484 0.0322835 0.149861 0.413407
0 0.431687 0.216381 0.0231405 0.0646685 0.401728
0 0.413917 0.424454 0.0408619 0.132476 0.378603
0 0.221825 0.680631 0.0480191 0.207565 0.368493
0 0.443404 0.591551 0.0394777 0.193676 0.31466
0 0.0900943 0.348207 0.0250262 0.0560175 0.268037
0 0.838216 0.843602 0.031905 0.126122 0.264725
