0 0.510935 0.448147 0.0518567 0.195968 0.727395
0 0.615978 0.526843 0.0610464 0.209767 0.621452
0 0.368755 0.332791 0.05641 0.172686 0.611862
0 0.26276 0.223159 0.0264223 0.0538928 0.592268
0 0.532337 0.336366 0.0304107 0.179241 0.591988
0 0.916886 0.624576 0.0426884 0.221971 0.552405
0 0.573765 0.253895 0.026119 0.0690145 0.474265
0 0.987158 0.677715 0.0251008 0.108859 0.440627
0 0.403453 0.1858 0.0300904 0.055194 0.435697
0 0.282123 0.163809 0.0210611 0.0593461 0.42879
0 0.264897 0.172369 0.0204857 0.0634915 0.366384
0 0.389742 0.132701 0.0246852 0.0776364 0.348004
0 0.595201 0.452889 0.0402638 0.147886 0.342999
0 0.0623623 0.199019 0.0314234 0.0778263 0.316387
0 0.766804 0.352854 0.0300611 0.0944921 0.313812
0 0.587804 0.378014 0.0392147 0.136058 0.311366
0 0.23078 0.303109 0.0225365 0.182303 0.31132
0 0.81813 0.907939 0.0512141 0.172489 0.30934
0 0.375657 0.18686 0.0252572 0.0649079 0.275349
0 0.910173 0.943118 0.0465523 0.104222 0.274117
0 0.989789 0.671509 0.0197544 0.0958143 0.271647
0 0.597793 0.376405 0.0580075 0.145587 0.262912
0 0.531094 0.30754 0.026074 0.119504 0.254661
0 0.430041 0.182853 0.0204475 0.0442762 0.253061
