0 0.833396 0.418582 0.0465212 0.167648 0.640065
0 0.71557 0.507008 0.0482956 0.183683 0.610723
0 0.315197 0.702846 0.0508435 0.162912 0.600716
0 0.90768 0.327716 0.0368614 0.180936 0.592017
0 0.428945 0.603649 0.0432601 0.170403 0.586822
0 0.570349 0.165486 0.0223122 0.0404891 0.572924
0 0.733542 0.313139 0.0395102 0.111307 0.501206
0 0.674548 0.309681 0.0320238 0.132587 0.498096
0 0.444054 0.346079 0.0309038 0.159022 0.468094
0 0.782311 0.434626 0.0380682 0.175212 0.454178
0 0.88221 0.244924 0.0241947 0.0483853 0.422361
0 0.664689 0.185329 0.0223275 0.0514546 0.420555
0 0.497958 0.82935 0.0443705 0.0990903 0.373619
0 0.64371 0.519926 0.0349868 0.19908 0.359868
0 0.484288 0.409121 0.0357785 0.183674 0.263722
