0 0.535591 0.789524 0.0443334 0.185515 0.67096
0 0.977558 0.354468 0.0420817 0.171809 0.656815
0 0.797507 0.382631 0.0376025 0.147067 0.654108
0 0.74485 0.411482 0.0369089 0.158795 0.631603
0 0.690426 0.35867 0.0399309 0.156362 0.579849
0 0.525277 0.682434 0.0775255 0.147324 0.525928
0 0.495734 0.358421 0.0376685 0.179996 0.472616
0 0.655912 0.572469 0.0503043 0.190761 0.448207
0 0.481196 0.303324 0.037651 0.157653 0.419195
0 0.711155 0.641938 0.0427671 0.217186 0.416008
0 0.500867 0.834823 0.0421057 0.0907711 0.40014
0 0.60313 0.155869 0.0240211 0.0445747 0.386858
0 0.922595 0.238965 0.0280957 0.0474094 0.373648
0 0.431302 0.850644 0.0371712 0.0568532 0.302459
0 0.8673 0.180414 0.0223373 0.0645926 0.264529
0 0.538163 0.751668 0.0375483 0.105946 0.256408
