0 0.88449 0.322097 0.029015 0.159105 0.642256
0 0.781826 0.4203 0.0555758 0.144343 0.60129
0 0.408641 0.594736 0.0353776 0.171071 0.543047
0 0.666634 0.314493 0.0328562 0.131516 0.535467
0 0.986243 0.277385 0.0265971 0.0550221 0.499009
0 0.86167 0.245014 0.0276182 0.0515309 0.466569
0 0.82299 0.235385 0.0287792 0.0438953 0.442837
0 0.476994 0.826779 0.0402796 0.099118 0.43928
0 0.848079 0.422443 0.0323254 0.160986 0.417462
0 0.423223 0.383197 0.0326624 0.158286 0.410235
0 0.578514 0.458859 0.0387701 0.156004 0.403093
0 0.472642 0.450127 0.0423527 0.203 0.39458
0 0.328709 0.812752 0.0392518 0.130038 0.383606
0 0.622097 0.488448 0.0803036 0.171148 0.333461
0 0.358357 0.822124 0.0299738 0.10862 0.310722
0 0.789291 0.228892 0.0284994 0.0465416 0.293178
0 0.893552 0.465043 0.011192 0.0165297 0.25314
