0 0.490808 0.393905 0.0479078 0.135626 0.64108
0 0.796914 0.408921 0.0309437 0.145033 0.568725
0 0.577666 0.351298 0.0320757 0.163257 0.535346
0 0.72103 0.308116 0.0291611 0.145918 0.51667
0 0.800259 0.405898 0.0243547 0.127556 0.515971
0 0.673985 0.316143 0.0222823 0.143378 0.506935
0 0.447177 0.76942 0.0570045 0.220024 0.466168
0 0.869546 0.278858 0.0265305 0.0443402 0.441179
0 0.804673 0.256904 0.0220834 0.049163 0.319649
0 0.516303 0.443988 0.0454951 0.172517 0.311569
0 0.687625 0.228908 0.0230047 0.0535475 0.285106
0 0.438937 0.831812 0.044289 0.0988819 0.282191
0 0.834418 0.268034 0.030608 0.0513925 0.268524
0 0.190359 0.505416 0.0248395 0.0858761 0.258306
0 0.437461 0.365279 0.0228117 0.0931213 0.253097
0 0.208254 0.533879 0.0464051 0.134213 0.25272
