0 0.895165 0.318989 0.030802 0.165147 0.829191
0 0.844881 0.432945 0.0596298 0.152101 0.703692
0 0.725366 0.312059 0.0391262 0.12118 0.672154
0 0.435108 0.353867 0.0324047 0.156923 0.583115
0 0.790303 0.423216 0.0401819 0.143958 0.571693
0 0.872162 0.243714 0.0268532 0.0507775 0.515629
0 0.614796 0.473802 0.0390649 0.162986 0.513036
0 0.481728 0.424074 0.0373951 0.197422 0.452508
0 0.78955 0.450462 0.0398341 0.0948114 0.445506
0 0.489574 0.829303 0.043267 0.101009 0.440651
0 0.400933 0.849146 0.0368624 0.0549617 0.389226
0 0.311316 0.69117 0.0391688 0.202858 0.352024
0 0.680123 0.489824 0.0887852 0.183298 0.341422
0 0.832064 0.234311 0.0263222 0.0412335 0.312969
0 0.657208 0.185794 0.0212599 0.0457493 0.311036
0 0.991931 0.276767 0.015498 0.0466145 0.300512
0 0.788637 0.397715 0.0359695 0.0939912 0.287319
0 0.335568 0.820899 0.0391747 0.119162 0.283379
0 0.794512 0.457891 0.0347716 0.0708244 0.269111
0 0.562541 0.166798 0.0213691 0.0411962 0.268473
0 0.867348 0.193456 0.020702 0.0824739 0.268424
