0 0.227732 0.098967 0.0290292 0.061931 0.560126
0 0.195987 0.21385 0.0439661 0.18204 0.511153
0 0.265418 0.0910773 0.0248789 0.0463789 0.486081
0 0.524962 0.375589 0.0487016 0.221443 0.45462
0 0.29742 0.158389 0.0279788 0.177885 0.429762
0 0.968773 0.529455 0.0574404 0.115341 0.41616
0 0.308977 0.834156 0.0511436 0.10235 0.36579
0 0.593093 0.290823 0.0237098 0.141134 0.354883
0 0.464425 0.580848 0.0672975 0.240526 0.338486
0 0.882902 0.735671 0.0350374 0.144691 0.334088
0 0.878274 0.465816 0.0381862 0.209798 0.324275
0 0.861563 0.811855 0.0322903 0.122118 0.313406
0 0.825541 0.733639 0.0384046 0.117705 0.303471
0 0.584096 0.292866 0.0559309 0.193552 0.298985
0 0.788 0.83847 0.0464846 0.113586 0.294878
0 0.886754 0.84383 0.0528576 0.118427 0.293679
0 0.47416 0.270931 0.0338831 0.200683 0.290251
0 0.268609 0.0392799 0.0212109 0.0661869 0.286006
0 0.526535 0.18601 0.0304152 0.154431 0.283828
0 0.402201 0.0516755 0.0264729 0.0504027 0.280713
0 0.246695 0.0567959 0.029063 0.105003 0.264713
0 0.429242 0.0471997 0.0232786 0.0467036 0.264082
