0 0.381431 0.721125 0.0458594 0.11541 0.826418
0 0.798164 0.406508 0.0292107 0.162249 0.77381
0 0.663103 0.53331 0.0577917 0.173393 0.771871
0 0.752308 0.554358 0.0430656 0.172275 0.652915
0 0.757526 0.405555 0.0369978 0.151823 0.564712
0 0.928566 0.330827 0.044735 0.170569 0.545822
0 0.45965 0.320849 0.0287371 0.158605 0.526064
0 0.439688 0.620899 0.044909 0.159334 0.457881
0 0.375796 0.818094 0.0378791 0.117286 0.404891
0 0.675642 0.320037 0.047324 0.151717 0.403182
0 0.853924 0.230465 0.0275857 0.0446687 0.392996
0 0.732634 0.937732 0.0288581 0.124536 0.368654
0 0.415803 0.850299 0.037722 0.0587146 0.361873
0 0.742576 0.302055 0.0371479 0.108107 0.351969
0 0.511458 0.144564 0.0205332 0.0402364 0.345546
0 0.923948 0.247556 0.0192247 0.0509603 0.333255
0 0.490454 0.389527 0.0386444 0.191221 0.328099
0 0.580807 0.159645 0.0223912 0.0424223 0.32521
0 0.674837 0.179431 0.0208273 0.0529792 0.303591
0 0.505252 0.827861 0.0431285 0.0970707 0.302697
0 0.89473 0.239772 0.0256349 0.0486826 0.294668
0 0.272769 0.836117 0.0342456 0.0905856 0.250508
