0 0.431845 0.363415 0.0225269 0.13018 0.699076
0 0.0612731 0.937983 0.0386519 0.124034 0.573303
0 0.142923 0.483162 0.0297325 0.118862 0.536341
0 0.294516 0.522137 0.0472213 0.152381 0.526046
0 0.322083 0.821452 0.0306134 0.118401 0.500583
0 0.373314 0.313155 0.0340333 0.121678 0.473332
0 0.744084 0.772408 0.0143096 0.0442167 0.436671
0 0.559161 0.369854 0.0434125 0.131087 0.436163
0 0.477562 0.523759 0.0584191 0.17086 0.429362
0 0.421694 0.557809 0.0295643 0.155202 0.40043
0 0.740094 0.677462 0.0441835 0.173829 0.395495
0 0.545306 0.246302 0.0260171 0.101576 0.375045
0 0.671148 0.575177 0.0350338 0.186352 0.359857
0 0.56521 0.371825 0.0305014 0.127937 0.279183
0 0.120693 0.542013 0.00832915 0.0254368 0.277786
