0 0.479717 0.406475 0.0499493 0.215822 0.716609
0 0.466292 0.291867 0.0354208 0.202215 0.691171
0 0.188927 0.50062 0.0426317 0.219231 0.682771
0 0.197192 0.254817 0.0410614 0.172828 0.64238
0 0.584014 0.354759 0.0274207 0.17606 0.532875
0 0.469567 0.254122 0.0306027 0.132719 0.448416
0 0.236024 0.119817 0.0267896 0.0585822 0.42327
0 0.508531 0.227613 0.0402763 0.155364 0.415625
0 0.314941 0.176088 0.0252919 0.160027 0.397674
0 0.459333 0.338582 0.0238208 0.107234 0.31536
0 0.855185 0.474259 0.0403004 0.184889 0.315322
0 0.067778 0.165846 0.0257693 0.0532434 0.29407
0 0.92956 0.511557 0.0442074 0.0781175 0.288752
0 0.217249 0.820101 0.0618438 0.221137 0.25985
