0 0.756976 0.580475 0.0717218 0.191458 0.702928
0 0.476468 0.622904 0.040579 0.152852 0.636202
0 0.501356 0.366364 0.0333718 0.171031 0.613167
0 0.785603 0.395161 0.036907 0.149637 0.578713
0 0.474439 0.316166 0.0193094 0.160314 0.538875
0 0.660684 0.530736 0.0559149 0.181966 0.514564
0 0.682474 0.335657 0.0458733 0.156574 0.492422
0 0.949116 0.339412 0.0301335 0.164466 0.437668
0 0.727744 0.416157 0.0655748 0.169132 0.437581
0 0.453829 0.773517 0.0545923 0.179594 0.410075
0 0.502363 0.829473 0.0406959 0.0888107 0.405162
0 0.904992 0.240421 0.02412 0.0452292 0.396291
0 0.736175 0.939558 0.0397431 0.120885 0.393826
0 0.934805 0.246056 0.0238079 0.0465899 0.345626
0 0.279481 0.838037 0.0319766 0.100614 0.340026
0 0.863534 0.231005 0.0275171 0.0391772 0.338684
0 0.684196 0.179063 0.0206854 0.0479568 0.294226
