0 0.864744 0.33807 0.0418087 0.160022 0.817266
0 0.816638 0.420663 0.0294876 0.141107 0.749635
0 0.717444 0.428369 0.052892 0.13254 0.66757
0 0.667002 0.305077 0.0207531 0.152839 0.661931
0 0.437598 0.438364 0.0265275 0.169485 0.620259
0 0.25443 0.790426 0.0340474 0.142677 0.580599
0 0.453055 0.458464 0.0289328 0.188917 0.556111
0 0.510989 0.601748 0.0707314 0.202364 0.482496
0 0.570698 0.339143 0.0289429 0.152811 0.449197
0 0.42622 0.831392 0.0367228 0.146383 0.419494
0 0.52534 0.857529 0.0290893 0.0990307 0.364087
0 0.284127 0.840487 0.0316958 0.144979 0.345444
0 0.870946 0.259889 0.0200722 0.040276 0.339043
0 0.186538 0.832042 0.0308495 0.0849809 0.290455
0 0.321024 0.854194 0.0379205 0.101974 0.279825
0 0.393321 0.87142 0.0367064 0.0690643 0.277467
0 0.328437 0.575025 0.0369531 0.164244 0.275474
0 0.0992901 0.753018 0.0320294 0.0852483 0.269904
0 0.839286 0.247578 0.0238133 0.047213 0.260205
0 0.272393 0.641938 0.0508745 0.182334 0.259257
