0 0.561906 0.622986 0.047847 0.186566 0.686812
0 0.807903 0.427679 0.023861 0.159648 0.655685
0 0.277042 0.639105 0.0553063 0.197371 0.640558
0 0.475483 0.839695 0.0276873 0.0810717 0.596126
0 0.306623 0.562152 0.0379394 0.163223 0.562683
0 0.422578 0.458328 0.0235382 0.183391 0.509684
0 0.227385 0.811034 0.037754 0.168814 0.474397
0 0.550575 0.342318 0.0316565 0.148212 0.465166
0 0.672088 0.308372 0.0235985 0.135185 0.4496
0 0.702633 0.436912 0.0488258 0.140149 0.44278
0 0.404861 0.442479 0.0244352 0.167785 0.397817
0 0.670427 0.34606 0.0223121 0.0614271 0.388215
0 0.83129 0.253247 0.0212402 0.044892 0.373691
0 0.804341 0.43863 0.0302844 0.154549 0.329992
0 0.854941 0.352513 0.0438934 0.149788 0.317508
0 0.067619 0.762388 0.0363922 0.0899956 0.316713
0 0.259893 0.828584 0.0344192 0.104396 0.307409
0 0.431197 0.17551 0.0208927 0.0400249 0.286448
0 0.291903 0.855919 0.0355709 0.108133 0.255005
0 0.500615 0.520961 0.0531962 0.174748 0.252472
