0 0.59594 0.32847 0.0463885 0.12459 0.850686
0 0.694621 0.434796 0.051347 0.155648 0.717848
0 0.924172 0.805493 0.0529436 0.186004 0.712071
0 0.296751 0.829117 0.0291241 0.137792 0.578955
0 0.0460234 0.631283 0.0711955 0.174264 0.520603
0 0.415337 0.53688 0.0663415 0.1755 0.493
0 0.529329 0.24203 0.0264382 0.104705 0.425403
0 0.632255 0.650181 0.0636403 0.206289 0.380397
0 0.317022 0.636153 0.0366059 0.19811 0.344166
0 0.532434 0.277353 0.0170988 0.040803 0.276462
0 0.505977 0.776134 0.0799078 0.190617 0.264714
