0 0.68773 0.55631 0.0670079 0.144749 0.851729
0 0.61612 0.236033 0.0333587 0.149471 0.692919
0 0.413093 0.738121 0.0380774 0.17369 0.588875
0 0.446618 0.349089 0.0461887 0.139729 0.554088
0 0.648102 0.166173 0.0236027 0.0508128 0.519853
0 0.867284 0.219544 0.0253719 0.0533556 0.514272
0 0.755472 0.315154 0.041756 0.139619 0.48496
0 0.429261 0.815758 0.0453839 0.115111 0.475544
0 0.620779 0.409466 0.0359419 0.161584 0.472695
0 0.600739 0.581959 0.0561178 0.18292 0.472522
0 0.385736 0.833931 0.0340823 0.0823097 0.461188
0 0.50522 0.320193 0.0436605 0.144087 0.46024
0 0.382484 0.426588 0.0313938 0.189995 0.449774
0 0.473755 0.579226 0.0486946 0.174836 0.433406
0 0.778026 0.296666 0.0227784 0.113934 0.418785
0 0.793722 0.203481 0.0275619 0.0541509 0.395648
0 0.765757 0.199293 0.0172164 0.0463678 0.361131
0 0.930461 0.239103 0.0221466 0.0445748 0.333154
0 0.825347 0.213552 0.0263573 0.0443705 0.267289
0 0.759865 0.197556 0.0184605 0.0420396 0.252334
