0 0.798697 0.406353 0.0291775 0.157607 0.809272
0 0.663237 0.533661 0.057084 0.172774 0.802758
0 0.751337 0.548952 0.0425316 0.17987 0.706277
0 0.758193 0.406138 0.0364763 0.15016 0.603114
0 0.926635 0.331773 0.0459576 0.171725 0.578737
0 0.440068 0.619 0.0412291 0.154436 0.554124
0 0.378066 0.716744 0.0417058 0.103421 0.533726
0 0.676156 0.319674 0.0484979 0.148751 0.43538
0 0.389136 0.717465 0.061559 0.106881 0.434922
0 0.458986 0.323215 0.0313171 0.158841 0.420429
0 0.49106 0.390026 0.0372822 0.191255 0.41897
0 0.732474 0.937819 0.0288524 0.124362 0.416728
0 0.853476 0.230636 0.0269516 0.0441922 0.398792
0 0.415344 0.849942 0.0376925 0.0571975 0.348142
0 0.580434 0.159966 0.022324 0.0418121 0.331688
0 0.742825 0.301776 0.0373834 0.109106 0.317362
0 0.894543 0.239559 0.0254244 0.0495103 0.280185
0 0.505111 0.827651 0.0438293 0.0974379 0.279577
0 0.674893 0.179401 0.0204504 0.0538174 0.275784
0 0.272236 0.836134 0.0341274 0.0901126 0.254482
0 0.510798 0.144631 0.0200461 0.039638 0.253743
