0 0.18044 0.502985 0.0457953 0.177127 0.695886
0 0.300972 0.271388 0.0221392 0.150728 0.623108
0 0.400658 0.300375 0.0368731 0.134813 0.581589
0 0.280568 0.347177 0.03694 0.158622 0.572871
0 0.539576 0.402546 0.0393929 0.159379 0.567548
0 0.223028 0.225312 0.0285983 0.0589614 0.535465
0 0.212557 0.323935 0.0350842 0.161681 0.521313
0 0.543759 0.532399 0.0361156 0.1725 0.481378
0 0.800728 0.560437 0.0261696 0.147965 0.469339
0 0.349945 0.440315 0.0625809 0.1997 0.415368
0 0.674458 0.696144 0.0467966 0.250121 0.366978
0 0.257718 0.216252 0.0212137 0.042059 0.341627
0 0.498733 0.360396 0.0455965 0.16553 0.324381
0 0.73314 0.887928 0.0311292 0.118318 0.316531
0 0.37844 0.179485 0.0247922 0.0469695 0.308459
0 0.774617 0.480329 0.0250257 0.104452 0.276257
0 0.74004 0.791049 0.0355293 0.152608 0.25801
