0 0.755642 0.350396 0.0328087 0.143045 0.713122
0 0.584543 0.436841 0.0519667 0.105771 0.630154
0 0.428719 0.740151 0.0413607 0.1771 0.57579
0 0.580865 0.451372 0.0435068 0.13405 0.551727
0 0.541684 0.309731 0.0271771 0.123313 0.540151
0 0.621771 0.25531 0.0329638 0.152091 0.52805
0 0.707902 0.277564 0.0284893 0.137673 0.481605
0 0.423858 0.556118 0.0387828 0.216111 0.479692
0 0.830477 0.234134 0.0234909 0.0431432 0.46
0 0.655642 0.186471 0.0235295 0.0462324 0.40549
0 0.47286 0.353032 0.0588062 0.131328 0.404829
0 0.417131 0.409694 0.0275807 0.159835 0.357272
0 0.872259 0.243755 0.0264641 0.0497973 0.342334
0 0.416562 0.370857 0.0286992 0.093225 0.333879
0 0.798441 0.225426 0.0289783 0.0508577 0.301327
0 0.442902 0.819334 0.0500292 0.114267 0.29986
0 0.493363 0.151039 0.0208775 0.0439338 0.269233
0 0.171026 0.320847 0.02415 0.0710529 0.266613
0 0.768038 0.218292 0.0238214 0.0438568 0.259191
