0 0.633595 0.221079 0.027364 0.126305 0.817803
0 0.67899 0.319571 0.0450455 0.1441 0.746477
0 0.788741 0.436023 0.0707064 0.158196 0.719138
0 0.407065 0.82826 0.0283345 0.126921 0.683085
0 0.058334 0.611774 0.0496512 0.160646 0.652548
0 0.92358 0.911142 0.109516 0.176309 0.627844
0 0.572838 0.233863 0.0290476 0.104873 0.583386
0 0.11847 0.806909 0.0388145 0.150044 0.48673
0 0.330919 0.539827 0.0517385 0.142501 0.456453
0 0.722779 0.561433 0.18884 0.176664 0.4446
0 0.441769 0.490798 0.0437441 0.173512 0.414537
0 0.147426 0.838189 0.0452678 0.101387 0.410898
0 0.48854 0.764058 0.0404675 0.1795 0.371166
0 0.419104 0.284516 0.0241884 0.134478 0.370961
0 0.325246 0.554018 0.0569527 0.1697 0.367506
0 0.411916 0.156129 0.0224469 0.0950015 0.353045
0 0.415692 0.289433 0.0338984 0.14443 0.349641
0 0.0765705 0.783638 0.0411292 0.181204 0.313654
0 0.681675 0.65286 0.0539886 0.206889 0.266714
