0 0.252933 0.262467 0.0497962 0.19956 0.779312
0 0.489688 0.358182 0.0383196 0.211832 0.62772
0 0.803433 0.940004 0.0589535 0.119993 0.530133
0 0.439123 0.79859 0.0514713 0.153763 0.513907
0 0.436805 0.575659 0.0473329 0.212519 0.45352
0 0.222264 0.168785 0.0303284 0.0676046 0.44228
0 0.891511 0.56216 0.0345128 0.176379 0.435459
0 0.575696 0.412439 0.033002 0.254502 0.36542
0 0.981523 0.634771 0.0359739 0.107043 0.352642
0 0.282108 0.102652 0.0203216 0.0582652 0.338782
0 0.706746 0.304846 0.0308771 0.0723117 0.328928
0 0.264421 0.112467 0.0190982 0.0660208 0.32277
0 0.60014 0.371456 0.0339117 0.170072 0.278259
0 0.432151 0.11582 0.0236259 0.0505078 0.269077
0 0.544534 0.351622 0.0312995 0.18526 0.251572
