0 0.464906 0.654461 0.0605272 0.213376 0.609591
0 0.796009 0.6482 0.038497 0.174605 0.573419
0 0.0828627 0.486209 0.0372295 0.186963 0.567216
0 0.348233 0.456902 0.0361257 0.16867 0.55944
0 0.430133 0.568178 0.0458969 0.199439 0.542094
0 0.421431 0.42079 0.035381 0.180188 0.502096
0 0.0178566 0.808255 0.0290454 0.256739 0.479362
0 0.0846592 0.345971 0.0218323 0.050239 0.454521
0 0.230344 0.307654 0.0225327 0.0395408 0.437006
0 0.276868 0.365269 0.0253527 0.166903 0.382161
0 0.413842 0.287652 0.0209882 0.116291 0.372051
0 0.193927 0.312958 0.0270221 0.0604573 0.353192
0 0.820914 0.91319 0.0423352 0.130262 0.308792
0 0.743085 0.902521 0.034948 0.122399 0.292295
0 0.389257 0.257894 0.0264137 0.0493268 0.289002
0 0.871891 0.862303 0.0437098 0.129925 0.268003
