0 0.419242 0.606916 0.0388467 0.214033 0.679714
0 0.288181 0.343889 0.0359896 0.158633 0.674631
0 0.414671 0.440006 0.0323929 0.14638 0.628951
0 0.362753 0.387102 0.040554 0.176951 0.595984
0 0.242402 0.317889 0.0398734 0.169878 0.562666
0 0.202253 0.252677 0.025851 0.046965 0.479719
0 0.551642 0.47618 0.038677 0.20241 0.434917
0 0.34112 0.208753 0.029579 0.0613227 0.334753
0 0.582646 0.610877 0.0611545 0.214374 0.320496
0 0.303824 0.431069 0.0513444 0.167169 0.313842
0 0.0655836 0.23938 0.0253107 0.0889206 0.29435
0 0.806498 0.43123 0.025415 0.153957 0.269673
0 0.288555 0.230864 0.0257097 0.0683312 0.265661
0 0.202996 0.195949 0.0196425 0.0881488 0.253641
