0 0.196945 0.212744 0.0444192 0.18259 0.792199
0 0.292707 0.16198 0.0403359 0.158567 0.777832
0 0.466113 0.563999 0.0554627 0.213004 0.674115
0 0.0862313 0.523214 0.0389153 0.233704 0.662719
0 0.226917 0.098905 0.0284917 0.0653505 0.566397
0 0.882709 0.484481 0.0315293 0.174488 0.516492
0 0.331262 0.829168 0.0582173 0.0975399 0.397146
0 0.265141 0.0904649 0.0252142 0.0470319 0.386364
0 0.527221 0.188964 0.0277481 0.150017 0.323884
0 0.885787 0.738448 0.0354358 0.143808 0.302018
0 0.430407 0.0459757 0.0224158 0.0459691 0.296077
0 0.267943 0.0381241 0.0207981 0.0615322 0.294382
0 0.442798 0.741627 0.0551707 0.271014 0.293061
0 0.939429 0.481637 0.0411319 0.118373 0.278985
0 0.581168 0.289643 0.0603884 0.191254 0.274217
0 0.801182 0.743331 0.0416477 0.158163 0.274046
0 0.787684 0.844021 0.050981 0.113947 0.270468
0 0.402411 0.0503465 0.0268154 0.0502647 0.269575
0 0.109887 0.128555 0.0247757 0.0527769 0.26802
0 0.246916 0.0511853 0.0286899 0.094578 0.262585
0 0.828553 0.731695 0.0380523 0.110026 0.250521
