0 0.805499 0.413796 0.0244869 0.125881 0.740651
0 0.580002 0.360749 0.0339125 0.153782 0.672942
0 0.484886 0.39912 0.0340914 0.137383 0.669321
0 0.678423 0.330802 0.0212103 0.137736 0.618096
0 0.724927 0.310844 0.028717 0.142799 0.578796
0 0.452184 0.772445 0.056106 0.215555 0.545831
0 0.513964 0.448638 0.0559146 0.170634 0.514885
0 0.873381 0.279531 0.0280304 0.0475578 0.510227
0 0.214133 0.539371 0.0388645 0.167148 0.421381
0 0.840042 0.271298 0.0294823 0.0504814 0.380587
0 0.801353 0.412912 0.0298055 0.140566 0.379096
0 0.440355 0.83264 0.040683 0.0942881 0.36906
0 0.192152 0.51034 0.0226944 0.0865648 0.355313
0 0.41876 0.474311 0.0394224 0.201247 0.349617
0 0.691843 0.229618 0.0223751 0.0488811 0.302121
0 0.915406 0.290926 0.0260677 0.0472185 0.282579
0 0.437334 0.374202 0.0294968 0.111874 0.276837
