0 0.501675 0.364797 0.0336147 0.169101 0.644864
0 0.785195 0.394145 0.037603 0.149426 0.617986
0 0.759675 0.581263 0.0668756 0.194468 0.607221
0 0.682533 0.334992 0.0448637 0.151946 0.511612
0 0.502128 0.830181 0.0404276 0.0912433 0.501784
0 0.726905 0.416856 0.0645687 0.164004 0.490815
0 0.450703 0.774239 0.0433279 0.172777 0.488886
0 0.948764 0.340531 0.0318377 0.16264 0.482572
0 0.474761 0.31662 0.0199755 0.160562 0.476185
0 0.90547 0.240853 0.0247883 0.0452786 0.452259
0 0.736384 0.939845 0.0397018 0.120309 0.45033
0 0.478916 0.617608 0.0428677 0.138289 0.449165
0 0.66178 0.5309 0.0577434 0.182343 0.416641
0 0.864498 0.230823 0.0277226 0.0426971 0.412831
0 0.935472 0.245785 0.0243058 0.0474858 0.374204
0 0.684562 0.176841 0.0202868 0.0522057 0.327062
0 0.279767 0.837586 0.032581 0.100207 0.322198
0 0.769494 0.322152 0.0112822 0.0601217 0.291289
0 0.118714 0.474679 0.029602 0.0704993 0.255998
