0 0.238213 0.450426 0.0427724 0.177322 0.734318
0 0.849688 0.625788 0.0407091 0.223422 0.681311
0 0.198543 0.363536 0.0331828 0.158051 0.546012
0 0.32638 0.364276 0.0431535 0.179806 0.508555
0 0.438485 0.460985 0.0339769 0.205246 0.458369
0 0.849898 0.656601 0.0388094 0.165666 0.395228
0 0.393773 0.596957 0.0427151 0.20885 0.360251
0 0.830878 0.482272 0.0434257 0.126496 0.341742
0 0.901175 0.838882 0.05161 0.162136 0.302131
0 0.697941 0.434687 0.0468906 0.113149 0.296159
0 0.323673 0.580449 0.062168 0.1868 0.291705
0 0.0951697 0.147191 0.0187413 0.0555214 0.273454
