0 0.763773 0.320302 0.0433718 0.133283 0.679321
0 0.709462 0.577585 0.0500895 0.132984 0.667443
0 0.595047 0.633374 0.0547455 0.204084 0.657205
0 0.4317 0.742809 0.0387041 0.15869 0.569064
0 0.626645 0.393467 0.0425635 0.178519 0.54717
0 0.391204 0.832939 0.0366356 0.0800417 0.513791
0 0.442761 0.354481 0.0533802 0.132148 0.483107
0 0.62305 0.247122 0.0321883 0.117226 0.470574
0 0.802407 0.298417 0.0415364 0.130247 0.46132
0 0.524351 0.329103 0.0352897 0.154912 0.42928
0 0.800204 0.204424 0.0290897 0.0549082 0.405788
0 0.379764 0.467179 0.040864 0.189832 0.365065
0 0.940927 0.237107 0.0229484 0.0460613 0.348603
0 0.506589 0.613211 0.0597059 0.212076 0.339889
0 0.802601 0.267147 0.0364349 0.176622 0.322674
0 0.835402 0.211558 0.0305773 0.0446649 0.303629
0 0.875768 0.219517 0.0277971 0.0507425 0.296194
0 0.714312 0.574072 0.0309365 0.122875 0.291624
