0 0.221077 0.186862 0.0287417 0.0628537 0.550152
0 0.574741 0.456242 0.030578 0.216022 0.523764
0 0.491524 0.38067 0.0416009 0.205814 0.476209
0 0.895249 0.577289 0.0390316 0.186733 0.460013
0 0.435021 0.804242 0.0517393 0.125889 0.408975
0 0.575397 0.342973 0.0339617 0.155394 0.407536
0 0.428582 0.590054 0.0455504 0.219863 0.379578
0 0.707616 0.324414 0.0298523 0.0707233 0.347525
0 0.282884 0.121898 0.021919 0.0571553 0.34256
0 0.85153 0.935333 0.0438717 0.127518 0.319558
0 0.388715 0.0925025 0.0252149 0.0786936 0.319072
0 0.57428 0.316685 0.0321557 0.100035 0.306037
0 0.96265 0.809759 0.0401531 0.148482 0.301471
0 0.401553 0.144403 0.0293221 0.0550863 0.295226
0 0.263359 0.273117 0.0397075 0.200294 0.293594
0 0.805599 0.949411 0.0554407 0.100757 0.278193
0 0.59894 0.38561 0.026811 0.147746 0.277911
0 0.100643 0.222072 0.0278998 0.0561974 0.259104
0 0.0623797 0.159605 0.0274368 0.0765194 0.255933
0 0.0692792 0.225378 0.0250215 0.0625124 0.25448
