0 0.298845 0.410647 0.0489416 0.158088 0.830179
0 0.781294 0.596024 0.0273049 0.162485 0.621924
0 0.565092 0.553248 0.0306816 0.194249 0.547889
0 0.147937 0.416369 0.0359276 0.174493 0.547801
0 0.387307 0.534602 0.0369234 0.202828 0.48735
0 0.501659 0.63712 0.0448542 0.192802 0.484029
0 0.595824 0.722177 0.0417535 0.235783 0.475004
0 0.248462 0.271682 0.021347 0.0465191 0.458839
0 0.212731 0.279872 0.0255204 0.051562 0.457271
0 0.86472 0.816574 0.0401287 0.136703 0.376204
0 0.372939 0.236217 0.0263999 0.0439675 0.351765
0 0.0722889 0.253585 0.0249024 0.0666852 0.297997
0 0.109184 0.304668 0.0186316 0.0536672 0.277672
0 0.781239 0.570018 0.0316887 0.20111 0.2634
0 0.483523 0.428451 0.0452952 0.177382 0.258406
