0 0.260542 0.223782 0.026221 0.0539364 0.531896
0 0.401618 0.187147 0.0300449 0.0546024 0.466974
0 0.91174 0.631389 0.040817 0.207783 0.457051
0 0.508276 0.432198 0.0603795 0.212283 0.426154
0 0.985911 0.679604 0.0269443 0.108338 0.394358
0 0.43102 0.179086 0.0235057 0.0511825 0.369653
0 0.571382 0.257323 0.0239575 0.0686156 0.36148
0 0.280561 0.165578 0.022448 0.0603675 0.357912
0 0.215277 0.275085 0.0239074 0.146239 0.332719
0 0.345573 0.327038 0.0321887 0.192854 0.326742
0 0.388871 0.135089 0.0257001 0.0807316 0.312982
0 0.227818 0.30306 0.024742 0.18281 0.279899
0 0.764352 0.354038 0.0300517 0.0928726 0.279472
0 0.346368 0.198251 0.029356 0.0592742 0.259108
