0 0.545917 0.791546 0.0535255 0.17788 0.820921
0 0.487216 0.362997 0.0343252 0.146493 0.773583
0 0.68263 0.355353 0.0278163 0.152671 0.640147
0 0.798246 0.384541 0.0382636 0.15681 0.639057
0 0.700455 0.646248 0.0448543 0.213088 0.636673
0 0.745331 0.40366 0.0347675 0.14509 0.624034
0 0.604597 0.153338 0.0245919 0.0479605 0.435718
0 0.980789 0.353363 0.0383596 0.167222 0.399211
0 0.655917 0.58443 0.0537071 0.178425 0.395827
0 0.740911 0.444747 0.0257357 0.0699485 0.394464
0 0.491344 0.349773 0.0375852 0.162647 0.369508
0 0.884722 0.232904 0.030529 0.0406422 0.335169
0 0.924187 0.240383 0.0279122 0.0502326 0.328634
0 0.353664 0.30898 0.0295555 0.138022 0.322447
0 0.640759 0.163362 0.0241408 0.0473511 0.31771
0 0.520389 0.702479 0.0666764 0.168313 0.314102
0 0.4807 0.301133 0.032564 0.151396 0.306098
0 0.700786 0.178948 0.024065 0.0541805 0.298273
0 0.396044 0.821167 0.0356214 0.113964 0.288462
0 0.741975 0.413208 0.0289145 0.123046 0.281345
0 0.529921 0.768792 0.0203203 0.112433 0.271967
0 0.536249 0.694519 0.035437 0.151017 0.271817
