0 0.290717 0.356585 0.0421314 0.163843 0.650528
0 0.194807 0.530098 0.0415429 0.225735 0.623241
0 0.596009 0.60205 0.0446697 0.207127 0.620938
0 0.560632 0.446469 0.0525601 0.196315 0.59809
0 0.349256 0.446672 0.0698962 0.197844 0.577192
0 0.494217 0.35364 0.0450123 0.175236 0.551925
0 0.421556 0.264879 0.0279087 0.147028 0.517578
0 0.565159 0.419102 0.0382068 0.107704 0.470988
0 0.803325 0.540016 0.0460481 0.159989 0.38909
0 0.752651 0.793763 0.0343261 0.150276 0.386633
0 0.823009 0.797124 0.0395741 0.140843 0.34632
0 0.132213 0.247361 0.0181307 0.0498695 0.343388
0 0.740046 0.916603 0.0419401 0.16389 0.339319
0 0.903091 0.93456 0.0372181 0.111094 0.337068
0 0.741039 0.894237 0.0396327 0.118432 0.322882
0 0.311364 0.269132 0.0224772 0.148855 0.322697
0 0.541418 0.380509 0.0331952 0.114436 0.304752
0 0.18623 0.883831 0.0646046 0.232339 0.279257
0 0.873239 0.749159 0.0298157 0.123142 0.270426
0 0.546937 0.345171 0.0154727 0.0474487 0.269787
