0 0.232016 0.456582 0.0493029 0.189756 0.675275
0 0.851774 0.634516 0.0457315 0.206274 0.604187
0 0.445657 0.462369 0.0311787 0.204914 0.426548
0 0.320006 0.359835 0.0372519 0.178869 0.405971
0 0.187822 0.35482 0.0301361 0.183376 0.405604
0 0.831742 0.482774 0.0444233 0.128399 0.37124
0 0.60301 0.424933 0.0367141 0.210317 0.357924
0 0.0562167 0.223148 0.0255246 0.0885382 0.324301
0 0.901875 0.838095 0.0528148 0.161412 0.298012
0 0.392336 0.603245 0.0452581 0.220624 0.297463
0 0.815098 0.410046 0.0257034 0.153404 0.28889
0 0.336725 0.182776 0.0298242 0.0589725 0.255227
