0 0.712636 0.29398 0.0288552 0.151571 0.800856
0 0.572307 0.332681 0.0276241 0.131096 0.676573
0 0.655773 0.307008 0.0318718 0.128953 0.631829
0 0.438277 0.75082 0.0498869 0.186975 0.597154
0 0.541295 0.443069 0.0291681 0.187633 0.547732
0 0.67913 0.219025 0.0224882 0.0519169 0.529168
0 0.790561 0.389684 0.0275659 0.141582 0.526355
0 0.493194 0.378486 0.0436407 0.125971 0.466958
0 0.793588 0.248182 0.023402 0.0492209 0.367584
0 0.898473 0.278017 0.0248821 0.0474705 0.354985
0 0.435222 0.825297 0.0419636 0.0985206 0.306438
0 0.824956 0.257529 0.0275406 0.051524 0.291869
0 0.858707 0.267281 0.0262919 0.0478174 0.29051
0 0.280191 0.86508 0.0306225 0.0869602 0.257248
0 0.352173 0.831355 0.0347922 0.0777185 0.25147
