0 0.830046 0.454444 0.0373651 0.158689 0.619608
0 0.554036 0.387245 0.0356052 0.168592 0.570158
0 0.495145 0.777546 0.0537359 0.201011 0.509684
0 0.718776 0.369225 0.0353033 0.148891 0.484006
0 0.86778 0.28151 0.0296301 0.054472 0.420542
0 0.463169 0.458222 0.0562285 0.171479 0.396274
0 0.834428 0.273604 0.0234714 0.0470197 0.379724
0 0.617464 0.214892 0.0239042 0.0461314 0.34813
0 0.801965 0.26783 0.0298069 0.0487067 0.298199
0 0.654528 0.228571 0.0245127 0.0439748 0.294128
0 0.547201 0.19876 0.0208571 0.0412028 0.288837
0 0.901082 0.291993 0.0280151 0.0474276 0.279758
0 0.905883 0.235865 0.0237991 0.0687205 0.267119
0 0.208449 0.576108 0.0325142 0.191659 0.256452
0 0.448394 0.462765 0.0427048 0.152844 0.255219
