0 0.580652 0.364565 0.0364662 0.153381 0.7478
0 0.681663 0.3329 0.0223218 0.139825 0.715002
0 0.483361 0.403741 0.0298628 0.135858 0.707313
0 0.803539 0.413067 0.0303944 0.142063 0.703204
0 0.514913 0.449476 0.0560727 0.168679 0.676932
0 0.454219 0.773065 0.0558052 0.215715 0.672157
0 0.726476 0.310518 0.0292151 0.147318 0.616457
0 0.874962 0.280273 0.0271557 0.0472881 0.53075
0 0.21663 0.538266 0.0370528 0.162523 0.460571
0 0.809345 0.264748 0.0229363 0.0411029 0.445934
0 0.443502 0.832359 0.0448399 0.0938316 0.435255
0 0.436388 0.367822 0.0276278 0.0958566 0.370224
0 0.193141 0.509579 0.0231258 0.0890446 0.346405
0 0.917743 0.292283 0.0254578 0.0490744 0.332318
0 0.417427 0.469315 0.0442865 0.208385 0.318784
0 0.693948 0.23073 0.0236457 0.0436039 0.315047
0 0.437114 0.421048 0.0304665 0.201256 0.272104
0 0.859191 0.238678 0.0259468 0.069168 0.269553
0 0.842031 0.274501 0.0309998 0.0470958 0.262674
0 0.186005 0.31261 0.0193599 0.0692966 0.258938
