0 0.400926 0.424546 0.0507351 0.120344 0.738813
0 0.439479 0.497215 0.0349028 0.156833 0.724605
0 0.286837 0.633607 0.0354968 0.191837 0.674042
0 0.314133 0.546803 0.0300665 0.128227 0.516123
0 0.754477 0.703425 0.0405573 0.151211 0.486578
0 0.352351 0.388166 0.0407182 0.120076 0.468232
0 0.826433 0.803973 0.030621 0.112364 0.446133
0 0.485919 0.855634 0.0328662 0.0534271 0.416051
0 0.313127 0.531997 0.0267691 0.0986018 0.378578
0 0.521017 0.340288 0.0232366 0.10675 0.377285
0 0.464764 0.574577 0.0434973 0.169737 0.374027
0 0.638196 0.558517 0.048518 0.168637 0.356166
0 0.441275 0.483826 0.0273945 0.129519 0.354754
0 0.328957 0.330682 0.0172252 0.0993786 0.331338
0 0.892209 0.92138 0.0282185 0.0763711 0.313142
0 0.318483 0.283349 0.0205655 0.104726 0.287967
0 0.762334 0.806225 0.0387461 0.118304 0.283489
0 0.808678 0.61073 0.0179959 0.0981698 0.269351
0 0.360374 0.289556 0.0154064 0.0362682 0.25853
