0 0.968686 0.34486 0.0344664 0.164191 0.72694
0 0.686684 0.351805 0.0421725 0.154568 0.649294
0 0.516887 0.68017 0.0570207 0.142104 0.62515
0 0.734121 0.41478 0.0547072 0.169763 0.593346
0 0.74597 0.618334 0.0520878 0.197747 0.581578
0 0.792049 0.382712 0.0374407 0.152437 0.51124
0 0.521234 0.78093 0.0385923 0.143443 0.500352
0 0.499348 0.361532 0.0337469 0.162534 0.479532
0 0.875185 0.229259 0.027948 0.0430039 0.382978
0 0.596839 0.155431 0.0218244 0.042218 0.380826
0 0.518798 0.765777 0.0324637 0.106705 0.364065
0 0.485906 0.311618 0.0399122 0.162216 0.361299
0 0.693901 0.17591 0.0226177 0.0543054 0.304479
0 0.52956 0.789586 0.0540552 0.167058 0.284496
