0 0.916312 0.940047 0.0582012 0.117214 0.934302
0 0.850022 0.457193 0.0524422 0.178786 0.802739
0 0.724056 0.328868 0.0423271 0.154296 0.758841
0 0.339633 0.526944 0.0624726 0.165938 0.755423
0 0.0603082 0.612221 0.0535454 0.17333 0.689979
0 0.472633 0.831277 0.0323883 0.0903602 0.680988
0 0.675778 0.240324 0.0308333 0.109193 0.662889
0 0.460912 0.736289 0.0373798 0.160809 0.501666
0 0.443826 0.479615 0.0612347 0.174677 0.463086
0 0.188752 0.816035 0.0364145 0.155161 0.448312
0 0.432326 0.305284 0.0595051 0.143315 0.426443
0 0.586734 0.266262 0.071662 0.121405 0.413068
0 0.222937 0.850018 0.0433378 0.117816 0.397697
0 0.370743 0.106854 0.0239823 0.0451676 0.357871
0 0.0836879 0.828411 0.0358001 0.0877205 0.351091
0 0.312741 0.855323 0.0348784 0.0766182 0.333834
0 0.471051 0.677897 0.0163881 0.0453874 0.323746
0 0.150469 0.786137 0.0466457 0.194082 0.318827
0 0.462772 0.702034 0.0345466 0.0939807 0.301885
0 0.441769 0.304531 0.040345 0.143192 0.29066
0 0.110304 0.864483 0.0342377 0.0826155 0.288839
0 0.148631 0.863376 0.0344926 0.0863604 0.285314
0 0.451157 0.755235 0.0553877 0.146903 0.282748
0 0.546391 0.139079 0.0243542 0.0422073 0.266113
0 0.68998 0.681172 0.0783372 0.178481 0.253472
