0 0.200338 0.485141 0.0318473 0.122676 0.659241
0 0.478284 0.511217 0.0281086 0.163554 0.643822
0 0.430594 0.356328 0.0315712 0.130543 0.635799
0 0.0379497 0.946932 0.0447217 0.105093 0.568666
0 0.556778 0.330621 0.0285589 0.103363 0.545392
0 0.33384 0.491387 0.030621 0.149496 0.506267
0 0.797275 0.69174 0.0258597 0.0847116 0.467785
0 0.665918 0.536437 0.0254093 0.169473 0.439525
0 0.537778 0.254591 0.0248326 0.0946435 0.406378
0 0.40938 0.536913 0.0411761 0.161424 0.379386
0 0.728596 0.811228 0.0254006 0.0855536 0.366065
0 0.760761 0.668551 0.0451942 0.172525 0.34892
0 0.384203 0.810423 0.04716 0.136756 0.327743
0 0.69927 0.823488 0.0218321 0.0730585 0.316776
0 0.798968 0.678441 0.0211004 0.0584053 0.279032
0 0.79659 0.710996 0.028682 0.108469 0.277212
