0 0.873809 0.483465 0.0511953 0.151729 0.713736
0 0.765694 0.388313 0.0387812 0.15686 0.56016
0 0.525951 0.409573 0.0523074 0.144811 0.47788
0 0.855009 0.262437 0.0234818 0.0468053 0.462352
0 0.439168 0.456018 0.0378658 0.144124 0.417222
0 0.821342 0.207218 0.0202266 0.0590298 0.396453
0 0.410092 0.458108 0.0344828 0.139167 0.365156
0 0.383884 0.521657 0.0604775 0.195824 0.338961
0 0.389579 0.502568 0.0448988 0.150536 0.336507
0 0.409006 0.432772 0.0305517 0.0901192 0.335632
0 0.707586 0.167837 0.0223371 0.0573813 0.315518
0 0.923038 0.281103 0.0310524 0.0464002 0.306523
0 0.560996 0.185868 0.0238142 0.0434399 0.28889
0 0.371238 0.542144 0.0389106 0.188821 0.288039
0 0.179456 0.482019 0.0292969 0.0925486 0.28465
0 0.631801 0.202181 0.022904 0.0413954 0.284469
0 0.671607 0.21525 0.0246624 0.0403708 0.273526
0 0.731326 0.227098 0.0245407 0.0456451 0.272137
0 0.344443 0.475921 0.0366731 0.126291 0.270776
0 0.907256 0.238131 0.0242395 0.0657327 0.256128
0 0.970047 0.293399 0.0298759 0.0505431 0.254926
