0 0.214328 0.312977 0.0286881 0.15516 0.776721
0 0.28068 0.34068 0.0384872 0.155376 0.708717
0 0.184693 0.478324 0.0341808 0.188819 0.691523
0 0.359979 0.433156 0.0463934 0.196346 0.669013
0 0.400071 0.335435 0.0345177 0.155197 0.608614
0 0.301791 0.268693 0.0218661 0.152932 0.571303
0 0.540963 0.385384 0.0264458 0.139492 0.365298
0 0.396313 0.395405 0.0163986 0.0367369 0.336354
0 0.501434 0.494205 0.0468914 0.144363 0.324773
0 0.727533 0.877351 0.03959 0.112488 0.296873
0 0.807117 0.784432 0.0372395 0.133278 0.296765
0 0.204414 0.39384 0.00940966 0.0202045 0.287337
0 0.737775 0.774984 0.0336943 0.132016 0.280161
0 0.259047 0.213784 0.0218722 0.0400499 0.264349
0 0.224226 0.220989 0.0270125 0.0587786 0.255953
