0 0.43946 0.361785 0.0360565 0.107171 0.776623
0 0.0714225 0.490965 0.0738506 0.16111 0.627611
0 0.397534 0.269282 0.0162417 0.0993212 0.594621
0 0.577303 0.393557 0.0241052 0.103027 0.574468
0 0.541682 0.24019 0.0251078 0.104316 0.529576
0 0.23633 0.866099 0.0686954 0.173542 0.527949
0 0.356813 0.294037 0.0279981 0.127405 0.435078
0 0.229897 0.550288 0.0319764 0.146711 0.419582
0 0.0680517 0.445909 0.0203423 0.0744212 0.417479
0 0.490616 0.548598 0.0443083 0.227366 0.411881
0 0.789478 0.763482 0.0272611 0.0670425 0.399924
0 0.08421 0.897569 0.0341102 0.201172 0.381893
0 0.660671 0.595522 0.0267288 0.183311 0.336016
0 0.826938 0.787487 0.0369303 0.101625 0.313685
0 0.432237 0.584709 0.0405733 0.2042 0.313488
0 0.135448 0.26005 0.0216221 0.0383805 0.252435
