0 0.854022 0.349827 0.0268921 0.145351 0.805674
0 0.271965 0.629841 0.0411648 0.199435 0.678353
0 0.684436 0.439858 0.0457979 0.141676 0.621069
0 0.678468 0.322493 0.0351492 0.123535 0.576911
0 0.21161 0.815247 0.039681 0.16688 0.558143
0 0.119036 0.777814 0.0362145 0.0994801 0.539858
0 0.403202 0.459973 0.026309 0.18154 0.527199
0 0.496921 0.525141 0.0310774 0.18139 0.463036
0 0.299428 0.565345 0.0346802 0.169392 0.456492
0 0.808494 0.248926 0.0213657 0.0462202 0.445833
0 0.584823 0.621341 0.0689275 0.184831 0.440355
0 0.539569 0.351023 0.027187 0.156366 0.415263
0 0.241521 0.835669 0.0327535 0.113657 0.349862
0 0.499361 0.187288 0.0210974 0.0459577 0.329027
0 0.797617 0.442302 0.0425182 0.164219 0.31216
0 0.275333 0.863741 0.0377768 0.125933 0.286202
0 0.172954 0.870699 0.0327396 0.0850801 0.260201
0 0.955184 0.281298 0.0212501 0.0373045 0.255659
