0 0.431231 0.566891 0.0463123 0.2125 0.78423
0 0.413179 0.42422 0.0360065 0.187708 0.66526
0 0.350679 0.465081 0.0378406 0.165249 0.570337
0 0.0787853 0.4827 0.0369213 0.184301 0.564665
0 0.0839572 0.345116 0.0204926 0.0498528 0.506119
0 0.796035 0.64487 0.0384057 0.181011 0.440956
0 0.229611 0.306282 0.0223579 0.0412706 0.426525
0 0.462876 0.65622 0.0614177 0.220552 0.41007
0 0.275927 0.365134 0.025414 0.165412 0.373172
0 0.0130715 0.814103 0.0230333 0.262923 0.360618
0 0.821682 0.913017 0.043729 0.129643 0.343077
0 0.345986 0.467322 0.0276833 0.155929 0.342519
0 0.193601 0.311992 0.0265394 0.0593901 0.324287
0 0.87229 0.862707 0.0438208 0.130094 0.320907
0 0.110862 0.338028 0.0187753 0.0482978 0.291834
0 0.413002 0.38978 0.018803 0.121198 0.281342
0 0.412996 0.288394 0.0208317 0.111433 0.269473
0 0.0572645 0.349144 0.0236522 0.059742 0.263672
0 0.743196 0.903325 0.0355055 0.124108 0.262886
