0 0.269067 0.913924 0.0513247 0.172151 0.664472
0 0.567643 0.512171 0.0279555 0.193145 0.611799
0 0.295695 0.38656 0.0367283 0.145673 0.593503
0 0.524718 0.615107 0.0508499 0.199686 0.562943
0 0.16505 0.384807 0.0305323 0.171795 0.546911
0 0.378686 0.207446 0.0261778 0.0496985 0.470091
0 0.254691 0.243475 0.0236183 0.0464999 0.450485
0 0.785969 0.570085 0.0249489 0.145289 0.449841
0 0.490011 0.401814 0.0404591 0.174234 0.411158
0 0.298338 0.281443 0.0209267 0.108776 0.34751
0 0.218384 0.25118 0.0260513 0.0541576 0.326923
0 0.462822 0.382759 0.0423689 0.192872 0.31836
0 0.598873 0.734842 0.0462859 0.239015 0.298672
0 0.14524 0.680023 0.0521821 0.24134 0.274745
0 0.745627 0.823714 0.0308592 0.11767 0.265666
