0 0.435433 0.354421 0.0408695 0.136822 0.803228
0 0.62847 0.253577 0.0327513 0.112776 0.648875
0 0.715407 0.606349 0.0385977 0.156062 0.554914
0 0.878722 0.219691 0.0261387 0.0505658 0.550462
0 0.815996 0.291222 0.0551291 0.154159 0.541191
0 0.381872 0.473287 0.0395836 0.181678 0.539157
0 0.765665 0.312991 0.041252 0.138501 0.537646
0 0.458785 0.760311 0.046287 0.2119 0.524199
0 0.531338 0.339961 0.0440991 0.149216 0.518936
0 0.393111 0.833728 0.0348418 0.0794915 0.466195
0 0.944371 0.238504 0.0226353 0.0457774 0.377628
0 0.525073 0.636727 0.0643351 0.221243 0.36813
0 0.631723 0.392856 0.0444004 0.175427 0.353842
0 0.164153 0.297163 0.0238944 0.0680237 0.284556
0 0.805031 0.20123 0.0241073 0.0496602 0.265876
0 0.772871 0.193299 0.0230811 0.0442163 0.256488
0 0.252726 0.82092 0.029478 0.0987719 0.25174
