0 0.577297 0.62154 0.0319151 0.161625 0.786799
0 0.110553 0.465919 0.0282167 0.1788 0.645143
0 0.28259 0.367851 0.0250095 0.162965 0.636641
0 0.416855 0.577526 0.0571116 0.210913 0.627717
0 0.413287 0.329184 0.0242956 0.161695 0.6224
0 0.323015 0.459588 0.0456751 0.139171 0.612163
0 0.20135 0.314611 0.0280982 0.0585258 0.44346
0 0.457935 0.463953 0.0415743 0.152018 0.44007
0 0.599071 0.693071 0.0470361 0.211407 0.410248
0 0.478356 0.660311 0.0521943 0.22822 0.369251
0 0.237777 0.312103 0.0240699 0.0405637 0.357189
0 0.0963479 0.346715 0.019144 0.052617 0.351154
0 0.783379 0.645328 0.022761 0.14418 0.33493
0 0.782249 0.623377 0.0286593 0.193506 0.30952
0 0.444913 0.527946 0.0109007 0.0269142 0.308066
0 0.391308 0.263743 0.0236434 0.04395 0.296917
0 0.0621628 0.294189 0.0234813 0.0631633 0.295545
0 0.739903 0.911304 0.0354949 0.153578 0.27756
0 0.578626 0.578623 0.0267936 0.0757583 0.274936
0 0.0921831 0.287551 0.0232055 0.0717396 0.25885
