0 0.501688 0.36527 0.0353394 0.170645 0.606732
0 0.784701 0.392181 0.0364372 0.143355 0.597848
0 0.726379 0.412208 0.0606148 0.146741 0.584828
0 0.762232 0.584506 0.0619102 0.200253 0.562916
0 0.50149 0.830621 0.0402077 0.0877487 0.545217
0 0.458311 0.776826 0.0432102 0.169856 0.510642
0 0.486768 0.641888 0.0397793 0.167544 0.472461
0 0.865292 0.230385 0.0276615 0.0443767 0.444984
0 0.736732 0.940955 0.0391655 0.11809 0.430921
0 0.906924 0.241339 0.0251123 0.0465781 0.402253
0 0.663446 0.530736 0.0610576 0.176507 0.394399
0 0.476072 0.318384 0.0217658 0.161234 0.385284
0 0.950182 0.343676 0.0318905 0.165883 0.346948
0 0.936322 0.246319 0.0210873 0.0478482 0.323953
0 0.280215 0.836911 0.0334081 0.0985047 0.289787
0 0.685113 0.33484 0.04823 0.156225 0.270295
0 0.684768 0.178588 0.0215713 0.0524243 0.259865
