0 0.353793 0.378799 0.0511577 0.169467 0.62304
0 0.429608 0.468014 0.0408716 0.199748 0.620665
0 0.27474 0.441799 0.052536 0.19963 0.603408
0 0.409679 0.609108 0.037063 0.218141 0.517817
0 0.226472 0.3141 0.0315605 0.16315 0.496891
0 0.251485 0.351096 0.0303066 0.145648 0.496072
0 0.565433 0.461665 0.0562504 0.202853 0.485702
0 0.197526 0.244333 0.021063 0.0436326 0.427737
0 0.390906 0.606368 0.0768223 0.217705 0.320958
0 0.128992 0.233938 0.0214866 0.142844 0.320309
0 0.408283 0.558684 0.0303269 0.112183 0.273169
0 0.251209 0.325456 0.0299872 0.0965707 0.259496
