0 0.550477 0.806363 0.0431893 0.1243 0.730649
0 0.668865 0.350766 0.041567 0.161186 0.724445
0 0.980449 0.361147 0.0388634 0.134862 0.717258
0 0.78132 0.356178 0.0288479 0.148667 0.690998
0 0.640247 0.669814 0.0444648 0.219524 0.690732
0 0.511127 0.745181 0.0491201 0.136986 0.628963
0 0.744777 0.420208 0.0435423 0.176242 0.584766
0 0.606344 0.152823 0.0228105 0.0457397 0.452602
0 0.886738 0.22912 0.0290336 0.043004 0.405485
0 0.854124 0.22181 0.0265979 0.0444776 0.332505
0 0.473046 0.350129 0.0341295 0.161442 0.315613
0 0.929998 0.239141 0.0268532 0.0466588 0.295689
0 0.702858 0.178551 0.0250437 0.0532017 0.262928
