0 0.750978 0.325136 0.0407792 0.118187 0.814956
0 0.613348 0.238328 0.0325317 0.147597 0.758926
0 0.455978 0.573266 0.0412464 0.157951 0.694654
0 0.503329 0.320468 0.0413982 0.143573 0.692397
0 0.61505 0.415469 0.0340778 0.147965 0.674879
0 0.402263 0.738603 0.0570248 0.182142 0.608885
0 0.604424 0.547168 0.0532128 0.15074 0.54728
0 0.384753 0.831982 0.0337474 0.0803752 0.53336
0 0.654956 0.540994 0.0461712 0.167297 0.493349
0 0.790467 0.203161 0.028711 0.0548515 0.464387
0 0.863852 0.221422 0.0261881 0.0494358 0.464265
0 0.445951 0.346033 0.04118 0.14397 0.400416
0 0.927622 0.237757 0.0221621 0.0474632 0.396585
0 0.400288 0.712923 0.0572419 0.130478 0.379698
0 0.383261 0.405932 0.0291376 0.183507 0.348588
0 0.823272 0.214264 0.0276285 0.0439966 0.315046
0 0.430611 0.816395 0.0457389 0.122068 0.312732
0 0.989972 0.250407 0.0193336 0.0506029 0.308786
0 0.645207 0.167201 0.0208632 0.0453836 0.276173
0 0.519296 0.261213 0.013467 0.0426329 0.254154
