0 0.537807 0.794605 0.0453812 0.195693 0.776337
0 0.744858 0.4086 0.0361668 0.151222 0.662469
0 0.797919 0.382998 0.0382324 0.150325 0.636654
0 0.978082 0.354368 0.0429043 0.169438 0.630899
0 0.689222 0.356491 0.0375664 0.157119 0.550715
0 0.708078 0.647168 0.0382778 0.210969 0.477241
0 0.493586 0.359834 0.0382725 0.177886 0.464023
0 0.603433 0.156309 0.0238554 0.0432404 0.457038
0 0.524747 0.683411 0.0773091 0.148494 0.440465
0 0.655794 0.577434 0.0523621 0.193856 0.432621
0 0.500809 0.834189 0.0429629 0.0892472 0.362633
0 0.922888 0.240141 0.0280361 0.0468393 0.332316
0 0.431564 0.850984 0.0373651 0.0568962 0.300791
0 0.867693 0.179918 0.0211522 0.0620284 0.285439
