0 0.362117 0.448747 0.0439173 0.195881 0.736593
0 0.531178 0.394954 0.0399556 0.147487 0.721723
0 0.213655 0.334996 0.0384161 0.152274 0.698881
0 0.301232 0.353154 0.0358868 0.167065 0.653887
0 0.433179 0.248516 0.0279083 0.124662 0.621692
0 0.583436 0.457732 0.023018 0.140321 0.554408
0 0.803271 0.530325 0.0327572 0.16257 0.440872
0 0.495773 0.352872 0.0381328 0.181997 0.431861
0 0.802269 0.543074 0.0262547 0.132359 0.430803
0 0.241699 0.222142 0.026933 0.0603172 0.405533
0 0.630085 0.755376 0.0591757 0.230058 0.373486
0 0.0844399 0.261773 0.019008 0.0495398 0.37099
0 0.217304 0.892383 0.0477472 0.212969 0.364683
0 0.595717 0.59801 0.0502143 0.237849 0.359648
0 0.111782 0.251842 0.0176883 0.0530284 0.339461
0 0.207877 0.583114 0.0474052 0.230744 0.321101
0 0.317801 0.26826 0.0227314 0.151061 0.283659
0 0.912919 0.939231 0.0370804 0.098939 0.268082
0 0.580941 0.443088 0.0236235 0.126145 0.264704
0 0.762856 0.772126 0.0357105 0.099185 0.25917
