0 0.511702 0.318279 0.0448117 0.136019 0.678339
0 0.699801 0.562883 0.065683 0.138895 0.666597
0 0.619837 0.229687 0.0313431 0.157832 0.65914
0 0.44328 0.353902 0.0525534 0.140106 0.655866
0 0.594706 0.597854 0.0556004 0.17706 0.629361
0 0.41835 0.74437 0.0378311 0.184049 0.59913
0 0.387636 0.831963 0.0361337 0.0786841 0.504067
0 0.383613 0.444496 0.0355241 0.195149 0.494677
0 0.934841 0.241004 0.0216446 0.0388548 0.470126
0 0.767209 0.19608 0.0222456 0.0461294 0.441752
0 0.756687 0.314496 0.036984 0.125331 0.431468
0 0.622837 0.396975 0.0388487 0.170302 0.402091
0 0.801141 0.203136 0.0225727 0.0517659 0.38084
0 0.82966 0.211015 0.0249485 0.0447597 0.359959
0 0.432452 0.815462 0.0409649 0.116963 0.34027
0 0.783158 0.306809 0.0245543 0.104749 0.334021
0 0.486712 0.598485 0.0524637 0.22188 0.306032
0 0.740953 0.192139 0.0195676 0.0466128 0.286521
0 0.871223 0.220125 0.0252106 0.0523784 0.270783
0 0.510123 0.348713 0.0426645 0.0829717 0.259497
