0 0.511968 0.672886 0.060126 0.149538 0.633272
0 0.500393 0.358737 0.0371765 0.162795 0.572713
0 0.73008 0.414325 0.0573567 0.163452 0.556064
0 0.506436 0.764614 0.045278 0.122387 0.547991
0 0.688475 0.344046 0.0466661 0.150274 0.539538
0 0.757752 0.610225 0.058103 0.195626 0.480658
0 0.789678 0.384097 0.0357634 0.152762 0.409158
0 0.517934 0.75228 0.0655096 0.101263 0.334159
0 0.911885 0.235791 0.0281902 0.0536808 0.327366
0 0.963581 0.346171 0.0350889 0.164834 0.325584
0 0.504829 0.826163 0.047123 0.0961321 0.324017
0 0.691177 0.180542 0.0199452 0.049408 0.318034
0 0.661035 0.557692 0.0637528 0.197155 0.301053
0 0.872985 0.22998 0.0278871 0.0418729 0.255167
