0 0.250338 0.258787 0.0527594 0.188636 0.6634
0 0.435371 0.560115 0.0388876 0.209013 0.589772
0 0.489218 0.345407 0.0385496 0.207757 0.564531
0 0.402799 0.113625 0.0293725 0.0560826 0.504643
0 0.265022 0.101785 0.0188708 0.0654141 0.473735
0 0.801453 0.930808 0.0555988 0.121654 0.452092
0 0.89192 0.5451 0.0372986 0.193146 0.436365
0 0.262662 0.150964 0.0228253 0.0494847 0.432641
0 0.283385 0.094307 0.0211217 0.0579287 0.424302
0 0.441396 0.798092 0.0524843 0.179604 0.404405
0 0.596388 0.358511 0.0411768 0.172989 0.355092
0 0.574618 0.454497 0.0303779 0.163828 0.344887
0 0.431697 0.106834 0.0227972 0.051205 0.323784
0 0.222574 0.159578 0.029699 0.0623033 0.316819
0 0.762798 0.275555 0.0343496 0.0798412 0.291417
0 0.532277 0.258598 0.0285381 0.172184 0.280975
0 0.0644988 0.131239 0.029067 0.0847473 0.258818
0 0.706164 0.295454 0.0281731 0.0655519 0.257106
