0 0.549381 0.776637 0.0698187 0.20944 0.721595
0 0.863591 0.474682 0.041502 0.163553 0.696404
0 0.36366 0.537472 0.0436728 0.202638 0.496086
0 0.72992 0.231692 0.0253796 0.0485052 0.495606
0 0.522099 0.408924 0.0438138 0.150576 0.418904
0 0.852073 0.268292 0.0240703 0.0479314 0.417375
0 0.388393 0.844674 0.0250894 0.0433883 0.400196
0 0.630377 0.210149 0.0230331 0.0384111 0.383911
0 0.558402 0.190898 0.0218084 0.0408094 0.362067
0 0.967432 0.297896 0.0262721 0.0491811 0.353004
0 0.410181 0.470862 0.0400187 0.190019 0.332734
0 0.704245 0.175315 0.0213856 0.0616729 0.320782
0 0.903097 0.239572 0.0252297 0.0724271 0.312342
0 0.756557 0.391612 0.0346995 0.160734 0.296162
0 0.668437 0.217438 0.0229445 0.0481453 0.285753
0 0.176527 0.489498 0.0283601 0.0904591 0.278662
0 0.81959 0.209756 0.0197407 0.0612094 0.276334
0 0.192286 0.600918 0.0488527 0.164651 0.275203
0 0.885832 0.275841 0.0302921 0.0568997 0.262382
