0 0.441938 0.345 0.0365501 0.154954 0.734375
0 0.90469 0.328252 0.0369766 0.179533 0.634596
0 0.42572 0.605952 0.0433453 0.175866 0.577481
0 0.839899 0.421127 0.05551 0.157534 0.554394
0 0.674191 0.309284 0.0330301 0.136486 0.530316
0 0.311477 0.696412 0.0484363 0.174475 0.522676
0 0.731115 0.320349 0.0381083 0.0985796 0.497274
0 0.636928 0.509907 0.0348287 0.194128 0.474654
0 0.708512 0.49797 0.0520825 0.189349 0.453475
0 0.342418 0.820552 0.0332034 0.110238 0.357535
0 0.785189 0.424611 0.0386837 0.15384 0.351318
0 0.568765 0.167862 0.0224016 0.0366658 0.335702
0 0.943123 0.262858 0.0239664 0.0439938 0.296559
0 0.496604 0.829089 0.0444636 0.0983933 0.273407
0 0.662833 0.186906 0.0209396 0.0485628 0.269784
0 0.485472 0.415295 0.0373347 0.191745 0.250443
