0 0.976948 0.724376 0.0452236 0.135893 0.632607
0 0.460009 0.776719 0.0430617 0.191909 0.630893
0 0.563603 0.474557 0.0527916 0.176587 0.625628
0 0.438111 0.41979 0.0457378 0.186485 0.583059
0 0.255043 0.249691 0.0258129 0.0502329 0.560915
0 0.394048 0.210396 0.0273327 0.0517712 0.493018
0 0.634391 0.561397 0.0525917 0.241626 0.480766
0 0.469415 0.488473 0.0399015 0.209461 0.464007
0 0.750261 0.371057 0.0295759 0.0800075 0.440268
0 0.488613 0.344537 0.0219734 0.139526 0.40153
0 0.433155 0.338316 0.0342957 0.12532 0.350432
0 0.33751 0.630086 0.0764415 0.201057 0.325039
0 0.0589598 0.228053 0.0285425 0.0872003 0.320478
0 0.423829 0.202451 0.0236853 0.0501943 0.319973
0 0.805771 0.91657 0.043902 0.160811 0.293076
0 0.952845 0.883988 0.0416469 0.159145 0.280217
0 0.752302 0.461899 0.0462339 0.112986 0.25512
0 0.936843 0.526175 0.0394204 0.16705 0.250989
