0 0.408513 0.387076 0.0284237 0.123429 0.725784
0 0.528305 0.331128 0.0288806 0.0966941 0.675217
0 0.391504 0.481225 0.0299535 0.129027 0.656528
0 0.26222 0.552029 0.0513183 0.17071 0.629911
0 0.349754 0.57926 0.0322217 0.16882 0.629902
0 0.453152 0.827208 0.0379622 0.107405 0.541173
0 0.482407 0.535448 0.0379234 0.15311 0.486564
0 0.638902 0.544636 0.0321503 0.167196 0.451656
0 0.35529 0.351882 0.0241844 0.137325 0.423326
0 0.48282 0.505475 0.0362976 0.0966788 0.30705
0 0.772944 0.663045 0.0354021 0.132747 0.296817
0 0.643739 0.528971 0.0242762 0.13648 0.292206
