0 0.667457 0.312195 0.023193 0.133358 0.715172
0 0.443847 0.769669 0.0574287 0.217553 0.651815
0 0.525031 0.437108 0.0374506 0.177497 0.588219
0 0.718674 0.300614 0.0291076 0.153744 0.554576
0 0.795677 0.406689 0.030261 0.146797 0.46744
0 0.575838 0.346685 0.0338726 0.158424 0.457678
0 0.440087 0.829197 0.0450497 0.104181 0.434508
0 0.492215 0.388814 0.0446049 0.132672 0.401511
0 0.462798 0.481104 0.0302431 0.171951 0.325445
0 0.685052 0.224375 0.0224089 0.0521747 0.313404
0 0.865198 0.273894 0.028311 0.0477677 0.286611
0 0.797986 0.381701 0.0250219 0.106525 0.279603
0 0.9343 0.29073 0.0182533 0.0448168 0.272726
0 0.831975 0.265061 0.0265835 0.050669 0.268675
0 0.907008 0.284039 0.0251888 0.0467274 0.26396
0 0.188443 0.505006 0.0259663 0.0882597 0.258359
