0 0.595133 0.436987 0.0428118 0.108975 0.739888
0 0.710182 0.271504 0.0284333 0.12959 0.738928
0 0.753731 0.332403 0.030091 0.123715 0.721548
0 0.466446 0.346452 0.0580301 0.138135 0.638669
0 0.424222 0.746698 0.0464044 0.196567 0.560382
0 0.585027 0.405096 0.0196363 0.0449589 0.530257
0 0.536821 0.309435 0.0266178 0.14289 0.512309
0 0.619607 0.247082 0.0327646 0.156105 0.478765
0 0.573524 0.496211 0.0495276 0.176469 0.429407
0 0.412041 0.395978 0.0293465 0.170847 0.42356
0 0.391498 0.836475 0.0342755 0.0720161 0.421988
0 0.566134 0.420658 0.0239747 0.0507034 0.403185
0 0.214601 0.476132 0.041893 0.127496 0.39016
0 0.443642 0.818818 0.0461879 0.114426 0.37713
0 0.929859 0.254806 0.0237457 0.0402454 0.356306
0 0.563039 0.426295 0.0235725 0.0597257 0.290966
0 0.868654 0.235134 0.0249485 0.046228 0.284226
0 0.327367 0.815314 0.0369798 0.117975 0.281255
0 0.569332 0.466419 0.0383448 0.136212 0.277526
0 0.652675 0.180743 0.0236332 0.0479624 0.273672
0 0.419677 0.552006 0.0438847 0.196253 0.271399
0 0.124756 0.443879 0.0240876 0.0760045 0.266561
0 0.828037 0.224868 0.0266178 0.0515207 0.261654
0 0.255237 0.833278 0.0311706 0.0944969 0.25456
