0 0.441137 0.348216 0.0344 0.160364 0.716811
0 0.903468 0.326464 0.0368076 0.175284 0.658881
0 0.840736 0.423225 0.0569692 0.158268 0.591375
0 0.425641 0.608319 0.040798 0.180041 0.57799
0 0.73097 0.319079 0.0385454 0.100938 0.545713
0 0.706654 0.494901 0.054433 0.186755 0.535625
0 0.634221 0.503042 0.0355176 0.189593 0.533653
0 0.311174 0.694201 0.0477308 0.174614 0.429774
0 0.673939 0.309658 0.0331829 0.137416 0.402872
0 0.785723 0.427484 0.0391716 0.157794 0.387889
0 0.485249 0.415915 0.0377786 0.190678 0.344628
0 0.879138 0.243122 0.0230311 0.0473858 0.334756
0 0.341965 0.819348 0.0331074 0.107775 0.304752
0 0.942701 0.261932 0.0237419 0.0465228 0.278572
0 0.603857 0.171939 0.0221484 0.051142 0.253059
0 0.567941 0.168071 0.0226885 0.0363891 0.252701
