0 0.210522 0.460711 0.0418706 0.182476 0.699568
0 0.222618 0.300258 0.0340072 0.129182 0.692298
0 0.309282 0.375965 0.0446653 0.142887 0.605881
0 0.381328 0.460238 0.0359989 0.185586 0.564146
0 0.24023 0.197453 0.0256728 0.0615393 0.561569
0 0.57854 0.427986 0.0416506 0.170696 0.560627
0 0.274386 0.192124 0.0227522 0.0351576 0.482924
0 0.382806 0.439186 0.0295056 0.140337 0.481943
0 0.408872 0.46248 0.0337641 0.191002 0.473157
0 0.315034 0.242282 0.0228568 0.137639 0.442627
0 0.192388 0.853338 0.0582965 0.236607 0.407536
0 0.410585 0.422025 0.0294626 0.109386 0.360278
0 0.0848125 0.239326 0.0180386 0.0496135 0.339721
0 0.394943 0.1561 0.0243912 0.0415689 0.301245
0 0.786297 0.458167 0.0285936 0.101959 0.275577
0 0.899627 0.901541 0.0347774 0.105407 0.265185
0 0.821135 0.757256 0.0343662 0.122666 0.259821
0 0.239706 0.218788 0.0256528 0.103229 0.255063
