0 0.532155 0.404801 0.0624861 0.128486 0.658729
0 0.883048 0.485365 0.0560642 0.139497 0.595894
0 0.854895 0.259134 0.025233 0.0473703 0.444992
0 0.386385 0.832287 0.0444899 0.0739467 0.436084
0 0.76946 0.299891 0.0332821 0.158107 0.41751
0 0.443316 0.447575 0.0347882 0.128356 0.37446
0 0.412008 0.459772 0.0363192 0.140443 0.369701
0 0.561177 0.182347 0.0229703 0.0475494 0.360261
0 0.825555 0.252986 0.022578 0.0555102 0.337822
0 0.409269 0.435338 0.0303623 0.086892 0.331111
0 0.33893 0.46632 0.0390757 0.124023 0.327493
0 0.888605 0.457826 0.0407871 0.0826498 0.292851
0 0.179306 0.478946 0.0298741 0.089283 0.283809
0 0.923539 0.280645 0.0287773 0.0425876 0.281298
0 0.770521 0.395047 0.0462198 0.176085 0.27049
0 0.181586 0.609811 0.0400683 0.207012 0.262144
