0 0.723299 0.760261 0.0661116 0.204219 0.698991
0 0.893391 0.313818 0.0438603 0.152543 0.665785
0 0.45959 0.344006 0.036569 0.141894 0.647443
0 0.781792 0.306217 0.0323384 0.135357 0.604155
0 0.609548 0.371413 0.0332541 0.164603 0.553162
0 0.635783 0.69473 0.0453213 0.183871 0.527663
0 0.549855 0.752807 0.0689236 0.221555 0.487199
0 0.916416 0.219458 0.0230961 0.0572979 0.449776
0 0.4084 0.41936 0.0386596 0.190888 0.413725
0 0.665261 0.280753 0.0339765 0.130367 0.382337
0 0.838564 0.203507 0.0308857 0.0568955 0.330882
0 0.689554 0.163086 0.0232023 0.0496659 0.314868
0 0.806991 0.197038 0.0226551 0.0438552 0.311273
0 0.669258 0.277021 0.0246532 0.124141 0.305492
0 0.448332 0.818074 0.0371805 0.116151 0.289871
0 0.595796 0.762064 0.0435217 0.20988 0.285546
0 0.980764 0.241836 0.0227283 0.0479437 0.263153
0 0.164962 0.315747 0.0276098 0.0954988 0.253074
