0 0.88849 0.493515 0.072562 0.148858 0.553883
0 0.85331 0.252562 0.0278465 0.0560897 0.497855
0 0.370457 0.516448 0.0564974 0.121981 0.447219
0 0.81899 0.249984 0.0293768 0.0542154 0.401993
0 0.199714 0.810222 0.0275414 0.0811776 0.399004
0 0.378131 0.828619 0.0403123 0.0825215 0.345485
0 0.559397 0.178913 0.0227083 0.0467858 0.344309
0 0.774889 0.411923 0.0565944 0.15306 0.340991
0 0.767692 0.297957 0.0355579 0.153827 0.334896
0 0.540596 0.397343 0.0781572 0.135509 0.29971
0 0.332487 0.462394 0.0386499 0.124062 0.295373
0 0.819315 0.201327 0.0186852 0.059326 0.283391
0 0.96817 0.286949 0.0277365 0.045647 0.280836
0 0.606373 0.77185 0.0779711 0.213811 0.27995
0 0.413445 0.845117 0.0256268 0.0502423 0.263675
0 0.99466 0.292831 0.0100784 0.0436583 0.251675
