0 0.185344 0.479951 0.0386138 0.184157 0.683261
0 0.301455 0.270316 0.022412 0.150087 0.666922
0 0.213695 0.316924 0.0290975 0.155975 0.624475
0 0.280158 0.341771 0.0390515 0.156988 0.611959
0 0.359786 0.430201 0.0468362 0.189529 0.598775
0 0.401367 0.328041 0.0313498 0.153726 0.524311
0 0.258254 0.214511 0.0211422 0.0402925 0.321948
0 0.805497 0.782155 0.037338 0.126844 0.313732
0 0.814233 0.359838 0.0284176 0.0811937 0.304207
0 0.223352 0.223436 0.0279489 0.0591197 0.286497
0 0.672601 0.676257 0.0473148 0.234843 0.282487
