0 0.804513 0.394759 0.0403774 0.161275 0.820931
0 0.588985 0.371149 0.0702923 0.113931 0.766992
0 0.385853 0.666086 0.0524485 0.154516 0.728559
0 0.914124 0.500585 0.0800862 0.167325 0.664873
0 0.459138 0.402262 0.0569557 0.161862 0.631397
0 0.736163 0.970809 0.0607111 0.057843 0.595011
0 0.747846 0.305968 0.035655 0.0907239 0.453165
0 0.592628 0.168121 0.0262859 0.0394564 0.42753
0 0.388334 0.48868 0.0434975 0.118567 0.424728
0 0.520594 0.149944 0.0225626 0.0432052 0.382065
0 0.743548 0.313875 0.0294505 0.0706189 0.336643
0 0.378806 0.832672 0.0332323 0.0764614 0.318267
0 0.92229 0.252165 0.0284954 0.0495324 0.297768
0 0.99087 0.273692 0.0175266 0.0326205 0.288796
0 0.744006 0.326744 0.0267979 0.0483366 0.281892
0 0.626951 0.181355 0.0220056 0.0403304 0.271036
0 0.878583 0.24036 0.0253334 0.0473497 0.268333
