0 0.452104 0.222673 0.0297554 0.120453 0.768029
0 0.610819 0.439699 0.0427058 0.153091 0.720489
0 0.0680744 0.87462 0.0528225 0.17638 0.662669
0 0.0958728 0.62247 0.0619141 0.1817 0.610641
0 0.336216 0.281954 0.0404636 0.127095 0.604192
0 0.631717 0.634102 0.03563 0.168077 0.602871
0 0.469158 0.5884 0.0444514 0.178571 0.587627
0 0.981183 0.717285 0.0338116 0.107821 0.584202
0 0.630271 0.613582 0.0294005 0.127014 0.566706
0 0.506023 0.324336 0.0437346 0.118531 0.563819
0 0.928101 0.717195 0.0514045 0.13077 0.521702
0 0.947948 0.77757 0.0404794 0.0855162 0.448301
0 0.91499 0.613634 0.0384724 0.166042 0.403694
0 0.513123 0.221626 0.0210993 0.0996037 0.371606
0 0.934463 0.724804 0.0462848 0.14783 0.356936
0 0.934973 0.715611 0.0360397 0.124169 0.351156
0 0.908534 0.828393 0.0338276 0.0936138 0.351115
0 0.162337 0.837853 0.0317515 0.214424 0.341631
0 0.608489 0.73086 0.0461424 0.16189 0.329461
0 0.0764655 0.969856 0.0263855 0.0534121 0.326398
