0 0.7373 0.546762 0.0414165 0.192232 0.858569
0 0.740684 0.30837 0.0374886 0.103815 0.782849
0 0.339435 0.716948 0.0736693 0.131821 0.715419
0 0.661248 0.533421 0.049416 0.170193 0.671508
0 0.451711 0.332312 0.0265983 0.166155 0.619757
0 0.80988 0.404382 0.0390606 0.172857 0.605178
0 0.435771 0.619376 0.0437952 0.152892 0.554117
0 0.767598 0.43366 0.0498726 0.175119 0.515013
0 0.34685 0.819427 0.0361168 0.112743 0.462471
0 0.67467 0.31652 0.038584 0.141136 0.447067
0 0.269841 0.839194 0.0312613 0.08926 0.445
0 0.916818 0.333388 0.0441658 0.170042 0.419514
0 0.371163 0.821846 0.0371222 0.110878 0.416345
0 0.888086 0.241718 0.0268581 0.0476052 0.390377
0 0.412161 0.852274 0.036319 0.0601573 0.339347
0 0.353757 0.704636 0.0449473 0.106294 0.336508
0 0.729335 0.937133 0.0247387 0.125735 0.317983
0 0.486171 0.395972 0.0353154 0.181142 0.312471
0 0.5026 0.828926 0.0449863 0.0976955 0.311265
0 0.847555 0.233092 0.0272148 0.0439663 0.288846
0 0.916539 0.244071 0.0185133 0.0475207 0.261361
