0 0.354356 0.382049 0.0449286 0.169425 0.699764
0 0.290615 0.42947 0.043192 0.165081 0.674569
0 0.408346 0.594048 0.0591361 0.227127 0.586454
0 0.270506 0.353824 0.0279155 0.154381 0.504499
0 0.237513 0.317521 0.041474 0.164666 0.497452
0 0.420897 0.46246 0.0342856 0.196893 0.468324
0 0.582598 0.606813 0.0566126 0.215546 0.373954
0 0.243365 0.196919 0.0201635 0.100188 0.312624
0 0.714833 0.364993 0.0337663 0.0963628 0.296363
0 0.339689 0.206676 0.0304953 0.0566317 0.291446
0 0.391434 0.577446 0.029672 0.199312 0.289059
0 0.13066 0.241333 0.0222594 0.147865 0.288725
0 0.413751 0.184377 0.021813 0.0463242 0.276746
0 0.268147 0.364641 0.0206254 0.134707 0.250887
