0 0.190969 0.212549 0.0317915 0.187164 0.647391
0 0.264822 0.0920853 0.0234649 0.0442363 0.542409
0 0.228402 0.0980544 0.0282681 0.061103 0.450244
0 0.525612 0.190999 0.0291813 0.149388 0.440498
0 0.300946 0.156099 0.0287595 0.168681 0.420659
0 0.471928 0.268133 0.0324247 0.199044 0.344143
0 0.422163 0.840706 0.0234428 0.044724 0.300958
0 0.268453 0.0429931 0.0215218 0.0739487 0.296393
0 0.78738 0.835051 0.0401545 0.115331 0.292865
0 0.210215 0.0641802 0.0234461 0.115448 0.288481
0 0.878683 0.730341 0.0345144 0.139853 0.283475
0 0.519919 0.375624 0.040954 0.227478 0.281813
0 0.827506 0.82298 0.0529383 0.149832 0.268346
0 0.401696 0.0510587 0.0271145 0.0507659 0.265261
