0 0.727766 0.311705 0.0393595 0.113081 0.708364
0 0.896874 0.318177 0.0311261 0.159474 0.699869
0 0.436679 0.354107 0.0329317 0.166076 0.657483
0 0.844557 0.432094 0.0600271 0.154056 0.64703
0 0.790036 0.426611 0.0412114 0.145165 0.635465
0 0.483175 0.425013 0.0363536 0.199704 0.452939
0 0.621584 0.479365 0.036392 0.164429 0.449442
0 0.873493 0.242542 0.0278023 0.0509715 0.431159
0 0.402194 0.849429 0.0372141 0.0560922 0.393577
0 0.313703 0.697503 0.0428308 0.213356 0.369977
0 0.49192 0.82835 0.0440869 0.098096 0.366013
0 0.422134 0.604613 0.0378361 0.182067 0.324509
0 0.337149 0.817852 0.0377953 0.112406 0.301148
0 0.834581 0.234525 0.0276043 0.0415729 0.285586
0 0.263919 0.833741 0.0282674 0.0787402 0.26388
0 0.676525 0.305751 0.0375778 0.142147 0.259308
0 0.801271 0.22671 0.0278948 0.0473772 0.253309
