0 0.36364 0.567323 0.0458389 0.200296 0.839185
0 0.498875 0.353299 0.0239571 0.138303 0.723103
0 0.500985 0.507747 0.0324265 0.168859 0.66668
0 0.628859 0.571991 0.0472685 0.206359 0.664171
0 0.462095 0.333723 0.0233469 0.147616 0.599171
0 0.149811 0.724289 0.0463426 0.219558 0.484592
0 0.40872 0.415094 0.043387 0.168987 0.403088
0 0.419377 0.253733 0.0254011 0.04629 0.401574
0 0.670407 0.761448 0.0577654 0.17286 0.400251
0 0.652021 0.67143 0.0153206 0.034101 0.376144
0 0.427083 0.605458 0.0474743 0.207975 0.362698
0 0.298527 0.288389 0.0215489 0.0383955 0.330238
0 0.443786 0.249854 0.0215057 0.0434535 0.310667
0 0.0673253 0.34672 0.0241697 0.0406927 0.25726
