0 0.241108 0.19925 0.0265741 0.0555279 0.684768
0 0.210638 0.465083 0.0418052 0.181996 0.681671
0 0.308068 0.373575 0.0405068 0.150547 0.664744
0 0.382751 0.433646 0.02726 0.141567 0.635473
0 0.224376 0.300673 0.0334103 0.130586 0.591063
0 0.577807 0.432409 0.0440207 0.167854 0.545851
0 0.315627 0.247392 0.0230555 0.140786 0.541595
0 0.4086 0.419895 0.0275685 0.105901 0.516253
0 0.192549 0.856376 0.0583936 0.233911 0.440956
0 0.274686 0.194642 0.0226169 0.0376581 0.379594
0 0.395575 0.15861 0.023897 0.0454765 0.372785
0 0.408375 0.467496 0.0289749 0.199145 0.358663
0 0.0848169 0.243632 0.0176082 0.0490707 0.352155
0 0.378813 0.446736 0.0350008 0.172164 0.326021
0 0.917865 0.604188 0.0482396 0.106732 0.305863
0 0.402914 0.510352 0.0503831 0.162544 0.292646
0 0.670575 0.488819 0.0376886 0.209631 0.286036
0 0.822227 0.763233 0.0341263 0.12408 0.281319
0 0.900663 0.904392 0.0343415 0.100527 0.258009
0 0.925635 0.599133 0.0335777 0.0962213 0.255954
