0 0.413037 0.490081 0.0459993 0.145281 0.717519
0 0.400453 0.411451 0.0327732 0.120333 0.692066
0 0.282632 0.56428 0.0460916 0.176844 0.584948
0 0.479089 0.555924 0.038436 0.159042 0.530862
0 0.325474 0.60891 0.0400577 0.171225 0.510904
0 0.470946 0.836508 0.0305068 0.0823672 0.46859
0 0.348039 0.353876 0.0336035 0.159922 0.40284
0 0.521952 0.339068 0.0283653 0.0950415 0.398884
0 0.82421 0.782717 0.0294761 0.110832 0.375441
0 0.863925 0.746677 0.0285214 0.09858 0.35499
0 0.762316 0.777591 0.0338087 0.112908 0.339514
0 0.291599 0.53097 0.0209697 0.108891 0.317062
0 0.638386 0.554415 0.0402802 0.149489 0.290323
0 0.346243 0.377006 0.0353882 0.116132 0.281672
