0 0.407808 0.61282 0.0435215 0.226839 0.717668
0 0.491213 0.402979 0.0421337 0.213654 0.716742
0 0.42827 0.804848 0.0694611 0.121765 0.579179
0 0.243778 0.283746 0.0416524 0.169618 0.517195
0 0.261674 0.202411 0.0258666 0.0498771 0.511043
0 0.220317 0.25434 0.0297633 0.151468 0.417832
0 0.288589 0.30306 0.0313934 0.177786 0.416102
0 0.200203 0.196063 0.0246514 0.141198 0.389749
0 0.40185 0.167191 0.0300181 0.0544645 0.371184
0 0.89642 0.585816 0.0379193 0.234684 0.361015
0 0.540982 0.400187 0.0345911 0.189612 0.358115
0 0.281846 0.143159 0.0218007 0.0570413 0.330122
0 0.533334 0.304516 0.0305634 0.150013 0.309999
0 0.764127 0.332258 0.0326286 0.0896005 0.306443
0 0.281866 0.155213 0.0222378 0.0756665 0.304057
0 0.0609446 0.177199 0.0302717 0.0786159 0.295494
0 0.220212 0.20915 0.0267197 0.0599103 0.290142
0 0.579441 0.36167 0.0317886 0.213001 0.28769
0 0.430668 0.159644 0.0229229 0.0508682 0.281217
0 0.810235 0.962961 0.0482588 0.0728138 0.271549
0 0.532854 0.281272 0.028049 0.102576 0.25975
0 0.102603 0.243378 0.0212769 0.0529767 0.25503
