0 0.862459 0.475683 0.0395462 0.172078 0.712201
0 0.54658 0.779541 0.0650945 0.208544 0.603476
0 0.558431 0.192179 0.0223768 0.0410325 0.489864
0 0.521901 0.408929 0.047551 0.155171 0.480865
0 0.729181 0.232921 0.0229523 0.0453094 0.449416
0 0.851005 0.268401 0.0271156 0.0490241 0.44074
0 0.415465 0.402922 0.0215696 0.0719692 0.420983
0 0.387793 0.846179 0.025256 0.042528 0.398794
0 0.629155 0.208987 0.0239825 0.0455513 0.397497
0 0.197279 0.575274 0.0451192 0.206544 0.395745
0 0.366424 0.55318 0.0387236 0.227528 0.335385
0 0.818025 0.26002 0.0272716 0.0514324 0.32684
0 0.357224 0.499541 0.0298358 0.137223 0.317479
0 0.176595 0.489195 0.0285792 0.0888945 0.314539
0 0.965191 0.299198 0.0291396 0.0524672 0.311133
0 0.884619 0.277748 0.0302971 0.0572172 0.304481
0 0.36242 0.52196 0.0387565 0.180671 0.295132
0 0.208217 0.515448 0.0235606 0.0938025 0.280389
0 0.994018 0.307265 0.0113049 0.0471594 0.280131
0 0.70342 0.174819 0.0214052 0.0575207 0.278454
0 0.171363 0.580581 0.0238 0.117604 0.276318
0 0.818944 0.209871 0.0197941 0.0597689 0.273697
0 0.375343 0.549254 0.0467502 0.195049 0.272122
0 0.919464 0.287892 0.0291641 0.0501739 0.267377
