0 0.465255 0.346696 0.0574413 0.139545 0.731929
0 0.596534 0.435068 0.041395 0.10514 0.707341
0 0.710716 0.273115 0.030588 0.124926 0.683681
0 0.423357 0.752798 0.0459498 0.21133 0.58503
0 0.535817 0.30273 0.0263885 0.131596 0.555787
0 0.752604 0.329398 0.0318079 0.130223 0.542176
0 0.390883 0.836204 0.0343683 0.0740779 0.491126
0 0.619609 0.246743 0.0329773 0.156215 0.446115
0 0.573127 0.492361 0.0524842 0.1831 0.40703
0 0.410814 0.396802 0.0281267 0.175572 0.355004
0 0.930432 0.250113 0.0237232 0.0469742 0.349147
0 0.58797 0.410034 0.0255195 0.0563953 0.346486
0 0.443605 0.818804 0.0466362 0.114492 0.284444
0 0.827406 0.224341 0.0264511 0.0509204 0.283414
0 0.868177 0.234433 0.0253737 0.0464815 0.279801
0 0.42086 0.552194 0.0474479 0.192713 0.278372
0 0.650967 0.178665 0.0245361 0.0502924 0.264666
0 0.0370356 0.918342 0.0485497 0.160174 0.263841
0 0.796332 0.217041 0.0266577 0.0506865 0.25451
0 0.326526 0.813049 0.0359834 0.114812 0.250306
