0 0.634591 0.337138 0.0464169 0.15329 0.74149
0 0.956974 0.328278 0.0418316 0.170182 0.663959
0 0.48176 0.328647 0.0292372 0.165006 0.570169
0 0.6844 0.396967 0.0368582 0.187989 0.560668
0 0.620998 0.799818 0.0760105 0.138837 0.554097
0 0.626914 0.685092 0.0602529 0.223093 0.55058
0 0.784532 0.301712 0.0366463 0.115252 0.475738
0 0.441434 0.384572 0.0328365 0.187855 0.462436
0 0.715941 0.300048 0.0237208 0.139978 0.461663
0 0.854398 0.208345 0.0299267 0.0557829 0.430041
0 0.70584 0.167222 0.0228745 0.0506283 0.365698
0 0.875914 0.174145 0.02295 0.0679163 0.296042
0 0.823524 0.201648 0.0234306 0.0473764 0.270581
0 0.205813 0.29544 0.0240633 0.0665119 0.256438
