0 0.45609 0.223708 0.0246477 0.118853 0.792061
0 0.332609 0.281573 0.0277821 0.124044 0.653076
0 0.505739 0.322516 0.0500561 0.112877 0.613688
0 0.090753 0.622037 0.0343706 0.158923 0.600385
0 0.608545 0.438256 0.0522438 0.169933 0.569857
0 0.386632 0.684358 0.0459122 0.194235 0.538773
0 0.941121 0.719906 0.0513512 0.112383 0.53827
0 0.452665 0.587633 0.0404499 0.170663 0.529912
0 0.91035 0.630682 0.0397919 0.167782 0.497784
0 0.990934 0.717031 0.0175186 0.0967085 0.474649
0 0.924051 0.838229 0.0367069 0.0956558 0.44794
0 0.582084 0.738438 0.0741387 0.166899 0.438455
0 0.0524193 0.867075 0.0400117 0.143127 0.428595
0 0.899329 0.777006 0.0178524 0.0357956 0.367669
0 0.622925 0.646796 0.0377359 0.202511 0.347087
0 0.171295 0.833979 0.0331524 0.20468 0.325756
0 0.598952 0.723363 0.0427985 0.143004 0.324377
0 0.909229 0.124738 0.0195086 0.0614459 0.280543
0 0.0877004 0.5892 0.0268651 0.0977034 0.269316
0 0.088134 0.606588 0.0299525 0.130516 0.268025
0 0.601087 0.747394 0.0502016 0.184732 0.260612
