0 0.150595 0.505693 0.045704 0.201428 0.625978
0 0.30777 0.158499 0.0346917 0.171376 0.619481
0 0.228969 0.0998747 0.0276876 0.0587598 0.562043
0 0.266198 0.0940635 0.0243452 0.0435948 0.52345
0 0.509812 0.272895 0.0431631 0.120025 0.481524
0 0.463644 0.668213 0.0480126 0.243949 0.46176
0 0.469054 0.271151 0.0332214 0.202943 0.429062
0 0.586741 0.316037 0.0347461 0.194403 0.427198
0 0.188306 0.229865 0.027679 0.185892 0.357584
0 0.56052 0.296295 0.0386342 0.170019 0.354732
0 0.790105 0.725263 0.0392539 0.146005 0.333034
0 0.40023 0.0566922 0.0275749 0.0517607 0.330707
0 0.871531 0.725797 0.0361889 0.144066 0.31061
0 0.522806 0.196891 0.0265953 0.156739 0.31033
0 0.589391 0.296543 0.0261425 0.145102 0.307329
