0 0.572513 0.378678 0.0241978 0.114083 0.690989
0 0.426009 0.362412 0.036355 0.112106 0.666423
0 0.103693 0.49823 0.0398723 0.164268 0.636779
0 0.367424 0.305682 0.0301743 0.122666 0.559714
0 0.419222 0.569569 0.0509903 0.176155 0.512695
0 0.542011 0.245645 0.0285693 0.108241 0.484834
0 0.261869 0.548321 0.029815 0.157642 0.426568
0 0.274317 0.860993 0.0434505 0.194908 0.412087
0 0.071782 0.916851 0.0361381 0.165142 0.406955
0 0.779104 0.827141 0.0308267 0.0978184 0.333038
0 0.536861 0.278758 0.0156078 0.0427556 0.320067
0 0.722449 0.683739 0.0442317 0.175326 0.312499
0 0.399617 0.273248 0.0302391 0.0913298 0.292373
0 0.668586 0.590395 0.0290858 0.186254 0.252394
0 0.845651 0.699348 0.0279446 0.0933295 0.250897
0 0.822828 0.693226 0.0279598 0.106732 0.250733
