0 0.784018 0.354378 0.0272076 0.152372 0.753617
0 0.553228 0.812908 0.0402367 0.115879 0.747357
0 0.980009 0.363002 0.0393912 0.132505 0.722432
0 0.672089 0.344797 0.0432351 0.150301 0.684397
0 0.478236 0.329045 0.0417641 0.208768 0.606356
0 0.516272 0.742946 0.0603361 0.135963 0.5813
0 0.743482 0.415673 0.040836 0.173192 0.57628
0 0.605981 0.154065 0.0222572 0.0432821 0.518419
0 0.646915 0.662602 0.0476011 0.221734 0.453425
0 0.480744 0.82729 0.0496399 0.103893 0.29758
0 0.886473 0.23131 0.0286644 0.0384229 0.274311
0 0.702084 0.177689 0.0249521 0.0547933 0.272351
0 0.85344 0.221063 0.0269432 0.0465873 0.266164
0 0.617125 0.619947 0.0461364 0.147777 0.255949
0 0.162959 0.433962 0.0256956 0.0883084 0.252469
