0 0.739938 0.310377 0.0385099 0.103382 0.823758
0 0.337457 0.716987 0.0763861 0.140268 0.75862
0 0.66052 0.533072 0.0498359 0.17143 0.714989
0 0.434354 0.610805 0.0418377 0.145473 0.714116
0 0.812159 0.409139 0.0378412 0.169913 0.676405
0 0.734368 0.546672 0.0441251 0.193993 0.661724
0 0.915017 0.33275 0.0430744 0.171667 0.644491
0 0.45079 0.331509 0.0258518 0.164752 0.593625
0 0.768227 0.435453 0.0473411 0.175522 0.533168
0 0.370154 0.82105 0.0368228 0.106573 0.439638
0 0.673554 0.316588 0.0379194 0.13857 0.409793
0 0.887179 0.242332 0.0266319 0.0479948 0.399973
0 0.269125 0.835654 0.0314734 0.0814031 0.396689
0 0.734854 0.504246 0.0396495 0.107535 0.37863
0 0.411893 0.852883 0.0362492 0.0611831 0.327061
0 0.502008 0.829132 0.0446135 0.0973226 0.310298
0 0.485871 0.396039 0.0344673 0.183887 0.298124
