0 0.977037 0.353921 0.0429485 0.171031 0.673371
0 0.53455 0.78871 0.0439279 0.182401 0.646611
0 0.797186 0.381727 0.0364913 0.145121 0.616565
0 0.744654 0.411046 0.0372867 0.157743 0.598069
0 0.524934 0.681693 0.0768551 0.145905 0.550658
0 0.690717 0.359637 0.0403344 0.154319 0.543687
0 0.655679 0.569499 0.0496007 0.189281 0.523404
0 0.496603 0.359632 0.0373159 0.181298 0.439112
0 0.480899 0.303724 0.0381418 0.156893 0.436514
0 0.713052 0.640332 0.040354 0.222097 0.434564
0 0.602764 0.156749 0.0236635 0.0432225 0.406134
0 0.501177 0.834818 0.0422412 0.091273 0.37863
0 0.922196 0.239034 0.0281292 0.047938 0.355978
0 0.431162 0.850446 0.0373131 0.0575617 0.290498
0 0.866673 0.181309 0.0229511 0.0652046 0.285752
0 0.537005 0.77193 0.0381618 0.139203 0.274317
