0 0.173988 0.48665 0.042167 0.143578 0.676677
0 0.437499 0.363253 0.0374203 0.132215 0.666199
0 0.540186 0.24375 0.0257593 0.119921 0.619741
0 0.35774 0.822048 0.0401411 0.121533 0.606149
0 0.37997 0.303475 0.0204717 0.130297 0.601567
0 0.315834 0.507464 0.0313895 0.162313 0.569742
0 0.0483464 0.941923 0.045008 0.116134 0.548553
0 0.405248 0.272469 0.0323932 0.11515 0.514803
0 0.672513 0.545605 0.021319 0.172397 0.483423
0 0.418778 0.54673 0.0348318 0.166101 0.483245
0 0.560517 0.355934 0.0362723 0.129563 0.461881
0 0.476232 0.523871 0.0466507 0.169539 0.442445
0 0.166002 0.439402 0.0179889 0.0492858 0.398609
0 0.755924 0.66885 0.0323483 0.180661 0.317952
