0 0.230254 0.461209 0.0506726 0.199263 0.682135
0 0.852804 0.630961 0.0471972 0.212203 0.602087
0 0.31852 0.361125 0.0352263 0.176782 0.427092
0 0.187178 0.349316 0.0294323 0.187987 0.412332
0 0.391653 0.602974 0.0457265 0.220062 0.387463
0 0.832036 0.481475 0.0446655 0.133493 0.344423
0 0.448048 0.463385 0.0314253 0.207083 0.340453
0 0.0145801 0.21082 0.0224928 0.0738965 0.330362
0 0.815318 0.409512 0.0258721 0.154638 0.320262
0 0.183962 0.364455 0.0232687 0.163938 0.309583
0 0.604456 0.43641 0.0347258 0.195127 0.296752
0 0.0528978 0.225266 0.0223104 0.0900402 0.294399
0 0.901317 0.838309 0.0522789 0.163014 0.25874
