0 0.381055 0.332075 0.0510507 0.180996 0.727632
0 0.512154 0.447392 0.0519823 0.196794 0.717074
0 0.594226 0.44142 0.0392872 0.16941 0.706435
0 0.577371 0.385626 0.0296845 0.111038 0.653631
0 0.263671 0.224481 0.0257101 0.0519166 0.630209
0 0.625531 0.525169 0.0464089 0.22362 0.624784
0 0.534428 0.345081 0.0310803 0.1815 0.568884
0 0.589143 0.416433 0.0464972 0.172765 0.484867
0 0.987905 0.678959 0.0235416 0.110211 0.429717
0 0.404304 0.187264 0.0288038 0.0536723 0.416723
0 0.322578 0.629152 0.0576988 0.226411 0.385375
0 0.574415 0.26209 0.0288537 0.0976294 0.384701
0 0.382916 0.318837 0.0397321 0.155412 0.379632
0 0.766755 0.351604 0.0313843 0.095462 0.352426
0 0.104481 0.265991 0.0229073 0.0512738 0.329472
0 0.283768 0.1769 0.0201406 0.0781113 0.306486
0 0.266041 0.173897 0.0198292 0.067784 0.292175
0 0.359304 0.401425 0.0116086 0.0383212 0.281318
0 0.0635501 0.19874 0.0303696 0.0799313 0.252455
0 0.838236 0.508948 0.0444941 0.119005 0.251945
