0 0.598275 0.602211 0.0402826 0.20806 0.79355
0 0.553544 0.400814 0.061307 0.145954 0.730085
0 0.351552 0.446338 0.0636801 0.194818 0.72787
0 0.494343 0.352004 0.0408243 0.179261 0.636204
0 0.294809 0.355075 0.0378728 0.158671 0.623494
0 0.1975 0.536467 0.0411027 0.219234 0.557465
0 0.810151 0.500404 0.0484512 0.238965 0.468622
0 0.559562 0.413858 0.0507972 0.145277 0.401352
0 0.313255 0.268405 0.0226048 0.15127 0.37178
0 0.188412 0.885104 0.0673363 0.229791 0.363601
0 0.876114 0.75067 0.0315369 0.124789 0.347193
0 0.561332 0.447525 0.0483838 0.194699 0.338203
0 0.424659 0.266218 0.0258319 0.128871 0.32616
0 0.218606 0.331567 0.0273515 0.148466 0.31448
0 0.23602 0.228311 0.0262966 0.0747955 0.274271
0 0.808474 0.533615 0.0459709 0.169256 0.262152
0 0.826196 0.794253 0.0375847 0.132915 0.261595
0 0.754798 0.795328 0.0339502 0.149553 0.261479
0 0.235654 0.242992 0.0268087 0.10694 0.257606
0 0.133947 0.247293 0.019504 0.0488388 0.255178
