0 0.185788 0.523311 0.0376496 0.208169 0.723934
0 0.587875 0.579454 0.0484811 0.177785 0.671061
0 0.345474 0.447913 0.0776818 0.193542 0.606878
0 0.226632 0.224347 0.0272324 0.0628693 0.563516
0 0.413736 0.284642 0.0250649 0.143887 0.555522
0 0.280923 0.360145 0.0450989 0.159331 0.546213
0 0.796725 0.547608 0.0436755 0.141671 0.463316
0 0.743756 0.792532 0.0334652 0.151471 0.44348
0 0.212719 0.32749 0.0378262 0.158773 0.437969
0 0.488364 0.35647 0.0554655 0.176313 0.392019
0 0.672118 0.738374 0.0634018 0.246419 0.3836
0 0.303947 0.273998 0.0218095 0.155881 0.353657
0 0.779465 0.475632 0.0292155 0.09677 0.329897
0 0.55473 0.406278 0.0371077 0.159027 0.327747
0 0.865171 0.747032 0.030487 0.1257 0.278589
0 0.260988 0.216988 0.0230435 0.0368811 0.273557
0 0.815374 0.791717 0.0386318 0.132991 0.271386
0 0.824008 0.964077 0.0427902 0.0657494 0.257763
0 0.412351 0.260741 0.022451 0.0953783 0.257641
