0 0.882883 0.486016 0.057655 0.135725 0.718292
0 0.533326 0.40554 0.0643929 0.124607 0.712703
0 0.771183 0.389712 0.0473106 0.193066 0.450349
0 0.855073 0.256189 0.025518 0.0516312 0.428054
0 0.386814 0.831025 0.0432833 0.0744085 0.423171
0 0.769079 0.297628 0.0337812 0.155699 0.400326
0 0.44378 0.446144 0.0361211 0.130362 0.343248
0 0.561088 0.18265 0.0233505 0.0485104 0.336473
0 0.824584 0.252256 0.0251786 0.0566541 0.327684
0 0.339803 0.46474 0.0383981 0.123697 0.315976
0 0.413742 0.458912 0.0370693 0.145118 0.297482
0 0.178897 0.479362 0.0294325 0.0899232 0.287815
0 0.410632 0.439832 0.0314399 0.100554 0.270992
0 0.923347 0.280281 0.0284952 0.0426018 0.266241
0 0.821198 0.202997 0.0208309 0.0597803 0.253886
