0 0.278369 0.186162 0.0405191 0.167907 0.612608
0 0.883651 0.498612 0.0372829 0.214592 0.525295
0 0.483021 0.306076 0.0406835 0.216721 0.4067
0 0.891592 0.779995 0.0378487 0.154158 0.402142
0 0.0738572 0.160079 0.0242418 0.0638855 0.400325
0 0.265375 0.0681656 0.0199295 0.0683067 0.39476
0 0.110372 0.153594 0.0191061 0.056143 0.371244
0 0.401027 0.0785563 0.0282962 0.0562983 0.364429
0 0.459062 0.563539 0.0563734 0.196968 0.350298
0 0.590317 0.327732 0.0458753 0.168089 0.326917
0 0.357264 0.852193 0.0372619 0.0587155 0.319894
0 0.28403 0.0653212 0.0203754 0.0697558 0.317861
0 0.888566 0.374026 0.0373804 0.0934063 0.29736
0 0.83453 0.770326 0.0409139 0.115974 0.282961
0 0.976259 0.575729 0.0468994 0.145284 0.279935
0 0.56109 0.40741 0.069961 0.188471 0.271656
0 0.437507 0.748953 0.0450005 0.249817 0.26548
0 0.953262 0.893429 0.0458866 0.105634 0.261117
