0 0.557796 0.540159 0.0458855 0.174073 0.809028
0 0.402765 0.295542 0.0359366 0.129975 0.754438
0 0.281508 0.349941 0.0365881 0.155971 0.617414
0 0.301153 0.271385 0.0215803 0.15239 0.584871
0 0.180752 0.514589 0.0423841 0.191891 0.568175
0 0.223283 0.225238 0.0285298 0.06135 0.534228
0 0.213134 0.3217 0.0335641 0.168671 0.51061
0 0.492914 0.361525 0.0412602 0.150441 0.506464
0 0.800192 0.558186 0.0260837 0.139383 0.465946
0 0.542266 0.387058 0.0346009 0.13315 0.407898
0 0.541956 0.409958 0.03705 0.18025 0.392516
0 0.739813 0.78986 0.0337038 0.149711 0.382482
0 0.775886 0.48038 0.025584 0.101329 0.340663
0 0.257846 0.216264 0.0216116 0.0421588 0.336821
0 0.347646 0.441241 0.0685742 0.200327 0.328575
0 0.733156 0.88806 0.0321066 0.114311 0.327672
0 0.673512 0.711358 0.0484011 0.252727 0.289253
0 0.123253 0.248845 0.0195628 0.0528006 0.284208
0 0.705449 0.870015 0.0287308 0.0411408 0.268127
0 0.809316 0.790261 0.0379005 0.135458 0.265656
