0 0.418703 0.617297 0.0392288 0.225303 0.690103
0 0.326452 0.434314 0.0542764 0.173389 0.625569
0 0.314569 0.319156 0.0268086 0.0938268 0.622982
0 0.451639 0.56988 0.0495228 0.216217 0.421759
0 0.205715 0.26231 0.0245909 0.0409728 0.4198
0 0.534173 0.484658 0.0343872 0.189611 0.408502
0 0.247364 0.330019 0.0398782 0.166286 0.382557
0 0.412843 0.447048 0.0382007 0.142345 0.350671
0 0.371369 0.209192 0.0243995 0.0551282 0.347513
0 0.827831 0.663585 0.0290688 0.156075 0.340946
0 0.377278 0.395381 0.0377865 0.178154 0.324718
0 0.142041 0.25362 0.0284488 0.143185 0.289945
0 0.713525 0.378932 0.0324865 0.100851 0.263795
0 0.205266 0.201287 0.020942 0.0715671 0.262776
0 0.409847 0.433343 0.0310593 0.116653 0.253469
