0 0.771923 0.420521 0.0574445 0.138319 0.693757
0 0.659274 0.314305 0.0366385 0.132944 0.634285
0 0.55561 0.435455 0.0397494 0.124395 0.605807
0 0.604439 0.477923 0.0585093 0.182451 0.597323
0 0.407508 0.593845 0.0342324 0.17582 0.555825
0 0.854793 0.246401 0.0247826 0.0492999 0.516544
0 0.815977 0.235633 0.0251346 0.043574 0.427994
0 0.881873 0.331136 0.0359066 0.17009 0.426918
0 0.473534 0.465853 0.0407011 0.202269 0.42335
0 0.419239 0.399551 0.0373727 0.16613 0.372904
0 0.296166 0.696474 0.0270972 0.20284 0.361639
0 0.979891 0.278524 0.0285561 0.0488159 0.344004
0 0.847951 0.423057 0.0305323 0.158873 0.336571
0 0.390692 0.85074 0.0372871 0.0575336 0.330645
0 0.470698 0.827214 0.0393892 0.104222 0.278478
