0 0.638295 0.345116 0.0507144 0.148347 0.825078
0 0.481167 0.317241 0.0281994 0.1555 0.618664
0 0.71615 0.428692 0.0626358 0.182283 0.613752
0 0.777587 0.304433 0.0421339 0.112526 0.608038
0 0.572173 0.80065 0.051286 0.142152 0.599592
0 0.978296 0.349173 0.0382134 0.158298 0.583857
0 0.734457 0.319708 0.0253207 0.139338 0.5799
0 0.590053 0.695982 0.0466393 0.217987 0.487548
0 0.607145 0.151114 0.0229455 0.0442477 0.397925
0 0.524791 0.757352 0.0726686 0.149567 0.391412
0 0.889008 0.227193 0.0250904 0.045397 0.390849
0 0.932079 0.236963 0.0260828 0.0442682 0.387206
0 0.450147 0.392632 0.0434181 0.177295 0.380805
0 0.651093 0.8685 0.0184223 0.0483787 0.336046
0 0.537249 0.133605 0.0212527 0.0443468 0.326045
0 0.962287 0.240725 0.0185253 0.0510578 0.319629
0 0.705543 0.17417 0.0244167 0.054624 0.309418
0 0.854835 0.216945 0.0281361 0.0514143 0.301892
0 0.463414 0.819741 0.0451898 0.113622 0.283673
0 0.566274 0.820415 0.051629 0.107477 0.276769
0 0.396193 0.818822 0.0386237 0.112337 0.272309
0 0.966825 0.239538 0.0233746 0.056728 0.270873
