0 0.434334 0.362225 0.0287828 0.124572 0.666402
0 0.0576461 0.939137 0.0417443 0.120142 0.597002
0 0.478142 0.529498 0.057728 0.167596 0.57931
0 0.155787 0.480657 0.0295814 0.118469 0.572928
0 0.336593 0.82061 0.0360468 0.128082 0.565366
0 0.562125 0.369364 0.0309626 0.125835 0.495905
0 0.298265 0.523579 0.0399578 0.148614 0.489016
0 0.532917 0.29547 0.00921535 0.024973 0.452719
0 0.377311 0.308856 0.0283215 0.127082 0.437405
0 0.672055 0.559979 0.0300083 0.173567 0.379925
0 0.741963 0.772668 0.0145212 0.0434016 0.325386
0 0.421059 0.556818 0.0301642 0.150877 0.310164
0 0.550488 0.26298 0.0161016 0.0584821 0.292777
0 0.872574 0.705877 0.0291614 0.0998543 0.25158
