0 0.217355 0.313483 0.0301767 0.139004 0.838834
0 0.192619 0.472238 0.0335663 0.189585 0.795945
0 0.361906 0.431665 0.0475728 0.199995 0.743886
0 0.482327 0.490845 0.0314139 0.145436 0.719772
0 0.283424 0.338019 0.0341918 0.155311 0.694497
0 0.206888 0.391743 0.0107601 0.0265197 0.65079
0 0.505468 0.376747 0.0426647 0.163759 0.549102
0 0.304372 0.263983 0.0209786 0.155931 0.50024
0 0.390504 0.43611 0.0132801 0.0291639 0.403695
0 0.809781 0.790589 0.0364118 0.13946 0.311821
0 0.394262 0.349649 0.0247867 0.141774 0.299272
0 0.675126 0.64841 0.046466 0.24008 0.297748
0 0.740219 0.762157 0.0351352 0.11317 0.289889
0 0.262286 0.211543 0.0228608 0.039882 0.270917
0 0.226651 0.223616 0.0288523 0.0683742 0.25019
