0 0.29928 0.352543 0.0376091 0.164512 0.639216
0 0.203398 0.558013 0.0476732 0.223211 0.633208
0 0.492862 0.35231 0.0344431 0.180198 0.574318
0 0.359456 0.446233 0.047506 0.196411 0.548639
0 0.599494 0.599171 0.0450642 0.209037 0.541622
0 0.57631 0.447824 0.0294861 0.178312 0.541383
0 0.197351 0.888125 0.0642736 0.223329 0.514751
0 0.219938 0.32565 0.0287282 0.158522 0.508169
0 0.428073 0.257535 0.0240969 0.119431 0.506874
0 0.650662 0.739879 0.0455602 0.253964 0.488033
0 0.545096 0.390865 0.0360553 0.135564 0.486362
0 0.807933 0.543185 0.0364008 0.148616 0.452941
0 0.317006 0.269622 0.0223252 0.148883 0.380583
0 0.0828822 0.261737 0.0200148 0.0486744 0.355674
0 0.240393 0.221229 0.0268319 0.0682503 0.329031
0 0.111373 0.251627 0.0174058 0.0540763 0.317506
0 0.830094 0.794816 0.0393654 0.129756 0.312835
0 0.575914 0.41999 0.0297339 0.119812 0.291844
0 0.880011 0.75185 0.0322075 0.124221 0.269256
0 0.762509 0.765921 0.0357903 0.0911017 0.260616
0 0.811639 0.527752 0.0447594 0.162669 0.260278
