0 0.813209 0.422546 0.0335892 0.149941 0.70021
0 0.522236 0.608649 0.0605866 0.193411 0.696239
0 0.531185 0.607538 0.0416048 0.193893 0.69405
0 0.43145 0.425698 0.0251983 0.140927 0.68568
0 0.719502 0.439446 0.0650383 0.148905 0.660629
0 0.669297 0.31216 0.035101 0.125673 0.654093
0 0.448334 0.456667 0.0249598 0.18444 0.535663
0 0.271206 0.635666 0.0376037 0.188018 0.531837
0 0.569326 0.340709 0.0221962 0.151115 0.511292
0 0.321044 0.569241 0.0326901 0.156802 0.508973
0 0.249173 0.810959 0.0362636 0.169089 0.502185
0 0.279599 0.843248 0.0353486 0.151602 0.500197
0 0.50021 0.520531 0.0351648 0.195696 0.458394
0 0.869506 0.344404 0.0273367 0.145248 0.452049
0 0.514346 0.855985 0.0283415 0.104504 0.442598
0 0.423869 0.829992 0.03743 0.152281 0.411346
0 0.314921 0.854473 0.0405119 0.106049 0.387807
0 0.387042 0.871505 0.0379545 0.0725297 0.327863
0 0.181346 0.829887 0.0269502 0.0858256 0.311863
0 0.499703 0.493993 0.030224 0.140426 0.297209
0 0.500862 0.56685 0.0370045 0.0985992 0.292053
0 0.861118 0.259382 0.0224552 0.0385801 0.271247
