0 0.391593 0.391845 0.0112586 0.0303813 0.661876
0 0.301203 0.272098 0.0225496 0.1495 0.653195
0 0.358746 0.429541 0.0464239 0.189081 0.620563
0 0.279894 0.343373 0.0393163 0.157269 0.612343
0 0.401729 0.321038 0.0339001 0.157413 0.587252
0 0.213913 0.317059 0.0293478 0.154836 0.570575
0 0.184607 0.480623 0.0421135 0.180246 0.506567
0 0.672272 0.676913 0.0454456 0.233808 0.38372
0 0.814348 0.360706 0.0280361 0.0804941 0.334821
0 0.258039 0.215023 0.021474 0.0414248 0.296598
0 0.805722 0.781888 0.0368725 0.124925 0.270733
