0 0.56474 0.474608 0.0510672 0.168127 0.630605
0 0.458048 0.779239 0.0449036 0.194273 0.553801
0 0.255 0.248778 0.025998 0.0501976 0.543595
0 0.634236 0.56593 0.0527239 0.242291 0.528157
0 0.977484 0.729615 0.0441516 0.123322 0.516438
0 0.750983 0.371462 0.0296905 0.0816271 0.498702
0 0.336885 0.632442 0.074831 0.19774 0.491717
0 0.3946 0.209387 0.0285463 0.0523402 0.478051
0 0.439224 0.41859 0.0468925 0.181528 0.460502
0 0.424007 0.201835 0.0238977 0.0505272 0.339814
0 0.0597258 0.226299 0.0271415 0.0829647 0.312186
0 0.953617 0.88449 0.0411684 0.16006 0.286442
0 0.366344 0.211653 0.0220624 0.057033 0.270497
0 0.433151 0.340418 0.0345899 0.127204 0.270449
0 0.910343 0.661818 0.0307596 0.232062 0.265343
0 0.885285 0.51971 0.0391723 0.13049 0.25881
