0 0.427634 0.363578 0.0347718 0.106387 0.817699
0 0.572431 0.380699 0.0263971 0.111272 0.596865
0 0.423114 0.56697 0.0477577 0.175481 0.573967
0 0.668261 0.588563 0.0324215 0.187494 0.528513
0 0.266713 0.861768 0.0435961 0.18747 0.480233
0 0.0993269 0.497212 0.0305547 0.162355 0.468797
0 0.755629 0.772035 0.0156009 0.0350158 0.46484
0 0.364024 0.305691 0.0291898 0.119716 0.436268
0 0.544103 0.246573 0.0309017 0.10498 0.418266
0 0.719149 0.682117 0.0413788 0.16496 0.407443
0 0.25146 0.540604 0.0270216 0.137515 0.377884
0 0.0746524 0.911859 0.0363361 0.176282 0.290687
0 0.824993 0.698919 0.0284155 0.114855 0.278993
0 0.781376 0.824613 0.0325641 0.0920984 0.273769
