0 0.491936 0.40932 0.0391962 0.164363 0.754613
0 0.1647 0.507131 0.045734 0.20403 0.693494
0 0.310132 0.159617 0.0287615 0.171288 0.578464
0 0.465506 0.277608 0.033138 0.206534 0.538535
0 0.188057 0.23699 0.0288128 0.184752 0.468781
0 0.586698 0.32516 0.0284374 0.175274 0.445497
0 0.398818 0.063193 0.0272918 0.0515603 0.400713
0 0.459931 0.69463 0.0481966 0.21527 0.390573
0 0.497954 0.324759 0.041071 0.171668 0.364533
0 0.0568001 0.152206 0.0262836 0.0593574 0.360742
0 0.267124 0.0997721 0.0249195 0.0467159 0.353944
0 0.0877441 0.143014 0.0247079 0.0597188 0.353345
0 0.556654 0.305959 0.0394359 0.168241 0.31134
0 0.915153 0.684551 0.0362127 0.148519 0.279164
0 0.782537 0.72741 0.0400307 0.153164 0.269692
0 0.426528 0.0547376 0.0225775 0.0500376 0.254028
