0 0.312058 0.835025 0.0524501 0.106788 0.569631
0 0.227544 0.0986066 0.0283915 0.0628895 0.563979
0 0.529613 0.370787 0.0553005 0.232326 0.533741
0 0.196788 0.214012 0.0452106 0.181544 0.525332
0 0.467262 0.581032 0.059921 0.240743 0.491979
0 0.264757 0.092099 0.0239864 0.0463529 0.486348
0 0.296936 0.158191 0.0318189 0.168867 0.475527
0 0.883384 0.736757 0.0355877 0.145057 0.402357
0 0.967905 0.524484 0.0538668 0.107008 0.396051
0 0.788317 0.83966 0.0451621 0.112772 0.358778
0 0.861534 0.813595 0.0314373 0.1249 0.326607
0 0.268575 0.0385634 0.0209753 0.0650335 0.305289
0 0.474005 0.27235 0.03487 0.204503 0.280399
0 0.402257 0.0515499 0.0264917 0.0504962 0.276602
0 0.246897 0.0558891 0.0292384 0.103699 0.27573
0 0.887601 0.84469 0.0528347 0.119306 0.273809
0 0.825919 0.733134 0.0398338 0.118087 0.273191
0 0.429529 0.0472263 0.0228758 0.0466481 0.272758
0 0.580727 0.289582 0.0614249 0.191164 0.271578
0 0.927469 0.810899 0.0355817 0.135706 0.266682
0 0.527265 0.186754 0.0300302 0.152683 0.250995
