0 0.299807 0.354332 0.0375432 0.161552 0.683635
0 0.360839 0.446085 0.047081 0.198263 0.617877
0 0.430946 0.248753 0.0237082 0.124219 0.614785
0 0.219086 0.325859 0.0277531 0.15675 0.594942
0 0.199413 0.888104 0.0614448 0.222702 0.583541
0 0.579221 0.452012 0.0245086 0.139085 0.542466
0 0.49288 0.351978 0.034337 0.18041 0.539438
0 0.54418 0.390792 0.0391876 0.140169 0.518766
0 0.578353 0.428399 0.0260591 0.100654 0.466393
0 0.204628 0.560868 0.047967 0.225469 0.461131
0 0.601283 0.59957 0.0423688 0.210641 0.428528
0 0.317152 0.269769 0.0228302 0.148773 0.408854
0 0.649937 0.742215 0.04578 0.24322 0.370449
0 0.581765 0.465452 0.0188259 0.132025 0.36177
0 0.0832939 0.26132 0.0199191 0.0486575 0.336311
0 0.762196 0.767434 0.0345928 0.0935799 0.328454
0 0.807019 0.543698 0.0346766 0.143833 0.313035
0 0.111678 0.251369 0.0177297 0.0540998 0.311876
0 0.911013 0.935689 0.0378559 0.108024 0.265441
0 0.880249 0.75167 0.0323117 0.123113 0.262026
