0 0.565219 0.324897 0.0388143 0.121521 0.83267
0 0.654405 0.43283 0.058744 0.157545 0.675617
0 0.90545 0.755943 0.0681297 0.174971 0.62412
0 0.0446544 0.638611 0.0392289 0.172871 0.621916
0 0.306601 0.652561 0.0664099 0.197592 0.612423
0 0.411257 0.547492 0.0383384 0.172918 0.607612
0 0.55837 0.32294 0.024124 0.116304 0.605098
0 0.510942 0.226688 0.0263071 0.120428 0.5649
0 0.530294 0.775624 0.0394704 0.175757 0.521719
0 0.348133 0.263034 0.0196844 0.0974557 0.371354
0 0.258746 0.845055 0.0352397 0.1511 0.336913
0 0.622487 0.640103 0.0400305 0.190288 0.293192
