0 0.580933 0.451074 0.0463013 0.174206 0.575409
0 0.261249 0.239273 0.0267093 0.0467655 0.535231
0 0.503485 0.459458 0.0557221 0.184329 0.521637
0 0.316188 0.639307 0.0680736 0.211912 0.512088
0 0.631081 0.550614 0.032502 0.240657 0.471339
0 0.482721 0.357255 0.0239771 0.0630157 0.443448
0 0.414922 0.77089 0.0469263 0.203718 0.401171
0 0.228707 0.311583 0.0250935 0.181839 0.383638
0 0.926078 0.664499 0.0329239 0.220627 0.371569
0 0.401307 0.199081 0.0288508 0.0535364 0.370871
0 0.264383 0.186253 0.020519 0.0759626 0.31826
0 0.432347 0.193028 0.0235771 0.0428033 0.31791
0 0.817407 0.915417 0.0503162 0.164446 0.298335
0 0.389307 0.144952 0.0247374 0.0818361 0.298212
0 0.418995 0.344375 0.0373941 0.194214 0.295936
0 0.953431 0.521638 0.0435951 0.187142 0.26761
0 0.462679 0.407232 0.0611833 0.146451 0.261682
0 0.344559 0.152369 0.0237537 0.0842151 0.259667
