0 0.706718 0.349186 0.0253893 0.144708 0.809629
0 0.41928 0.490531 0.047146 0.204171 0.648882
0 0.473659 0.457333 0.0457896 0.175443 0.581248
0 0.828784 0.27269 0.0252604 0.0457403 0.572819
0 0.821867 0.436127 0.033383 0.131989 0.539817
0 0.743259 0.317812 0.028216 0.157409 0.538094
0 0.571214 0.375782 0.0408713 0.151058 0.514827
0 0.4567 0.846658 0.0418865 0.0881144 0.488914
0 0.463848 0.450734 0.0292885 0.163284 0.425368
0 0.478829 0.77473 0.0512979 0.211487 0.366143
0 0.93647 0.300043 0.0296799 0.0525218 0.314596
0 0.207816 0.564045 0.0355565 0.189261 0.312583
0 0.894209 0.292021 0.0273705 0.0481774 0.298223
0 0.969135 0.306549 0.0215804 0.054118 0.271449
0 0.543465 0.198015 0.0221429 0.0417001 0.265522
