0 0.579855 0.414282 0.0345981 0.166521 0.773358
0 0.215052 0.301307 0.028056 0.135432 0.619326
0 0.332495 0.363672 0.0330643 0.150846 0.607613
0 0.383048 0.495043 0.0406509 0.196263 0.562947
0 0.209526 0.44957 0.0451053 0.182686 0.55697
0 0.313793 0.239731 0.0219222 0.149031 0.551419
0 0.240394 0.188185 0.0254254 0.0543902 0.426857
0 0.403539 0.547864 0.0294095 0.137953 0.425515
0 0.418923 0.415787 0.0462408 0.106123 0.401171
0 0.272562 0.182524 0.021108 0.0415075 0.39056
0 0.496112 0.342058 0.047924 0.172 0.365462
0 0.649322 0.446228 0.046271 0.169956 0.351072
0 0.74237 0.852195 0.0368441 0.111421 0.302613
0 0.0396187 0.244207 0.0240153 0.0426668 0.292744
