0 0.680891 0.321727 0.050116 0.139239 0.762629
0 0.0582225 0.609782 0.0511318 0.156865 0.746673
0 0.790781 0.436099 0.0746387 0.160183 0.683125
0 0.636023 0.219714 0.0203617 0.126752 0.682306
0 0.917601 0.913551 0.0940304 0.172796 0.630853
0 0.41031 0.828286 0.0284993 0.127176 0.604647
0 0.441117 0.489057 0.0459395 0.175031 0.473549
0 0.681027 0.651125 0.0578612 0.206041 0.408503
0 0.0783661 0.374492 0.039731 0.138483 0.398286
0 0.488474 0.778887 0.0415467 0.164068 0.384854
0 0.409009 0.289922 0.0565765 0.14075 0.384289
0 0.0799448 0.780795 0.0396251 0.178383 0.378743
0 0.668751 0.646707 0.0826456 0.21599 0.361496
0 0.331883 0.541124 0.0576146 0.151762 0.332096
0 0.421421 0.289768 0.0315992 0.140253 0.318979
0 0.490019 0.712051 0.0294653 0.0853067 0.286569
0 0.240818 0.860466 0.0366357 0.117965 0.280334
0 0.118823 0.810097 0.0324756 0.156371 0.279429
0 0.728324 0.563342 0.190813 0.176883 0.26814
0 0.456862 0.792428 0.0479637 0.0521698 0.261003
0 0.150982 0.835979 0.0421347 0.104112 0.25493
