0 0.491997 0.388929 0.042629 0.209551 0.69614
0 0.274685 0.294144 0.0282417 0.174506 0.616433
0 0.419413 0.601998 0.042321 0.224192 0.546598
0 0.434437 0.804859 0.0576294 0.117726 0.523369
0 0.401147 0.15414 0.0270326 0.0542026 0.49397
0 0.259823 0.189729 0.0267807 0.0439412 0.397156
0 0.763581 0.317057 0.0344671 0.0875506 0.356016
0 0.962595 0.598567 0.0434384 0.117684 0.353151
0 0.895131 0.579864 0.0363041 0.211782 0.338251
0 0.430748 0.14682 0.0229511 0.0473276 0.336185
0 0.575404 0.36003 0.032398 0.201008 0.334516
0 0.221425 0.20193 0.0294035 0.0679194 0.328147
0 0.598913 0.390847 0.0254337 0.14162 0.32724
0 0.848228 0.862931 0.0451214 0.128366 0.299324
0 0.600532 0.401713 0.0341916 0.16977 0.291928
0 0.221499 0.240588 0.0302358 0.147795 0.291498
0 0.539639 0.372549 0.0411243 0.21243 0.284095
0 0.57093 0.224295 0.0231711 0.0775966 0.279273
0 0.373736 0.157075 0.0217947 0.0592 0.278272
0 0.305537 0.140106 0.0192207 0.0805262 0.262027
0 0.264296 0.144741 0.0192694 0.0664822 0.25645
0 0.283212 0.152778 0.0227265 0.0890764 0.253859
0 0.808694 0.95459 0.0491278 0.0880302 0.253827
0 0.830065 0.305964 0.0323242 0.0854193 0.250753
