0 0.832152 0.401226 0.0305843 0.152831 0.746958
0 0.874141 0.335248 0.0406799 0.148357 0.650032
0 0.678832 0.30661 0.0479685 0.120599 0.645263
0 0.754541 0.418059 0.0564181 0.136501 0.606911
0 0.611879 0.319636 0.0561625 0.148333 0.532216
0 0.528882 0.475819 0.0621541 0.200223 0.406262
0 0.786886 0.234007 0.0272956 0.0423006 0.405064
0 0.945543 0.274503 0.0226019 0.048291 0.386063
0 0.308097 0.791665 0.0395038 0.114841 0.385408
0 0.417602 0.472777 0.032184 0.19133 0.334847
0 0.369833 0.849961 0.0358572 0.061527 0.331461
0 0.374753 0.586755 0.0385751 0.173742 0.313547
0 0.823738 0.243946 0.0260612 0.047051 0.293271
0 0.234456 0.831745 0.0293569 0.0732913 0.255837
