0 0.431023 0.367401 0.0262001 0.1189 0.897338
0 0.287553 0.525897 0.0384086 0.151034 0.575567
0 0.477675 0.516049 0.055467 0.182663 0.565745
0 0.0634847 0.937047 0.0369426 0.125905 0.523604
0 0.401343 0.285156 0.0158197 0.0755228 0.495942
0 0.374785 0.311411 0.0384442 0.125167 0.464317
0 0.569432 0.3749 0.0278243 0.130327 0.456717
0 0.562944 0.373431 0.0391759 0.127795 0.456253
0 0.135074 0.490112 0.0346134 0.13869 0.45565
0 0.306253 0.829988 0.031072 0.128768 0.41122
0 0.54637 0.245564 0.0264195 0.103758 0.398387
0 0.422361 0.574306 0.0310703 0.166853 0.381307
0 0.74665 0.772157 0.0133325 0.0439959 0.381197
0 0.732641 0.687041 0.0514018 0.184049 0.341349
0 0.672644 0.581749 0.0359237 0.191702 0.339851
0 0.687749 0.828226 0.0256961 0.077887 0.289659
0 0.720234 0.812746 0.0230791 0.066515 0.288983
