0 0.48443 0.352032 0.0436251 0.175291 0.801221
0 0.557619 0.798854 0.0684223 0.153294 0.745381
0 0.797471 0.38557 0.0415144 0.163554 0.712404
0 0.47656 0.301811 0.0288799 0.154948 0.664615
0 0.522445 0.715347 0.0553845 0.150512 0.662096
0 0.677863 0.352146 0.030393 0.15083 0.637723
0 0.742558 0.418512 0.03982 0.170483 0.634058
0 0.60485 0.152609 0.024168 0.0485942 0.478826
0 0.981596 0.352633 0.0362335 0.173906 0.417136
0 0.677558 0.65233 0.0699863 0.215422 0.407688
0 0.702572 0.177076 0.0268667 0.0591969 0.352838
0 0.639964 0.16494 0.0238888 0.041523 0.346032
0 0.486584 0.350844 0.0319651 0.161603 0.336645
0 0.925218 0.239221 0.0279331 0.0513924 0.3136
0 0.870475 0.184176 0.0229473 0.0651318 0.309121
0 0.352748 0.313349 0.0327036 0.139395 0.278131
0 0.471773 0.318164 0.0213826 0.131098 0.271051
0 0.88549 0.232271 0.0293841 0.0383684 0.261649
0 0.488525 0.828941 0.0454859 0.094327 0.258587
