0 0.316726 0.454497 0.0308318 0.136483 0.832064
0 0.11929 0.460711 0.0308592 0.176141 0.684053
0 0.410145 0.572757 0.0640142 0.206558 0.626485
0 0.572673 0.608812 0.0305282 0.169914 0.612895
0 0.283763 0.365105 0.0238793 0.163515 0.602766
0 0.459116 0.46321 0.0445 0.150276 0.543082
0 0.41595 0.331981 0.0266614 0.155043 0.414821
0 0.238601 0.309613 0.0217175 0.0404034 0.394991
0 0.781005 0.61971 0.0284273 0.207976 0.374024
0 0.203264 0.313357 0.0273379 0.0619093 0.333446
0 0.781957 0.636283 0.0244587 0.15843 0.312073
0 0.094656 0.281964 0.023284 0.0734783 0.303856
0 0.0327315 0.357614 0.0253202 0.0627301 0.294957
0 0.0975319 0.345578 0.0185494 0.0503021 0.287343
0 0.741271 0.905647 0.0353577 0.146797 0.267497
0 0.431158 0.429473 0.0307629 0.162044 0.253587
