0 0.78394 0.58303 0.0249475 0.141337 0.734021
0 0.15695 0.394038 0.030654 0.181789 0.723069
0 0.489929 0.420496 0.0341291 0.157175 0.694637
0 0.281248 0.920192 0.0383171 0.159616 0.570706
0 0.295821 0.395589 0.0419451 0.150562 0.544302
0 0.562497 0.531265 0.0347725 0.198788 0.510194
0 0.382848 0.516866 0.0488706 0.198666 0.438485
0 0.215734 0.262108 0.0265922 0.0612555 0.397497
0 0.455684 0.387327 0.0350207 0.189066 0.351645
0 0.514716 0.622599 0.0492682 0.20028 0.335241
0 0.251092 0.25681 0.022919 0.0431348 0.285934
0 0.823913 0.800264 0.0272846 0.078319 0.260734
