0 0.850374 0.625519 0.0425144 0.225487 0.75816
0 0.43694 0.461551 0.0337815 0.206806 0.599856
0 0.240546 0.45047 0.0381004 0.176223 0.567968
0 0.201278 0.36299 0.0417728 0.163443 0.553188
0 0.332491 0.364561 0.0480394 0.182526 0.473186
0 0.397522 0.602418 0.0463002 0.215267 0.443589
0 0.829867 0.482826 0.0426621 0.122136 0.344946
0 0.325299 0.564443 0.0479985 0.1431 0.335632
0 0.327965 0.585893 0.0561884 0.187649 0.307348
0 0.20559 0.331422 0.0308374 0.195385 0.303069
0 0.697346 0.436088 0.0453303 0.111426 0.269986
