0 0.467333 0.484307 0.0259203 0.124587 0.803515
0 0.245523 0.672885 0.0535462 0.204284 0.799032
0 0.40777 0.423697 0.0281683 0.130854 0.648969
0 0.452686 0.588108 0.039888 0.187335 0.607764
0 0.486399 0.334546 0.0204895 0.135699 0.516893
0 0.518034 0.352141 0.0240838 0.129792 0.492502
0 0.636651 0.572905 0.0496477 0.192992 0.478988
0 0.877221 0.793401 0.0303831 0.114681 0.385548
0 0.338561 0.567688 0.0327884 0.170439 0.363654
0 0.724931 0.724577 0.0512492 0.168574 0.335535
0 0.375429 0.384854 0.0347251 0.121924 0.330362
0 0.372203 0.377913 0.0269341 0.107314 0.3202
0 0.10649 0.349399 0.0243667 0.0506223 0.294783
0 0.169507 0.335932 0.0179496 0.0430318 0.272804
0 0.763436 0.803911 0.0356636 0.0868374 0.267421
