0 0.168842 0.483416 0.0337499 0.137246 0.740793
0 0.0507315 0.941488 0.0445877 0.116897 0.676377
0 0.541056 0.256761 0.0251616 0.0926443 0.651882
0 0.437509 0.36283 0.0363539 0.132888 0.640597
0 0.313192 0.507757 0.0321752 0.157405 0.628849
0 0.379387 0.304226 0.0205841 0.130406 0.625306
0 0.353825 0.824133 0.0377645 0.126083 0.60402
0 0.476411 0.526177 0.0485207 0.169735 0.524483
0 0.419606 0.549589 0.0337761 0.164381 0.457874
0 0.670509 0.547116 0.025436 0.175515 0.452545
0 0.404892 0.27173 0.028814 0.11617 0.444485
0 0.558252 0.35739 0.0341762 0.127444 0.432562
0 0.754434 0.664272 0.0325447 0.173883 0.268038
