0 0.864785 0.342076 0.0422775 0.15363 0.697833
0 0.256125 0.800081 0.0383572 0.15443 0.613263
0 0.819684 0.415766 0.027343 0.142782 0.564749
0 0.456568 0.455083 0.0274443 0.178657 0.558647
0 0.570519 0.337627 0.0313223 0.151652 0.555012
0 0.666652 0.311054 0.0202059 0.127841 0.505594
0 0.509808 0.603637 0.0721155 0.198048 0.477582
0 0.529311 0.858142 0.0294134 0.0953442 0.458562
0 0.720614 0.422857 0.0516773 0.128819 0.442447
0 0.426973 0.829386 0.0367614 0.138838 0.440756
0 0.269522 0.639877 0.0574986 0.179502 0.439161
0 0.439231 0.438501 0.0287703 0.168152 0.399734
0 0.329221 0.576864 0.0374976 0.165086 0.378087
0 0.187515 0.832356 0.0303508 0.0846807 0.335955
0 0.100945 0.757584 0.0334118 0.0945136 0.330631
0 0.3223 0.854519 0.0380269 0.102738 0.307065
0 0.395283 0.871028 0.0364775 0.0718175 0.296404
0 0.872104 0.258868 0.020936 0.047368 0.295418
0 0.285546 0.842023 0.0307578 0.149438 0.282755
0 0.840947 0.24789 0.0253984 0.0483135 0.259707
0 0.941368 0.185505 0.0206818 0.0465737 0.250314
