0 0.515153 0.303068 0.0345408 0.135662 0.7266
0 0.75153 0.33038 0.0376991 0.111741 0.641354
0 0.61669 0.525324 0.0892456 0.167729 0.610573
0 0.447737 0.346289 0.0436766 0.139628 0.595441
0 0.616769 0.236595 0.0315699 0.155437 0.565376
0 0.412322 0.737726 0.0407345 0.187612 0.533133
0 0.387692 0.832199 0.0363799 0.0788776 0.473115
0 0.44385 0.561564 0.0462366 0.172944 0.469094
0 0.609462 0.423767 0.0449532 0.132559 0.454213
0 0.648621 0.16884 0.0230531 0.0474969 0.422685
0 0.865846 0.223787 0.0253681 0.0460985 0.394447
0 0.92941 0.241443 0.0213699 0.0427802 0.385025
0 0.635141 0.521848 0.0524519 0.176471 0.376072
0 0.438456 0.815669 0.0458774 0.122675 0.374685
0 0.794268 0.204741 0.0247192 0.0539954 0.290473
0 0.764814 0.199378 0.021441 0.046644 0.261132
0 0.388772 0.406404 0.0351887 0.18306 0.256198
