0 0.487899 0.407764 0.040376 0.163179 0.737963
0 0.160047 0.390061 0.0268005 0.17432 0.582292
0 0.566624 0.516527 0.0305648 0.185882 0.580984
0 0.29558 0.389538 0.0390896 0.148432 0.509934
0 0.785845 0.576306 0.0263028 0.143803 0.507165
0 0.380269 0.510285 0.0489579 0.202808 0.432222
0 0.272309 0.916095 0.0508806 0.1656 0.419893
0 0.253687 0.248219 0.0247664 0.0464874 0.398728
0 0.45842 0.385076 0.036079 0.193412 0.3959
0 0.377456 0.212268 0.0259848 0.049038 0.356622
0 0.250435 0.252214 0.0195988 0.043082 0.313933
0 0.417019 0.300693 0.0209356 0.0917497 0.305987
0 0.520731 0.624331 0.0430967 0.204014 0.279334
0 0.745807 0.823444 0.0303993 0.108837 0.258332
0 0.140063 0.684902 0.0535542 0.23577 0.253049
