0 0.36187 0.450528 0.0448522 0.195289 0.769643
0 0.212757 0.335609 0.0385305 0.155878 0.721481
0 0.525495 0.386962 0.0367346 0.14699 0.638026
0 0.300243 0.352438 0.0355056 0.170775 0.622686
0 0.434916 0.241775 0.0272544 0.139709 0.534811
0 0.240338 0.219916 0.026861 0.0610262 0.514394
0 0.202445 0.578943 0.0419434 0.228143 0.509337
0 0.584498 0.466778 0.0238602 0.120592 0.482744
0 0.081696 0.263105 0.021654 0.0490124 0.390343
0 0.588904 0.611316 0.0642952 0.206439 0.376541
0 0.912924 0.939893 0.0370802 0.0992663 0.363485
0 0.492751 0.354354 0.0344236 0.181355 0.33533
0 0.317284 0.270811 0.0226659 0.148855 0.281082
0 0.622204 0.764052 0.0551888 0.212833 0.251075
