0 0.510479 0.32914 0.0442235 0.126092 0.709297
0 0.488804 0.613155 0.043786 0.181448 0.607685
0 0.105792 0.88351 0.0371107 0.181659 0.555942
0 0.130016 0.617473 0.0344263 0.170011 0.555057
0 0.445961 0.234865 0.0293948 0.113751 0.551974
0 0.915511 0.711646 0.031897 0.123652 0.544587
0 0.609893 0.432095 0.0327518 0.154147 0.533356
0 0.636261 0.735545 0.0493685 0.169057 0.476339
0 0.602034 0.810153 0.0163748 0.046013 0.471019
0 0.628985 0.737997 0.0680279 0.182151 0.448483
0 0.917778 0.593978 0.0392776 0.15457 0.437179
0 0.638669 0.714019 0.034277 0.133345 0.425197
0 0.642055 0.643345 0.0323886 0.194971 0.407466
0 0.882836 0.827612 0.032529 0.0965302 0.380388
0 0.346693 0.264859 0.0346719 0.164685 0.358434
0 0.920556 0.777477 0.0373861 0.0803033 0.349772
0 0.990708 0.717872 0.0178821 0.110888 0.340932
0 0.208521 0.206429 0.0188452 0.0492525 0.310808
0 0.952941 0.718286 0.0333313 0.112594 0.303672
0 0.421688 0.693626 0.051292 0.222725 0.299029
0 0.63459 0.747673 0.0504166 0.122393 0.272658
0 0.232241 0.972315 0.0382549 0.0526977 0.270918
