0 0.571948 0.377686 0.0253823 0.116632 0.647241
0 0.368159 0.306789 0.0306044 0.122617 0.603771
0 0.542778 0.245588 0.02768 0.109533 0.544925
0 0.42585 0.361727 0.0366114 0.114381 0.533787
0 0.265038 0.546698 0.0291856 0.159793 0.48359
0 0.418821 0.571092 0.0498133 0.176778 0.463299
0 0.105657 0.496541 0.0419272 0.166342 0.463046
0 0.276355 0.860781 0.04304 0.192873 0.455547
0 0.0714084 0.91978 0.0364447 0.159069 0.431258
0 0.263606 0.519125 0.0252446 0.106225 0.343339
0 0.748623 0.770626 0.0201731 0.0336832 0.340054
0 0.723314 0.681785 0.0480667 0.17506 0.339972
0 0.537522 0.273955 0.0165253 0.0520468 0.331757
0 0.400113 0.278675 0.0278325 0.0800186 0.321463
0 0.777399 0.828077 0.0310425 0.0964909 0.303011
0 0.690471 0.82687 0.0278481 0.0810593 0.290301
0 0.668816 0.549681 0.0247703 0.105707 0.265565
