0 0.481875 0.329958 0.0429296 0.214861 0.744699
0 0.605012 0.153055 0.0239416 0.0485945 0.531882
0 0.636138 0.602964 0.0371202 0.141198 0.515872
0 0.744511 0.414259 0.0388986 0.165329 0.511314
0 0.523021 0.723962 0.0557557 0.136943 0.500642
0 0.668099 0.65371 0.0615331 0.226115 0.488003
0 0.564432 0.806052 0.0575266 0.132917 0.469027
0 0.785736 0.358992 0.058299 0.200012 0.458884
0 0.47749 0.300978 0.0306789 0.152203 0.404004
0 0.87081 0.180848 0.0240357 0.0685216 0.379817
0 0.701711 0.177179 0.0260104 0.0550397 0.374564
0 0.485789 0.828166 0.0467661 0.101894 0.366378
0 0.981104 0.357765 0.0373676 0.146284 0.32881
0 0.673351 0.34926 0.0406426 0.154926 0.322392
0 0.645512 0.557615 0.0167912 0.0488716 0.30195
0 0.926083 0.236096 0.0274383 0.0544363 0.293791
0 0.791909 0.377442 0.0463238 0.170958 0.287003
0 0.641 0.164559 0.0246528 0.0444183 0.259792
0 0.885678 0.232068 0.0285044 0.0376056 0.253627
0 0.162822 0.434352 0.0257071 0.0876529 0.250811
