0 0.212368 0.283623 0.0228725 0.0435017 0.605596
0 0.0131385 0.498681 0.0246849 0.183345 0.546948
0 0.517143 0.592453 0.0563238 0.225875 0.539354
0 0.376182 0.232108 0.0232165 0.0523693 0.480084
0 0.486865 0.526721 0.0474271 0.187712 0.47618
0 0.388335 0.460721 0.0377313 0.188732 0.422423
0 0.261781 0.342043 0.0245622 0.173029 0.357692
0 0.175529 0.291139 0.0282183 0.0588733 0.35121
0 0.432511 0.633619 0.0558229 0.217802 0.330404
0 0.772624 0.385548 0.0300815 0.0714405 0.301018
0 0.374835 0.310175 0.0352266 0.0943479 0.300066
0 0.0592514 0.323092 0.0269911 0.0549717 0.28634
0 0.213709 0.221017 0.0218771 0.0674802 0.279776
