0 0.466375 0.369397 0.0306976 0.163429 0.616633
0 0.560482 0.803614 0.0526838 0.145116 0.586046
0 0.980308 0.342944 0.0388014 0.174606 0.52406
0 0.656279 0.349744 0.0384604 0.153647 0.523281
0 0.505344 0.738349 0.055142 0.114412 0.514117
0 0.886845 0.228958 0.0289081 0.0429559 0.442905
0 0.606667 0.154165 0.0232546 0.0427507 0.425291
0 0.740549 0.43694 0.0419627 0.176435 0.398827
0 0.853566 0.220993 0.0277771 0.0466818 0.353816
0 0.703875 0.176102 0.0251848 0.0558896 0.338786
0 0.617379 0.703002 0.0597544 0.232419 0.328546
0 0.767268 0.351616 0.0352422 0.140974 0.321661
0 0.767786 0.331496 0.0268094 0.0976365 0.307734
0 0.766242 0.319548 0.0189905 0.0775635 0.296622
0 0.754036 0.437046 0.0671368 0.179778 0.295662
0 0.93066 0.239095 0.0269215 0.047873 0.291338
