0 0.506656 0.777106 0.055924 0.199253 0.685623
0 0.361205 0.625906 0.0515924 0.21114 0.58332
0 0.449109 0.513771 0.0374455 0.214778 0.49919
0 0.633005 0.564057 0.0585226 0.245099 0.484802
0 0.254628 0.258104 0.0252107 0.044569 0.448958
0 0.549366 0.474648 0.0475296 0.187528 0.403026
0 0.210088 0.307303 0.0202159 0.140885 0.350489
0 0.492421 0.365849 0.0351906 0.157 0.332654
0 0.438813 0.313504 0.0323959 0.0998967 0.313053
0 0.446665 0.377146 0.0354359 0.140302 0.260458
0 0.0629413 0.23761 0.0233338 0.0727719 0.255482
0 0.195102 0.252926 0.0254138 0.146023 0.255168
0 0.419641 0.446296 0.0367634 0.183949 0.254055
