0 0.637061 0.492149 0.0907387 0.177302 0.714118
0 0.410123 0.603703 0.0370479 0.183025 0.674218
0 0.426949 0.365645 0.0371265 0.140552 0.668563
0 0.846781 0.42054 0.0408005 0.161981 0.625773
0 0.718832 0.308733 0.0387623 0.12354 0.609322
0 0.786092 0.421523 0.0421019 0.142168 0.571514
0 0.588849 0.466118 0.043156 0.163785 0.51296
0 0.669094 0.313104 0.0318151 0.143638 0.472646
0 0.824802 0.2347 0.0274525 0.0406455 0.403531
0 0.257901 0.836145 0.0274294 0.0792646 0.383388
0 0.481812 0.827646 0.0419867 0.0984332 0.381192
0 0.864939 0.24422 0.0256024 0.047021 0.380387
0 0.88929 0.319573 0.0296889 0.150522 0.363679
0 0.98785 0.274517 0.0235985 0.0570189 0.342477
0 0.6507 0.186964 0.0207883 0.0472923 0.31464
0 0.33046 0.813519 0.0364861 0.118382 0.30215
0 0.475698 0.437603 0.040441 0.196596 0.286143
0 0.35967 0.820715 0.0304558 0.106978 0.279233
