0 0.425693 0.357245 0.0288773 0.126698 0.796404
0 0.478758 0.506827 0.0287152 0.154253 0.728334
0 0.214248 0.500623 0.0320431 0.155266 0.593891
0 0.552475 0.323031 0.0281523 0.101126 0.542305
0 0.402533 0.812642 0.0406193 0.130897 0.528419
0 0.402446 0.537077 0.0367976 0.157763 0.51817
0 0.660615 0.532724 0.026228 0.164985 0.459619
0 0.346528 0.487944 0.0302492 0.153547 0.45728
0 0.718965 0.790437 0.0140881 0.0291975 0.450348
0 0.0283786 0.953113 0.0414641 0.0937732 0.437001
0 0.537466 0.263655 0.0226446 0.0967568 0.372486
0 0.536971 0.27762 0.0206808 0.0724863 0.343725
0 0.472242 0.477547 0.0144187 0.0944265 0.317991
0 0.763588 0.665397 0.0473677 0.164219 0.310791
0 0.837459 0.520489 0.0249876 0.119971 0.276618
0 0.3754 0.315619 0.0199357 0.120401 0.272538
0 0.791761 0.714774 0.0267457 0.108111 0.271451
