0 0.806229 0.534813 0.0316298 0.15075 0.685328
0 0.583705 0.460725 0.0214907 0.155324 0.683024
0 0.361809 0.449149 0.0437501 0.194261 0.67832
0 0.539353 0.393742 0.0328954 0.126334 0.667298
0 0.301302 0.353421 0.0357883 0.166125 0.644366
0 0.433721 0.238518 0.0269647 0.128812 0.609632
0 0.215432 0.331881 0.0355659 0.152241 0.540601
0 0.24158 0.222151 0.0277157 0.0602037 0.494795
0 0.49405 0.352894 0.0345091 0.181368 0.466844
0 0.581143 0.445059 0.0236101 0.127852 0.443749
0 0.0842351 0.261615 0.0190457 0.0498824 0.364755
0 0.600504 0.596039 0.043704 0.21303 0.331292
0 0.317671 0.268386 0.0227047 0.151128 0.32687
0 0.111255 0.251571 0.0184974 0.0543093 0.307462
0 0.206928 0.576684 0.0505829 0.233694 0.300073
0 0.207504 0.887436 0.0548011 0.225073 0.287368
0 0.641918 0.74964 0.0474909 0.230647 0.271042
