0 0.613815 0.524398 0.0803312 0.175862 0.695689
0 0.414008 0.723373 0.0403521 0.156827 0.645273
0 0.441743 0.559892 0.0403512 0.17747 0.593802
0 0.752252 0.324957 0.0364675 0.128764 0.570357
0 0.44903 0.34741 0.0440205 0.141658 0.564465
0 0.617556 0.237187 0.0311073 0.156803 0.49678
0 0.649374 0.170191 0.0221318 0.0481614 0.48646
0 0.519514 0.297988 0.0309132 0.14714 0.465699
0 0.388158 0.832366 0.0363747 0.0767476 0.440925
0 0.608836 0.421412 0.0488625 0.117217 0.427529
0 0.726361 0.28592 0.0325182 0.0955798 0.415797
0 0.44029 0.815478 0.0433085 0.121174 0.376466
0 0.9291 0.243223 0.0215428 0.0414134 0.355471
0 0.8662 0.225257 0.0264877 0.0465994 0.295941
0 0.795388 0.209186 0.0234432 0.0487447 0.290529
0 0.765081 0.199925 0.0219743 0.0499227 0.254787
0 0.146218 0.262921 0.0200418 0.0641979 0.252127
0 0.161339 0.30642 0.0234431 0.0661428 0.250477
