0 0.482366 0.328773 0.0464125 0.216536 0.771831
0 0.792005 0.371549 0.045412 0.174783 0.602662
0 0.523238 0.725665 0.0550602 0.134887 0.5859
0 0.56246 0.805684 0.0450865 0.127526 0.535341
0 0.666221 0.655049 0.0607805 0.225544 0.520852
0 0.744121 0.415545 0.0398868 0.169977 0.509993
0 0.605097 0.153699 0.0239168 0.0464318 0.481933
0 0.633483 0.601525 0.0376518 0.13308 0.46536
0 0.701773 0.176383 0.0265799 0.0555825 0.448434
0 0.981065 0.357911 0.037286 0.145754 0.410438
0 0.673123 0.350454 0.0412401 0.15352 0.385766
0 0.871042 0.180595 0.0240555 0.0688584 0.331125
0 0.484881 0.828285 0.0480369 0.102576 0.323431
0 0.641159 0.164696 0.024784 0.0445548 0.29664
0 0.925815 0.236884 0.0259434 0.0519675 0.266321
0 0.162832 0.434092 0.0256512 0.0871917 0.265722
