0 0.702171 0.565413 0.0634739 0.13526 0.75367
0 0.514376 0.317188 0.0439423 0.139579 0.701663
0 0.443189 0.354587 0.0524995 0.137913 0.65396
0 0.421462 0.743493 0.034889 0.181065 0.647863
0 0.619865 0.228184 0.0314732 0.159526 0.647363
0 0.383302 0.448308 0.0359365 0.198543 0.514314
0 0.387878 0.832173 0.0356706 0.0789495 0.507204
0 0.594452 0.599511 0.0553684 0.177042 0.463629
0 0.623218 0.396507 0.0405088 0.170171 0.456257
0 0.801861 0.203734 0.0222687 0.0535032 0.446091
0 0.757862 0.314583 0.0389681 0.128085 0.429166
0 0.935863 0.241587 0.0204113 0.0384753 0.422237
0 0.767612 0.196253 0.0227516 0.04694 0.406152
0 0.489196 0.599687 0.0525188 0.221191 0.400204
0 0.830918 0.21106 0.0270519 0.0454479 0.388587
0 0.783661 0.300627 0.0259714 0.12176 0.341127
0 0.740757 0.192722 0.0209396 0.0452153 0.318067
0 0.43348 0.815763 0.0408554 0.116925 0.306822
0 0.871758 0.219593 0.0255352 0.0540381 0.289955
0 0.694607 0.199768 0.0226035 0.116089 0.285414
