0 0.479651 0.508854 0.0302637 0.162515 0.76543
0 0.427987 0.359013 0.0319412 0.127317 0.719716
0 0.33734 0.492696 0.0267806 0.153281 0.66754
0 0.204889 0.489395 0.0288875 0.130611 0.596694
0 0.391089 0.809409 0.0381799 0.133611 0.483059
0 0.0361235 0.947197 0.0430857 0.104114 0.466313
0 0.407308 0.535715 0.038603 0.157667 0.462077
0 0.554153 0.331473 0.0244247 0.100227 0.435674
0 0.76055 0.670954 0.0461144 0.161229 0.393698
0 0.664096 0.535611 0.0256103 0.168777 0.360422
0 0.698121 0.823797 0.0235661 0.0715908 0.34184
0 0.557724 0.326008 0.0305883 0.103895 0.329989
0 0.796106 0.711554 0.026799 0.10889 0.300176
0 0.797977 0.679558 0.0207794 0.0563742 0.283733
0 0.727569 0.814585 0.0243765 0.0875736 0.277726
