0 0.705372 0.288163 0.030919 0.127886 0.758604
0 0.479407 0.3334 0.0315516 0.162697 0.752621
0 0.582581 0.675851 0.0311981 0.117766 0.735137
0 0.945777 0.33319 0.0603474 0.152889 0.666418
0 0.630891 0.340051 0.0439971 0.139633 0.622156
0 0.637488 0.793652 0.0491272 0.171324 0.556269
0 0.634117 0.682783 0.0728279 0.178131 0.50137
0 0.64754 0.793122 0.0704954 0.174909 0.483178
0 0.789794 0.301612 0.027672 0.117842 0.470417
0 0.960851 0.236664 0.0178303 0.0456127 0.429597
0 0.672839 0.388257 0.0402996 0.19034 0.3996
0 0.853146 0.205427 0.0290258 0.0570341 0.384971
0 0.45242 0.813346 0.0431082 0.125695 0.332076
0 0.638238 0.31579 0.0300627 0.101027 0.327301
0 0.568895 0.782387 0.0662544 0.140844 0.298153
0 0.434357 0.390491 0.0313102 0.179592 0.297757
0 0.822742 0.199113 0.0235009 0.0481853 0.29257
0 0.129075 0.964519 0.0399191 0.0709611 0.281528
0 0.519244 0.871032 0.0189403 0.0242664 0.265647
