0 0.738432 0.313525 0.0370666 0.107008 0.723279
0 0.333052 0.708882 0.075551 0.136765 0.71198
0 0.913373 0.33193 0.0421811 0.172417 0.643846
0 0.659458 0.531743 0.0483368 0.172469 0.638794
0 0.815121 0.411493 0.0326984 0.161934 0.631351
0 0.769645 0.434529 0.0456478 0.1731 0.581971
0 0.731456 0.547012 0.046924 0.197008 0.561368
0 0.433391 0.608487 0.0412222 0.144702 0.557646
0 0.451037 0.331638 0.0256073 0.165649 0.483775
0 0.672605 0.316481 0.0388757 0.139248 0.454729
0 0.885824 0.243884 0.0268299 0.0488082 0.441946
0 0.346673 0.818417 0.0389321 0.108672 0.391133
0 0.370458 0.821381 0.0363713 0.107016 0.375973
0 0.268752 0.836506 0.0315129 0.0825687 0.371437
0 0.501223 0.829562 0.0448377 0.0978497 0.346709
0 0.486121 0.39652 0.0329775 0.183456 0.321079
0 0.670437 0.185362 0.0202991 0.0434885 0.313439
0 0.411216 0.852721 0.0364235 0.0611623 0.282467
0 0.84616 0.234487 0.0258995 0.0421359 0.25959
