0 0.525938 0.406365 0.0424254 0.160572 0.545658
0 0.858988 0.476055 0.0393112 0.175744 0.528495
0 0.420575 0.401238 0.0197614 0.0883269 0.473226
0 0.814505 0.263032 0.031992 0.0495308 0.428411
0 0.72694 0.235903 0.0213245 0.0453173 0.397462
0 0.370116 0.553444 0.0452387 0.208067 0.39024
0 0.538794 0.777808 0.062496 0.209201 0.371126
0 0.628493 0.212721 0.0243933 0.0408186 0.351406
0 0.850621 0.269314 0.0268001 0.0495752 0.351216
0 0.992559 0.309178 0.0142014 0.0488523 0.323931
0 0.557731 0.194116 0.0215821 0.0392609 0.308594
0 0.361148 0.501237 0.0336287 0.133777 0.30826
0 0.900412 0.242018 0.025782 0.0710085 0.299555
0 0.917658 0.290182 0.0288201 0.0479057 0.295109
0 0.175595 0.48968 0.0272153 0.0882686 0.28687
0 0.197265 0.61008 0.0462498 0.147383 0.268962
0 0.961808 0.302285 0.0316189 0.0489974 0.258838
0 0.5299 0.484546 0.0150158 0.0274026 0.25743
0 0.88388 0.279397 0.0307385 0.0571065 0.256165
