0 0.131913 0.448567 0.0394863 0.180073 0.769696
0 0.306261 0.440686 0.0330611 0.143152 0.627961
0 0.491897 0.652816 0.050478 0.206505 0.615613
0 0.287398 0.355983 0.024121 0.161826 0.588882
0 0.780094 0.60326 0.0270054 0.198798 0.484579
0 0.403985 0.557161 0.0437796 0.201807 0.45051
0 0.470252 0.457069 0.030718 0.148307 0.448597
0 0.431291 0.418681 0.0393601 0.163133 0.408845
0 0.565557 0.579892 0.0315533 0.169561 0.402521
0 0.243153 0.296322 0.0226892 0.0451401 0.380221
0 0.207453 0.304665 0.0270206 0.0539023 0.327889
0 0.368565 0.258678 0.0263221 0.0493435 0.314273
0 0.0969858 0.766611 0.0546604 0.250315 0.294614
0 0.415363 0.320918 0.0237944 0.154636 0.282884
0 0.773056 0.954198 0.0394345 0.0905114 0.259092
