0 0.512086 0.328353 0.0401836 0.126449 0.798895
0 0.443915 0.247628 0.0328772 0.0965023 0.651699
0 0.108424 0.884683 0.0518586 0.185263 0.627394
0 0.919111 0.592132 0.035627 0.147086 0.603395
0 0.429164 0.686058 0.0523478 0.200836 0.476612
0 0.600902 0.433726 0.0488899 0.152103 0.469291
0 0.644201 0.622709 0.0288435 0.159648 0.431049
0 0.135856 0.608523 0.0370893 0.16356 0.427775
0 0.911299 0.705504 0.0322067 0.122124 0.421378
0 0.49723 0.611212 0.0499161 0.171421 0.378524
0 0.988098 0.712172 0.0232288 0.10342 0.369332
0 0.877878 0.828294 0.0322741 0.0984474 0.364749
0 0.347943 0.268355 0.0258657 0.169996 0.364396
0 0.147633 0.889552 0.0392825 0.15079 0.35937
0 0.644848 0.726371 0.0325239 0.115517 0.354044
0 0.947972 0.714873 0.031401 0.108724 0.342744
0 0.609275 0.431169 0.0310201 0.150402 0.307796
0 0.147636 0.854012 0.0363038 0.224343 0.306653
0 0.121042 0.70041 0.016766 0.0226558 0.295547
0 0.0127945 0.503794 0.0246098 0.110578 0.259329
