0 0.43305 0.357461 0.0308058 0.125005 0.747991
0 0.374373 0.812914 0.0359959 0.129927 0.671448
0 0.414815 0.534505 0.0361937 0.148943 0.647057
0 0.328899 0.494288 0.0362395 0.155847 0.629613
0 0.0412172 0.944506 0.0446872 0.109674 0.569666
0 0.560283 0.339714 0.0322991 0.114943 0.563304
0 0.476245 0.513756 0.0381825 0.163665 0.549413
0 0.192803 0.488043 0.0337326 0.132769 0.544393
0 0.380435 0.309037 0.0224666 0.123469 0.480474
0 0.799692 0.707763 0.0303129 0.111261 0.407016
0 0.758306 0.671911 0.0381378 0.182332 0.354897
0 0.528677 0.291382 0.0111981 0.0294737 0.343288
0 0.669557 0.535419 0.0241341 0.167226 0.340248
0 0.728875 0.784903 0.0151054 0.0358442 0.325343
0 0.539574 0.241886 0.0215992 0.0952351 0.303754
0 0.40013 0.290723 0.0296105 0.0857185 0.297196
0 0.537067 0.249446 0.0286086 0.11234 0.291328
