0 0.430282 0.367841 0.033942 0.101619 0.778093
0 0.24361 0.542314 0.0288455 0.140785 0.650048
0 0.361329 0.304182 0.0283272 0.119745 0.562372
0 0.758067 0.770424 0.0157453 0.0402892 0.500545
0 0.485894 0.530623 0.0398471 0.204875 0.480553
0 0.0888237 0.49811 0.0299103 0.154717 0.461093
0 0.427393 0.566869 0.0503696 0.176155 0.459769
0 0.66554 0.584259 0.0315476 0.182653 0.436213
0 0.0772562 0.902997 0.0343315 0.192192 0.429273
0 0.713332 0.685865 0.0427824 0.166556 0.413373
0 0.546392 0.244182 0.0293219 0.0981235 0.395425
0 0.784252 0.825877 0.0333569 0.0981414 0.382751
0 0.573948 0.400651 0.0279023 0.140222 0.37889
0 0.398501 0.275011 0.0242359 0.0926575 0.347955
0 0.578081 0.406658 0.0259367 0.145545 0.301906
0 0.830122 0.697483 0.030698 0.114987 0.292104
0 0.26073 0.862438 0.0424916 0.178329 0.286624
