0 0.324852 0.464949 0.0494165 0.140192 0.692782
0 0.0985112 0.474568 0.0389437 0.19093 0.645976
0 0.476747 0.654347 0.0504989 0.213728 0.645943
0 0.28024 0.36362 0.0239018 0.171065 0.564319
0 0.593533 0.672352 0.0454958 0.217977 0.518336
0 0.443235 0.438768 0.0298365 0.124527 0.474089
0 0.0929359 0.345478 0.0186732 0.050278 0.462584
0 0.421715 0.567831 0.0384312 0.219412 0.431707
0 0.738694 0.902736 0.0326054 0.135704 0.354627
0 0.785031 0.62598 0.0253635 0.187499 0.339466
0 0.415553 0.321083 0.0241486 0.137168 0.326955
0 0.867413 0.861377 0.0405678 0.135944 0.320898
0 0.199049 0.313361 0.0271458 0.0587855 0.316727
0 0.576164 0.594168 0.0380602 0.137424 0.307983
0 0.390663 0.263278 0.0249628 0.0437635 0.293868
0 0.418726 0.400256 0.0335827 0.109608 0.286395
0 0.234375 0.309444 0.0233144 0.0418267 0.270874
0 0.742419 0.457153 0.0317343 0.0731825 0.262797
0 0.0258179 0.361164 0.024124 0.0590418 0.261772
