0 0.527215 0.304499 0.0243765 0.147676 0.690991
0 0.610218 0.430087 0.0477999 0.121112 0.633245
0 0.417743 0.729252 0.042261 0.16298 0.591549
0 0.74976 0.334585 0.0333281 0.121572 0.565293
0 0.452231 0.343216 0.0475166 0.135725 0.542074
0 0.388971 0.832462 0.0353459 0.0782006 0.521854
0 0.617928 0.244811 0.030796 0.147695 0.476771
0 0.400622 0.396813 0.0279051 0.176494 0.420626
0 0.929053 0.244254 0.0216999 0.0412319 0.349105
0 0.794792 0.20835 0.0236032 0.0527568 0.326155
0 0.716893 0.285935 0.0446121 0.0920256 0.321631
0 0.431091 0.562137 0.0406011 0.189276 0.312486
0 0.649851 0.171573 0.0225141 0.0499769 0.303467
0 0.163275 0.306905 0.0226089 0.0680624 0.281839
0 0.219055 0.460937 0.0383867 0.148467 0.278758
0 0.44293 0.816821 0.0458709 0.122678 0.271022
0 0.824649 0.22035 0.0252029 0.0443453 0.2577
