0 0.535894 0.401474 0.0358946 0.169783 0.686352
0 0.42638 0.400685 0.0220093 0.102212 0.600484
0 0.41012 0.429105 0.0265749 0.136744 0.493278
0 0.377601 0.546538 0.0449371 0.208225 0.47169
0 0.740799 0.37616 0.0334573 0.149699 0.471277
0 0.845581 0.272733 0.0238659 0.0474329 0.427134
0 0.913212 0.291167 0.0286394 0.0476799 0.409886
0 0.878205 0.27985 0.0305675 0.0548647 0.403593
0 0.848606 0.471043 0.0409157 0.157912 0.398732
0 0.555353 0.195443 0.0219563 0.0439348 0.362306
0 0.19985 0.596335 0.0390168 0.165048 0.357212
0 0.724345 0.237652 0.0224802 0.0478116 0.354911
0 0.761873 0.320116 0.0247856 0.155073 0.332063
0 0.991257 0.246808 0.0167682 0.0534167 0.266324
0 0.17472 0.487779 0.0257953 0.0792672 0.25836
