0 0.479336 0.846251 0.035071 0.0628718 0.697945
0 0.432541 0.496642 0.027133 0.141263 0.628481
0 0.304072 0.525846 0.0258715 0.0783523 0.542752
0 0.402487 0.423404 0.0500868 0.112031 0.534295
0 0.76052 0.713518 0.0411795 0.159963 0.484677
0 0.426694 0.49679 0.0412207 0.141101 0.434017
0 0.472662 0.568121 0.0313672 0.160916 0.397266
0 0.303715 0.626415 0.0309319 0.180514 0.396243
0 0.283585 0.627051 0.0146015 0.038643 0.37055
0 0.338345 0.32045 0.0195021 0.108509 0.30968
0 0.807698 0.597098 0.0180851 0.100258 0.30194
0 0.825965 0.796792 0.030083 0.117161 0.295283
0 0.523248 0.341967 0.0193342 0.0919073 0.288498
0 0.638837 0.555991 0.0496818 0.173308 0.281082
0 0.785955 0.788365 0.0285736 0.0957014 0.281057
0 0.35572 0.384227 0.0338217 0.117884 0.280549
0 0.357671 0.371501 0.0270562 0.0943472 0.267146
0 0.763351 0.683938 0.0348672 0.102928 0.261523
