0 0.0557712 0.487338 0.0313352 0.190932 0.713131
0 0.355334 0.474329 0.0484331 0.17473 0.663592
0 0.0417608 0.344649 0.0222768 0.0588188 0.501348
0 0.269898 0.358221 0.0251701 0.174291 0.4911
0 0.405164 0.421727 0.0320198 0.193002 0.443422
0 0.796552 0.648301 0.0428507 0.177483 0.421035
0 0.186492 0.307733 0.0284163 0.0593769 0.404133
0 0.821888 0.91395 0.0439846 0.130262 0.362366
0 0.870707 0.863812 0.0409466 0.129726 0.337581
0 0.741731 0.906709 0.0352635 0.131047 0.337027
0 0.0376405 0.281887 0.0248982 0.0725588 0.328998
0 0.223737 0.300005 0.0232599 0.0487645 0.314605
0 0.441323 0.534644 0.0408065 0.163754 0.292464
0 0.690304 0.490775 0.0436899 0.104873 0.28924
0 0.077744 0.338764 0.0158606 0.0499859 0.285592
0 0.354466 0.259627 0.0281204 0.0536376 0.270389
0 0.406191 0.284903 0.0203866 0.0833264 0.264272
