0 0.432584 0.356173 0.0300949 0.128786 0.66742
0 0.195992 0.483655 0.0303114 0.122324 0.634516
0 0.0397882 0.945729 0.044326 0.108024 0.612793
0 0.476038 0.512548 0.0359839 0.16529 0.597059
0 0.557837 0.335181 0.028816 0.106953 0.576065
0 0.411932 0.538539 0.0382194 0.157044 0.529507
0 0.332545 0.486645 0.027201 0.138874 0.431559
0 0.667972 0.532092 0.0253506 0.164289 0.423711
0 0.798257 0.698753 0.0268162 0.098004 0.386463
0 0.383433 0.809202 0.0472657 0.129154 0.38444
0 0.317079 0.552056 0.010659 0.0338196 0.359752
0 0.759313 0.672193 0.0417391 0.188833 0.339185
0 0.380092 0.310813 0.0221996 0.119826 0.270217
0 0.540255 0.242111 0.0201479 0.0755106 0.255717
0 0.528067 0.291391 0.011763 0.0334485 0.250596
