0 0.664965 0.462607 0.049098 0.146692 0.866053
0 0.787453 0.442047 0.0324238 0.164098 0.729789
0 0.514899 0.350678 0.0222897 0.154149 0.615605
0 0.690299 0.316895 0.0215321 0.113432 0.605867
0 0.405794 0.811485 0.0456123 0.113047 0.533314
0 0.374336 0.467564 0.027791 0.177355 0.515615
0 0.59297 0.59986 0.0346258 0.193406 0.469512
0 0.693467 0.325951 0.0293969 0.127005 0.458754
0 0.0897865 0.782798 0.0377784 0.114633 0.44958
0 0.846676 0.349485 0.0299965 0.148346 0.443488
0 0.250887 0.85609 0.0375989 0.108556 0.430549
0 0.280525 0.628424 0.0552985 0.161121 0.41566
0 0.918933 0.267417 0.0209015 0.0438362 0.349284
0 0.487233 0.522778 0.050474 0.184909 0.34831
0 0.469799 0.186406 0.0206375 0.0459491 0.315191
0 0.945034 0.26888 0.0211921 0.0516969 0.291013
0 0.085109 0.869112 0.0452737 0.127632 0.283856
0 0.696514 0.383291 0.0309806 0.0926975 0.263568
