0 0.418434 0.61874 0.0413564 0.220359 0.636104
0 0.327582 0.436502 0.0538125 0.171224 0.613179
0 0.20602 0.262767 0.0250402 0.0427298 0.551431
0 0.455012 0.572754 0.054776 0.217834 0.485506
0 0.248325 0.328208 0.0365001 0.170988 0.41923
0 0.378933 0.395191 0.0377915 0.175817 0.402174
0 0.316649 0.326209 0.0284328 0.107211 0.393347
0 0.532386 0.487211 0.0387617 0.193168 0.370902
0 0.371715 0.210632 0.0243521 0.052914 0.370661
0 0.41125 0.441022 0.0404216 0.132729 0.363663
0 0.205433 0.203144 0.0214862 0.0691452 0.340134
0 0.586099 0.608453 0.0553037 0.212751 0.307198
0 0.827509 0.661826 0.0281864 0.159738 0.288888
0 0.341596 0.219681 0.0297361 0.0601379 0.253834
0 0.142213 0.254637 0.0276233 0.137159 0.252856
