0 0.787157 0.417431 0.0484236 0.136923 0.631003
0 0.846531 0.420938 0.0376768 0.16195 0.62852
0 0.407427 0.601981 0.0327874 0.184716 0.618389
0 0.629322 0.490092 0.0881986 0.174569 0.592668
0 0.717858 0.311681 0.0396748 0.111933 0.582599
0 0.586081 0.465226 0.0432568 0.165975 0.55195
0 0.667624 0.310361 0.0315019 0.130075 0.519664
0 0.424164 0.377315 0.0331156 0.153078 0.495674
0 0.886069 0.320274 0.0298874 0.160597 0.441553
0 0.790375 0.227859 0.0287632 0.0462384 0.391545
0 0.823812 0.234192 0.0280197 0.0426576 0.389232
0 0.479622 0.827126 0.040426 0.0963286 0.384499
0 0.862862 0.245351 0.0250057 0.0503105 0.368656
0 0.329693 0.813462 0.0371781 0.123463 0.366653
0 0.986931 0.274727 0.0254238 0.0581225 0.357738
0 0.809578 0.194712 0.0196832 0.0686543 0.29831
0 0.331756 0.777086 0.0295988 0.0512574 0.286498
0 0.858308 0.198956 0.0207027 0.0867716 0.274763
0 0.474251 0.441582 0.0407497 0.197302 0.2724
