0 0.233943 0.454546 0.0481018 0.185839 0.698691
0 0.850487 0.626541 0.0430575 0.220813 0.663849
0 0.19085 0.356453 0.0316177 0.178776 0.578856
0 0.442591 0.462283 0.0312415 0.205421 0.472317
0 0.321349 0.363858 0.0403917 0.173211 0.400482
0 0.831586 0.482872 0.0440785 0.13181 0.377259
0 0.314459 0.580992 0.0598009 0.197734 0.358249
0 0.901481 0.838166 0.0525513 0.160632 0.318596
0 0.60123 0.43697 0.0362448 0.185603 0.293864
0 0.392312 0.602598 0.0435892 0.219044 0.28631
0 0.0563459 0.222975 0.0246899 0.0879482 0.277155
0 0.0956063 0.147245 0.0195869 0.054769 0.268085
0 0.8148 0.410751 0.0255482 0.153356 0.255108
