0 0.883659 0.489776 0.0594191 0.144223 0.756828
0 0.538239 0.404133 0.0728869 0.124288 0.741864
0 0.772552 0.398691 0.0486685 0.176352 0.66319
0 0.85526 0.252601 0.025984 0.0585602 0.451881
0 0.41301 0.458095 0.0351003 0.140857 0.450926
0 0.769198 0.297977 0.0345987 0.154985 0.353403
0 0.632057 0.198013 0.0222057 0.0429666 0.3473
0 0.561019 0.182681 0.0235805 0.0476808 0.329611
0 0.597531 0.768984 0.0737198 0.217221 0.322677
0 0.412105 0.439099 0.0311495 0.101449 0.320033
0 0.821024 0.201519 0.0208988 0.0609514 0.314909
0 0.194014 0.540459 0.0329 0.13051 0.31036
0 0.923216 0.278305 0.0290159 0.0460226 0.303843
0 0.381642 0.831371 0.0374847 0.0734933 0.301763
0 0.337972 0.464229 0.0407149 0.126246 0.293744
0 0.442489 0.44319 0.0402843 0.129629 0.292698
0 0.821221 0.252199 0.0302341 0.0535249 0.283187
0 0.179279 0.607823 0.0397726 0.213321 0.269784
0 0.17872 0.480209 0.0301962 0.0932114 0.259819
