0 0.141867 0.427163 0.043762 0.17785 0.735469
0 0.296862 0.418789 0.049033 0.159282 0.68903
0 0.497706 0.642507 0.0463516 0.201882 0.679878
0 0.782052 0.586152 0.0318119 0.211628 0.65382
0 0.392443 0.541996 0.0348864 0.208565 0.541567
0 0.565159 0.565476 0.0315748 0.188054 0.531984
0 0.417382 0.307911 0.0183437 0.150483 0.516915
0 0.210945 0.287208 0.0266912 0.0560056 0.442574
0 0.781626 0.607377 0.0242008 0.156555 0.391666
0 0.865209 0.834056 0.0387139 0.140943 0.383403
0 0.914265 0.577267 0.0270901 0.125731 0.346241
0 0.809911 0.534023 0.0362644 0.149361 0.342673
0 0.482256 0.436624 0.0483644 0.168746 0.342277
0 0.595244 0.724383 0.0433696 0.231322 0.339413
0 0.44406 0.406398 0.0468053 0.172419 0.330244
0 0.0706589 0.26012 0.0241078 0.0734807 0.326276
0 0.852677 0.524364 0.0340414 0.163088 0.319633
0 0.741379 0.870352 0.0371975 0.13107 0.287171
0 0.10592 0.318516 0.0208458 0.0518757 0.279347
0 0.24604 0.283317 0.0216 0.0415801 0.263225
