0 0.57811 0.370987 0.0508261 0.143681 0.789865
0 0.732103 0.313128 0.0276699 0.154972 0.760143
0 0.459447 0.775797 0.0534464 0.216545 0.73068
0 0.809543 0.42552 0.0283567 0.140027 0.723849
0 0.688952 0.335443 0.0218014 0.134587 0.595175
0 0.211833 0.542761 0.0491172 0.164906 0.49327
0 0.816283 0.268287 0.0212341 0.0435999 0.460123
0 0.990601 0.317791 0.0179828 0.0385944 0.45448
0 0.699732 0.233504 0.023746 0.0466486 0.449582
0 0.881787 0.284173 0.0275486 0.0496425 0.421808
0 0.43417 0.376649 0.02733 0.103753 0.359838
0 0.447933 0.836801 0.043202 0.0947645 0.347545
0 0.389155 0.481106 0.0362647 0.169886 0.336558
0 0.16428 0.48833 0.0273409 0.104394 0.334933
0 0.506205 0.449071 0.0471729 0.171682 0.294262
0 0.897991 0.247036 0.0205307 0.0680792 0.253063
