0 0.813691 0.435676 0.072015 0.170537 0.760702
0 0.428294 0.826732 0.0384872 0.107242 0.706823
0 0.698154 0.320302 0.0451569 0.142763 0.644277
0 0.058288 0.613449 0.0370848 0.190164 0.644253
0 0.472187 0.755889 0.0557074 0.196712 0.584023
0 0.579342 0.234172 0.0360585 0.104505 0.580479
0 0.33234 0.542085 0.0565769 0.185891 0.551555
0 0.932405 0.922667 0.0518696 0.152716 0.532244
0 0.144003 0.80554 0.0347833 0.150912 0.526396
0 0.432549 0.478492 0.0676264 0.183835 0.455868
0 0.67701 0.652504 0.0760912 0.187179 0.435645
0 0.42012 0.288945 0.0670158 0.148935 0.420983
0 0.656629 0.220748 0.0292808 0.125471 0.415936
0 0.104446 0.7779 0.0392298 0.181454 0.41334
0 0.014589 0.690191 0.0291779 0.105665 0.412329
0 0.037831 0.822576 0.0335499 0.0861064 0.399565
0 0.932373 0.905262 0.0479578 0.113436 0.366957
0 0.437109 0.819086 0.0197215 0.097108 0.364996
0 0.176791 0.837836 0.0456463 0.116767 0.333783
0 0.42984 0.285814 0.048917 0.144093 0.317744
0 0.0145012 0.732185 0.0290024 0.16718 0.280292
0 0.317279 0.103842 0.0247848 0.0416749 0.259809
