0 0.362003 0.450161 0.0445727 0.194838 0.773093
0 0.213228 0.331789 0.0384969 0.161298 0.690998
0 0.528322 0.390191 0.0357569 0.144719 0.678207
0 0.300406 0.351987 0.0353633 0.169967 0.627094
0 0.434861 0.243531 0.0262075 0.133692 0.6104
0 0.584049 0.450725 0.0238844 0.10256 0.482495
0 0.240964 0.220595 0.0266653 0.0622371 0.472977
0 0.0825833 0.263088 0.0212099 0.0488166 0.417095
0 0.317758 0.269137 0.0224122 0.150791 0.394728
0 0.204309 0.579651 0.0438682 0.225723 0.358242
0 0.111438 0.251671 0.017886 0.0530492 0.353308
0 0.912808 0.939388 0.0369594 0.0984401 0.346618
0 0.623205 0.762868 0.0609873 0.212892 0.319813
0 0.762851 0.769343 0.0360189 0.0931505 0.299099
0 0.493097 0.354387 0.0332534 0.181381 0.289709
0 0.585814 0.465859 0.025634 0.128895 0.265186
0 0.590749 0.601861 0.0584795 0.224392 0.25292
