0 0.390038 0.538853 0.0383295 0.166625 0.703263
0 0.421781 0.367264 0.0330124 0.117679 0.613147
0 0.481604 0.513312 0.0454504 0.149319 0.561029
0 0.0164722 0.96112 0.032618 0.0773303 0.541654
0 0.655609 0.523059 0.0304869 0.149636 0.477082
0 0.229764 0.518774 0.0577842 0.160744 0.476027
0 0.350954 0.482617 0.0442339 0.145075 0.414276
0 0.542834 0.319158 0.025086 0.11431 0.390817
0 0.419601 0.819224 0.0414305 0.12948 0.35385
0 0.735738 0.790681 0.0174532 0.0476515 0.316739
0 0.390322 0.287374 0.0256814 0.134293 0.282712
