0 0.578949 0.742844 0.0796657 0.175413 0.862311
0 0.516521 0.32087 0.0371027 0.115281 0.748271
0 0.332548 0.280171 0.0517132 0.125309 0.589329
0 0.907581 0.655536 0.0574354 0.16429 0.582675
0 0.337765 0.280169 0.0322371 0.125585 0.568189
0 0.62125 0.437394 0.0310471 0.150758 0.524228
0 0.436812 0.586183 0.0637972 0.169772 0.507831
0 0.365743 0.679164 0.0386471 0.173344 0.496351
0 0.0654705 0.626606 0.063705 0.172403 0.483965
0 0.978349 0.738884 0.0375561 0.116893 0.468134
0 0.619633 0.635987 0.0405049 0.199775 0.436554
0 0.0279938 0.875874 0.0517751 0.17173 0.434564
0 0.18693 0.828237 0.0312656 0.206658 0.316844
0 0.937465 0.795818 0.0261376 0.0341441 0.299989
0 0.512268 0.301227 0.0293816 0.0732743 0.286174
0 0.506395 0.281974 0.0194125 0.0830627 0.254189
