0 0.968702 0.346643 0.0349022 0.161833 0.625509
0 0.686911 0.353556 0.0418295 0.157844 0.619926
0 0.518531 0.678343 0.0525043 0.137886 0.612296
0 0.745942 0.619596 0.0538139 0.196791 0.600857
0 0.521816 0.781819 0.0382566 0.144687 0.585185
0 0.734724 0.41532 0.0540665 0.169903 0.513288
0 0.485749 0.309085 0.0398588 0.15725 0.492026
0 0.498892 0.359486 0.0324592 0.161689 0.452558
0 0.793853 0.384937 0.035487 0.153956 0.449321
0 0.519422 0.772939 0.0328426 0.109921 0.445226
0 0.875364 0.228983 0.0279801 0.0438818 0.434007
0 0.54121 0.753628 0.0330156 0.106047 0.331033
0 0.597158 0.155939 0.0223017 0.0422632 0.313312
0 0.693314 0.175877 0.0215649 0.0536215 0.275857
