0 0.853049 0.351465 0.0349258 0.144393 0.675022
0 0.576607 0.623496 0.0565315 0.174041 0.628722
0 0.395175 0.446085 0.0238168 0.170159 0.622692
0 0.692061 0.442191 0.0484218 0.141192 0.61999
0 0.673236 0.321846 0.0301808 0.128353 0.619189
0 0.130826 0.772974 0.0367732 0.0867528 0.55902
0 0.54526 0.342745 0.0264855 0.13958 0.555529
0 0.274486 0.633744 0.0536288 0.19468 0.510533
0 0.801263 0.431266 0.0349462 0.16219 0.493492
0 0.822071 0.251745 0.0226799 0.046185 0.410693
0 0.221306 0.811778 0.0401225 0.165456 0.356351
0 0.303564 0.562216 0.0361804 0.165507 0.343063
0 0.0937214 0.816574 0.0324118 0.0866929 0.341152
0 0.253481 0.811632 0.033257 0.070531 0.338128
0 0.413588 0.455032 0.0275534 0.175663 0.335193
0 0.35754 0.872532 0.037181 0.0710591 0.318175
0 0.462716 0.836298 0.0289414 0.0666338 0.317924
0 0.25361 0.837121 0.0340431 0.1192 0.31522
0 0.390725 0.44756 0.0341219 0.175537 0.304989
0 0.0617593 0.76593 0.0333942 0.090713 0.28745
0 0.286133 0.856879 0.0374564 0.110509 0.277921
0 0.969727 0.283383 0.0214021 0.0379806 0.270148
0 0.495614 0.523125 0.0493899 0.175309 0.256483
