0 0.185481 0.479004 0.0356562 0.186029 0.710195
0 0.21372 0.314583 0.029461 0.156863 0.66444
0 0.301605 0.269755 0.0227093 0.150542 0.644497
0 0.280318 0.341453 0.0395125 0.156146 0.631709
0 0.359833 0.430676 0.0464567 0.190407 0.609219
0 0.400663 0.330484 0.0331915 0.149914 0.422674
0 0.805713 0.782019 0.0372204 0.127587 0.321656
0 0.504003 0.493012 0.0460859 0.138019 0.321461
0 0.22374 0.221154 0.0267853 0.0585913 0.300458
0 0.25857 0.214548 0.0212654 0.0398638 0.27968
0 0.729003 0.877356 0.0359907 0.112714 0.269345
0 0.814243 0.359372 0.0284745 0.0802595 0.260427
