0 0.40633 0.514835 0.057287 0.171037 0.816628
0 0.225212 0.310335 0.0344351 0.126311 0.757968
0 0.300982 0.359117 0.0350698 0.139497 0.743626
0 0.679782 0.52413 0.0418026 0.180581 0.622618
0 0.208857 0.466234 0.0418429 0.187752 0.591906
0 0.562594 0.416716 0.0267912 0.152661 0.581408
0 0.491431 0.375879 0.045836 0.123284 0.490996
0 0.522249 0.354748 0.0298933 0.105808 0.422847
0 0.799026 0.841225 0.0319326 0.107911 0.394776
0 0.380977 0.394351 0.0237455 0.126925 0.388967
0 0.274641 0.199631 0.0222287 0.0463786 0.384219
0 0.315692 0.255658 0.0230471 0.145663 0.369005
0 0.820648 0.775628 0.0379975 0.132546 0.368493
0 0.240753 0.207749 0.0249699 0.0491207 0.360829
0 0.751944 0.759074 0.0367804 0.120987 0.326124
0 0.900315 0.910351 0.0347801 0.0994102 0.321566
0 0.562819 0.395291 0.0234787 0.111478 0.318992
0 0.757318 0.809549 0.0318462 0.0847934 0.306639
0 0.240515 0.220186 0.0252396 0.0764899 0.292242
0 0.785996 0.46662 0.029061 0.0996751 0.288554
0 0.927077 0.603534 0.0276556 0.0879089 0.260158
0 0.755021 0.794646 0.0341017 0.110238 0.258034
0 0.10775 0.187007 0.0260803 0.0576331 0.255454
