0 0.411604 0.383753 0.0297841 0.120278 0.743308
0 0.359408 0.341301 0.0205494 0.134412 0.709338
0 0.381476 0.476333 0.0289685 0.128968 0.699526
0 0.534491 0.330604 0.0240917 0.1027 0.635018
0 0.364708 0.565809 0.0388521 0.167829 0.535591
0 0.445321 0.829948 0.0367279 0.121683 0.523953
0 0.480588 0.529627 0.0409768 0.152862 0.504727
0 0.253504 0.540424 0.051708 0.174851 0.455933
0 0.828622 0.742727 0.0309624 0.0975987 0.340349
0 0.792427 0.739365 0.028022 0.0875362 0.327977
0 0.363786 0.338811 0.0278879 0.140526 0.275584
0 0.773827 0.684798 0.0423058 0.174387 0.270436
0 0.536001 0.348647 0.0217003 0.0693278 0.267512
0 0.644883 0.535765 0.029385 0.167163 0.261566
0 0.773224 0.65959 0.0398783 0.125234 0.257204
