0 0.70431 0.566052 0.0623094 0.135859 0.750432
0 0.443262 0.354191 0.0526574 0.135758 0.707545
0 0.516329 0.317928 0.040521 0.140297 0.707403
0 0.620521 0.241234 0.0317222 0.134745 0.682072
0 0.759365 0.315334 0.0409794 0.132725 0.561533
0 0.422448 0.740421 0.034856 0.173125 0.559655
0 0.387882 0.832005 0.0352413 0.0784918 0.511879
0 0.624081 0.399209 0.0425114 0.178172 0.504636
0 0.593858 0.600249 0.0545707 0.182375 0.477752
0 0.767632 0.196184 0.0223597 0.0462546 0.47556
0 0.936192 0.241296 0.021723 0.0405297 0.466848
0 0.490073 0.599818 0.0521254 0.218377 0.459671
0 0.382938 0.453466 0.0373234 0.203036 0.439885
0 0.802448 0.203657 0.0219727 0.0550238 0.397573
0 0.785973 0.296004 0.0244373 0.123917 0.321984
0 0.741048 0.192924 0.0212256 0.0449031 0.318625
0 0.872182 0.219474 0.0257294 0.054281 0.310805
0 0.831115 0.210884 0.0269378 0.0451927 0.307296
0 0.703471 0.546358 0.0287338 0.0755373 0.272117
0 0.81781 0.162553 0.022979 0.0632839 0.26891
0 0.694453 0.200419 0.0223743 0.115858 0.267332
