0 0.49038 0.521195 0.0438053 0.191174 0.534585
0 0.21243 0.282841 0.0234306 0.0438477 0.511882
0 0.514567 0.591719 0.0533446 0.227274 0.474663
0 0.2604 0.341895 0.0247891 0.170802 0.396668
0 0.175538 0.289406 0.0283904 0.0583967 0.390316
0 0.0589846 0.32234 0.0274925 0.0535843 0.388918
0 0.430378 0.633394 0.0560759 0.217429 0.355982
0 0.375966 0.230147 0.0231278 0.051448 0.352199
0 0.389205 0.454961 0.0383003 0.198591 0.346215
0 0.0118576 0.488145 0.0220038 0.207419 0.336086
0 0.865001 0.536192 0.0366022 0.167167 0.332313
0 0.213435 0.217639 0.0209877 0.0725147 0.291759
0 0.772694 0.384267 0.031735 0.0671249 0.267094
0 0.023533 0.262672 0.0257028 0.0860741 0.263347
0 0.0845042 0.268801 0.0284472 0.09701 0.258683
0 0.347994 0.236148 0.0282603 0.0548911 0.255736
