0 0.500803 0.364945 0.0367375 0.168931 0.611226
0 0.50055 0.831111 0.0399047 0.0899203 0.53439
0 0.474384 0.778439 0.0573066 0.182912 0.518945
0 0.493033 0.641855 0.0393204 0.153929 0.473672
0 0.725699 0.413194 0.0572845 0.142682 0.459307
0 0.785086 0.391007 0.03563 0.149171 0.450504
0 0.662819 0.532972 0.0600439 0.175536 0.421198
0 0.735985 0.941078 0.0434592 0.117843 0.390165
0 0.866861 0.230886 0.0278515 0.0435585 0.372485
0 0.477561 0.317897 0.0227648 0.156563 0.367645
0 0.953852 0.346819 0.0345467 0.16239 0.367418
0 0.685996 0.33869 0.0470309 0.154993 0.336996
0 0.686269 0.177995 0.0232319 0.0554809 0.3141
0 0.907829 0.240958 0.0267122 0.0485208 0.300359
0 0.757541 0.589979 0.0714233 0.206535 0.285362
0 0.280912 0.83091 0.0336519 0.0831181 0.279057
0 0.658668 0.176073 0.0167856 0.0393171 0.263744
