0 0.52615 0.534412 0.0495052 0.157842 0.755775
0 0.280648 0.349387 0.0385958 0.151196 0.649122
0 0.301133 0.27167 0.0222596 0.150453 0.646278
0 0.3546 0.431196 0.0519966 0.193193 0.605518
0 0.181771 0.49233 0.0435378 0.1843 0.587292
0 0.212832 0.319627 0.0336987 0.163303 0.509586
0 0.401803 0.309916 0.0357168 0.142506 0.463551
0 0.223417 0.224216 0.0280934 0.0585564 0.379875
0 0.673155 0.677491 0.0457813 0.234922 0.364543
0 0.802937 0.557833 0.0270434 0.149266 0.33157
0 0.123469 0.249275 0.0196939 0.0513169 0.286168
0 0.773111 0.484708 0.0294323 0.115975 0.278744
0 0.530485 0.402844 0.0419945 0.127217 0.276831
0 0.257903 0.215956 0.0216826 0.0423634 0.276801
0 0.542773 0.357107 0.0194273 0.0704953 0.274811
0 0.378523 0.17927 0.0248122 0.0462594 0.27342
0 0.81419 0.361064 0.0268215 0.0792371 0.27136
0 0.806143 0.783726 0.0367924 0.12677 0.254953
