0 0.225862 0.311422 0.0339353 0.125618 0.806096
0 0.297605 0.355201 0.0318664 0.137781 0.797241
0 0.406488 0.510935 0.0567798 0.168033 0.717211
0 0.680955 0.526968 0.0421111 0.179041 0.711325
0 0.208227 0.463079 0.0406476 0.18593 0.61847
0 0.483011 0.380962 0.060499 0.105676 0.59257
0 0.315424 0.256468 0.0226839 0.143044 0.530555
0 0.523832 0.356898 0.0290475 0.10503 0.513612
0 0.819879 0.774068 0.0396061 0.12941 0.447148
0 0.560181 0.405837 0.0248532 0.130939 0.428225
0 0.37951 0.406866 0.0240419 0.167276 0.404755
0 0.239708 0.220782 0.0263202 0.0767424 0.386936
0 0.274117 0.198933 0.0219021 0.0471438 0.375005
0 0.378782 0.383372 0.0228634 0.122489 0.37104
0 0.750192 0.763723 0.035467 0.129413 0.370143
0 0.899688 0.911771 0.0345925 0.0948944 0.290645
0 0.398785 0.395873 0.0241561 0.0909442 0.279587
0 0.785367 0.469318 0.0295582 0.0992737 0.278321
0 0.297446 0.191443 0.0240956 0.0543117 0.271121
0 0.221939 0.190985 0.0219841 0.120254 0.265119
0 0.812959 0.428643 0.0328375 0.10632 0.264363
0 0.240007 0.207443 0.0262488 0.0503483 0.256182
0 0.083075 0.249477 0.0174075 0.0521507 0.254773
