0 0.514877 0.32688 0.0455566 0.104053 0.837908
0 0.968827 0.732125 0.0398411 0.113649 0.707628
0 0.438809 0.587765 0.0481281 0.171491 0.667454
0 0.338089 0.27838 0.0290708 0.120149 0.649988
0 0.50448 0.234703 0.0215281 0.154155 0.631567
0 0.585133 0.731198 0.0468543 0.161612 0.610508
0 0.0740669 0.621445 0.0453001 0.156472 0.599588
0 0.467747 0.225526 0.0244702 0.115623 0.566214
0 0.905795 0.649046 0.0504238 0.161617 0.519522
0 0.57433 0.741216 0.0725456 0.184118 0.38503
0 0.0290349 0.878235 0.051173 0.165123 0.380228
0 0.617824 0.635913 0.0407276 0.201976 0.379298
0 0.328452 0.278861 0.0490841 0.122626 0.363672
0 0.615445 0.439986 0.0379419 0.160753 0.361587
0 0.385235 0.737546 0.0297591 0.138065 0.33099
0 0.929964 0.817074 0.0293671 0.0839837 0.271169
