0 0.191092 0.214252 0.0333858 0.184822 0.625176
0 0.264458 0.091932 0.0231686 0.0455937 0.518047
0 0.228292 0.0980757 0.0288224 0.0613033 0.480298
0 0.525538 0.190029 0.0283279 0.149791 0.423526
0 0.472245 0.268054 0.0318758 0.198614 0.346464
0 0.300357 0.153859 0.0271516 0.173398 0.312416
0 0.879375 0.731106 0.035185 0.143095 0.308481
0 0.882488 0.831796 0.0542385 0.120064 0.277275
0 0.268443 0.0428023 0.0213722 0.0732945 0.272582
0 0.787355 0.835221 0.0416116 0.115841 0.26658
0 0.401568 0.0510068 0.0272835 0.0509779 0.260261
0 0.210092 0.0634635 0.0245817 0.112968 0.254727
0 0.93107 0.687267 0.0363537 0.14145 0.253571
0 0.593016 0.313424 0.0333631 0.172686 0.253486
0 0.969878 0.883567 0.0484536 0.117047 0.251534
