0 0.580896 0.411811 0.0343625 0.171849 0.771771
0 0.430092 0.547368 0.0465102 0.173043 0.688749
0 0.341207 0.363416 0.0321329 0.153797 0.647572
0 0.212621 0.292658 0.0268279 0.141066 0.632608
0 0.642952 0.432747 0.0497345 0.161148 0.619441
0 0.210473 0.450172 0.0456288 0.188554 0.618346
0 0.314785 0.237607 0.0236097 0.150402 0.572509
0 0.273892 0.177354 0.0221129 0.0470438 0.50785
0 0.38488 0.499924 0.0517334 0.187447 0.441704
0 0.240362 0.18502 0.0247065 0.0504868 0.392664
0 0.423594 0.446233 0.0617708 0.161068 0.377623
0 0.488714 0.336816 0.0645079 0.178519 0.328076
0 0.899068 0.887518 0.0338298 0.0972114 0.323102
0 0.758984 0.785428 0.0318936 0.0827817 0.31128
