0 0.363628 0.470083 0.0308878 0.17791 0.721303
0 0.440644 0.652117 0.0526961 0.199827 0.634589
0 0.26336 0.354811 0.0239953 0.169449 0.612245
0 0.0347107 0.494104 0.0414024 0.195504 0.585966
0 0.459495 0.547036 0.0365194 0.210487 0.569443
0 0.800596 0.640697 0.0472155 0.184222 0.562712
0 0.0677281 0.335292 0.0197255 0.0522541 0.443846
0 0.410601 0.436462 0.0420715 0.155436 0.442147
0 0.384527 0.367358 0.0263553 0.0800438 0.386035
0 0.21783 0.293301 0.0251326 0.0472793 0.367967
0 0.87027 0.870593 0.0408447 0.132893 0.36737
0 0.348949 0.252651 0.0276361 0.0556957 0.366712
0 0.822177 0.914011 0.0450405 0.131534 0.354749
0 0.742152 0.905295 0.0366204 0.129375 0.330628
0 0.374315 0.244238 0.021545 0.0593538 0.319841
0 0.388539 0.359968 0.0298447 0.0833494 0.298096
0 0.420841 0.234732 0.0216879 0.0478608 0.28119
0 0.0328196 0.279522 0.0215331 0.0639631 0.267537
0 0.179701 0.303823 0.0274842 0.0530568 0.263666
