0 0.403773 0.423544 0.0339285 0.126022 0.715144
0 0.454685 0.465126 0.0271357 0.0937886 0.673004
0 0.521423 0.347219 0.022242 0.114618 0.670628
0 0.262438 0.656332 0.0574091 0.199436 0.601477
0 0.737569 0.721409 0.0388988 0.156837 0.547031
0 0.331297 0.569439 0.0597007 0.184082 0.525305
0 0.636885 0.568951 0.0483555 0.185871 0.470494
0 0.491539 0.379201 0.014052 0.0381774 0.435793
0 0.457582 0.583787 0.0339697 0.165047 0.421407
0 0.761298 0.801241 0.0338186 0.0996289 0.399657
0 0.768132 0.771806 0.0181631 0.0411173 0.3253
