0 0.41105 0.384239 0.0293126 0.119752 0.737935
0 0.255138 0.542282 0.0548972 0.178204 0.724223
0 0.383283 0.47913 0.0302517 0.134284 0.691497
0 0.358234 0.342328 0.0196995 0.137435 0.629848
0 0.532872 0.33159 0.0253283 0.0978096 0.596635
0 0.446057 0.829596 0.0358889 0.12052 0.549411
0 0.480992 0.530072 0.040297 0.153313 0.465489
0 0.362072 0.568227 0.0359662 0.171173 0.437119
0 0.828319 0.744347 0.0310269 0.097508 0.372806
0 0.643919 0.536719 0.029534 0.167907 0.347644
0 0.374051 0.319512 0.0212702 0.117156 0.319968
0 0.773069 0.658529 0.0392863 0.124444 0.291121
0 0.791712 0.741952 0.0296061 0.0904028 0.276018
