0 0.578859 0.42515 0.0415066 0.17241 0.737917
0 0.315616 0.369084 0.0409171 0.147912 0.625247
0 0.20902 0.456956 0.0442778 0.181869 0.607675
0 0.658238 0.457044 0.0414404 0.149324 0.548159
0 0.384573 0.481752 0.0361254 0.211767 0.548013
0 0.217871 0.29715 0.029198 0.140354 0.527649
0 0.490878 0.33992 0.0651274 0.169666 0.464987
0 0.313592 0.242355 0.0220067 0.146907 0.425151
0 0.740147 0.851578 0.0424044 0.108105 0.363174
0 0.413065 0.459356 0.0376851 0.191283 0.359079
0 0.193169 0.849443 0.0588289 0.238442 0.326136
0 0.273826 0.187644 0.0220815 0.0379219 0.30595
0 0.813625 0.394703 0.0312608 0.0761862 0.303023
0 0.899709 0.901176 0.0354339 0.112851 0.295001
0 0.346855 0.163024 0.0238122 0.0485048 0.292408
0 0.420017 0.144453 0.0198086 0.0387537 0.289065
0 0.785867 0.456665 0.0291325 0.105367 0.283985
0 0.393716 0.150347 0.0243873 0.0439428 0.282215
0 0.039937 0.245481 0.0241089 0.0445032 0.275471
0 0.820916 0.750335 0.0358221 0.115686 0.265544
0 0.0114404 0.25398 0.0219954 0.0552216 0.260084
0 0.240157 0.195816 0.0255392 0.064131 0.251595
0 0.386128 0.525129 0.0356669 0.12753 0.250023
