0 0.487376 0.357755 0.0475649 0.0991334 0.912244
0 0.416153 0.256285 0.0342169 0.102009 0.847233
0 0.509126 0.599606 0.0478846 0.155158 0.782771
0 0.184751 0.877345 0.0681588 0.183806 0.746267
0 0.531615 0.2894 0.00962995 0.0234321 0.711589
0 0.655643 0.630879 0.0291161 0.193723 0.653849
0 0.357445 0.297951 0.0377484 0.128846 0.555066
0 0.967746 0.671537 0.0291915 0.0982367 0.525387
0 0.905054 0.562878 0.0335806 0.138739 0.517059
0 0.866625 0.696461 0.0319214 0.120166 0.503748
0 0.675705 0.711384 0.0659802 0.179825 0.447121
0 0.0407401 0.499518 0.0362504 0.154321 0.407687
0 0.436979 0.648718 0.0520555 0.173535 0.363323
0 0.823736 0.823515 0.0335169 0.0990399 0.344296
0 0.187135 0.585238 0.0633657 0.171596 0.331774
0 0.113598 0.89004 0.0378336 0.214877 0.319199
0 0.366764 0.206822 0.0161138 0.0423099 0.318752
0 0.936963 0.68727 0.0266976 0.0636382 0.295022
0 0.935962 0.706503 0.0320157 0.101868 0.29477
0 0.859173 0.788074 0.0378887 0.102121 0.289887
