0 0.332315 0.433321 0.0491211 0.164264 0.73564
0 0.251274 0.329989 0.0324033 0.173215 0.707968
0 0.409738 0.462692 0.0475322 0.168232 0.662905
0 0.327622 0.31383 0.0314272 0.09419 0.544889
0 0.826586 0.659776 0.0300175 0.159143 0.488094
0 0.20786 0.266149 0.0239282 0.0455939 0.461164
0 0.419012 0.617617 0.0472868 0.230414 0.42942
0 0.142699 0.25871 0.0297465 0.137086 0.355798
0 0.380402 0.396253 0.0327725 0.169146 0.338936
0 0.342636 0.222244 0.0300113 0.0600543 0.331153
0 0.473166 0.579352 0.0711687 0.205589 0.330767
0 0.208714 0.205777 0.0185179 0.0642612 0.328276
0 0.58391 0.614198 0.0600367 0.214546 0.326275
0 0.524341 0.489258 0.0398794 0.191958 0.32328
0 0.870549 0.528066 0.0354666 0.170863 0.276627
0 0.824555 0.52822 0.0384052 0.157186 0.263664
