0 0.922847 0.494762 0.0573489 0.160799 0.836871
0 0.7754 0.975938 0.057982 0.0481248 0.697877
0 0.754496 0.299756 0.0165944 0.106838 0.685039
0 0.793364 0.389868 0.0582237 0.156529 0.601033
0 0.35649 0.832241 0.0363376 0.0892164 0.592574
0 0.382968 0.497736 0.0438905 0.121057 0.490234
0 0.447531 0.427181 0.050387 0.144589 0.476128
0 0.150574 0.762932 0.0324857 0.0949297 0.423856
0 0.596941 0.359754 0.0634336 0.128095 0.422871
0 0.56884 0.15843 0.026647 0.0437575 0.419024
0 0.254283 0.84567 0.0324267 0.109657 0.36204
0 0.800253 0.386648 0.0420724 0.149899 0.351178
0 0.455113 0.398261 0.0624119 0.18734 0.346167
0 0.683577 0.73176 0.0870882 0.191666 0.303283
0 0.386616 0.700801 0.0771869 0.188659 0.301108
0 0.32266 0.805604 0.0419932 0.128644 0.295795
0 0.394692 0.851229 0.0330267 0.0462799 0.291863
0 0.664776 0.181304 0.0255096 0.0446888 0.268486
