0 0.640927 0.219001 0.0232859 0.127473 0.892907
0 0.0560458 0.61131 0.0537479 0.161097 0.752067
0 0.674285 0.651742 0.0744009 0.20411 0.615362
0 0.683442 0.319555 0.0534912 0.143014 0.593959
0 0.919981 0.916885 0.0831077 0.164244 0.559173
0 0.414466 0.828995 0.0276708 0.126709 0.549053
0 0.795344 0.434006 0.0747543 0.154318 0.515511
0 0.155045 0.836691 0.0375625 0.102568 0.511275
0 0.0863569 0.778363 0.0450904 0.177427 0.501809
0 0.409785 0.288417 0.0593679 0.137298 0.438483
0 0.320425 0.576272 0.0417312 0.117886 0.422453
0 0.489085 0.765695 0.0473263 0.196589 0.416952
0 0.124531 0.803735 0.0343472 0.143492 0.396457
0 0.442192 0.485315 0.0436261 0.174511 0.375901
0 0.332892 0.544784 0.0657066 0.163353 0.326769
0 0.00885314 0.720768 0.0177063 0.104143 0.316255
0 0.422467 0.288112 0.033023 0.136919 0.310744
0 0.019375 0.828425 0.0312398 0.0848212 0.251016
