0 0.866437 0.482261 0.0467857 0.165109 0.788928
0 0.8534 0.26633 0.0250774 0.0455392 0.559773
0 0.759 0.388384 0.0385508 0.158502 0.529332
0 0.73097 0.230591 0.0251748 0.0455491 0.463241
0 0.409272 0.41586 0.0257781 0.0780164 0.450005
0 0.968242 0.295582 0.028632 0.051616 0.443259
0 0.887472 0.273974 0.0328343 0.054924 0.433523
0 0.554988 0.774857 0.0711516 0.213982 0.37734
0 0.523282 0.408232 0.0447674 0.14082 0.368855
0 0.351736 0.490372 0.0325 0.134595 0.337279
0 0.176241 0.492122 0.0283252 0.099098 0.33705
0 0.351343 0.475129 0.0285912 0.108606 0.32169
0 0.921801 0.284029 0.0317139 0.0502043 0.318811
0 0.187746 0.600668 0.036451 0.176149 0.300448
0 0.904486 0.238242 0.0258945 0.0753837 0.289862
0 0.995104 0.30355 0.00930512 0.0441244 0.288756
0 0.411395 0.43144 0.0298543 0.111669 0.284736
0 0.631658 0.207082 0.0231064 0.0368833 0.283419
0 0.820725 0.210629 0.0203235 0.0577659 0.283325
0 0.875225 0.216973 0.0232918 0.08429 0.283166
0 0.961496 0.243509 0.0222713 0.0888936 0.250912
