0 0.615353 0.532524 0.0872931 0.154493 0.797119
0 0.514427 0.300189 0.0350164 0.130492 0.737782
0 0.411073 0.736708 0.0451693 0.1873 0.595127
0 0.616561 0.23596 0.0318474 0.157002 0.577402
0 0.447322 0.345922 0.0436153 0.14082 0.555641
0 0.751677 0.330244 0.0375275 0.113101 0.542871
0 0.444291 0.563894 0.0491572 0.171358 0.488201
0 0.648499 0.168346 0.023232 0.0478538 0.474981
0 0.610783 0.426163 0.0437717 0.140559 0.450292
0 0.62523 0.521705 0.0721371 0.172711 0.444864
0 0.387408 0.831889 0.0360541 0.0790416 0.434194
0 0.865595 0.223432 0.0257607 0.0461816 0.421775
0 0.438233 0.815862 0.0461149 0.122825 0.385137
0 0.92931 0.240389 0.0211133 0.0438689 0.382383
0 0.611912 0.409724 0.0398075 0.108533 0.359662
0 0.79381 0.204297 0.0255893 0.0543233 0.348
0 0.388053 0.407121 0.0352256 0.183361 0.331161
0 0.453214 0.334509 0.0317362 0.118799 0.329553
0 0.764555 0.199139 0.0214935 0.0470377 0.325464
0 0.637399 0.503482 0.0474694 0.143322 0.287885
