0 0.662384 0.533619 0.0538751 0.171412 0.803688
0 0.743251 0.549876 0.0383411 0.187843 0.745118
0 0.80461 0.410675 0.0346309 0.155387 0.709328
0 0.76199 0.416665 0.0409277 0.161836 0.652139
0 0.364472 0.713294 0.0425354 0.100971 0.62214
0 0.74219 0.306753 0.035489 0.095549 0.561322
0 0.920389 0.328232 0.0448574 0.178553 0.510715
0 0.73085 0.937851 0.0258619 0.124297 0.481188
0 0.454829 0.327789 0.031801 0.166551 0.474811
0 0.675577 0.315137 0.0419022 0.143649 0.473617
0 0.438299 0.605541 0.0450172 0.124703 0.457237
0 0.743739 0.515223 0.0376569 0.114496 0.422242
0 0.373647 0.822235 0.0371548 0.110577 0.391037
0 0.490595 0.393497 0.0318773 0.182463 0.37583
0 0.36413 0.734276 0.0470007 0.14518 0.348683
0 0.271046 0.838682 0.0322722 0.0922953 0.341033
0 0.890656 0.239776 0.0257157 0.0477068 0.326978
0 0.849484 0.233224 0.0281971 0.0405755 0.307634
0 0.503928 0.827756 0.0442136 0.0977355 0.304375
0 0.413341 0.850429 0.0371401 0.0576993 0.300034
0 0.816815 0.224476 0.0307263 0.0497178 0.273495
0 0.578402 0.162752 0.0217018 0.0384674 0.26258
0 0.509385 0.145887 0.020342 0.0403546 0.260812
