0 0.366411 0.420644 0.0456989 0.184192 0.655374
0 0.681966 0.613249 0.0344768 0.233068 0.646556
0 0.286738 0.338611 0.0348662 0.151482 0.591462
0 0.523694 0.35964 0.0696926 0.174504 0.56858
0 0.197593 0.46592 0.0392929 0.184518 0.55766
0 0.219574 0.306837 0.0295363 0.144962 0.555256
0 0.461925 0.472179 0.0439873 0.121769 0.485507
0 0.393723 0.363908 0.0297466 0.149179 0.452317
0 0.813012 0.783681 0.0379486 0.143184 0.4069
0 0.742768 0.778202 0.0350136 0.15182 0.378954
0 0.306924 0.261778 0.0191557 0.157225 0.342321
0 0.225239 0.280944 0.0348539 0.194073 0.337148
0 0.73259 0.876417 0.0379565 0.112463 0.329623
0 0.264652 0.205627 0.0228929 0.0439425 0.272881
0 0.0291351 0.267056 0.0258026 0.0474568 0.262533
