0 0.538937 0.792708 0.0467446 0.192857 0.754791
0 0.744671 0.408641 0.0361659 0.152975 0.643776
0 0.798064 0.383202 0.0383101 0.152514 0.639572
0 0.978466 0.354151 0.042101 0.16802 0.608163
0 0.687882 0.356062 0.0357731 0.157116 0.563178
0 0.493368 0.357884 0.037929 0.172587 0.547598
0 0.706535 0.647091 0.0390541 0.208705 0.461307
0 0.603771 0.156112 0.0238259 0.0432759 0.459925
0 0.52431 0.683343 0.0763941 0.147598 0.417605
0 0.65587 0.578437 0.0528625 0.188495 0.404742
0 0.500697 0.834416 0.0440239 0.0893328 0.360011
0 0.923182 0.24027 0.0279327 0.0475913 0.314777
0 0.431643 0.850866 0.0372807 0.0564652 0.280422
0 0.86777 0.180687 0.0208962 0.0626973 0.251771
