0 0.486212 0.398573 0.0364712 0.139187 0.70554
0 0.800717 0.407219 0.0283857 0.131935 0.668099
0 0.449477 0.773255 0.0551835 0.214006 0.616097
0 0.677463 0.324748 0.0235041 0.142664 0.588263
0 0.723423 0.310081 0.0290352 0.143637 0.540846
0 0.578015 0.356463 0.0336995 0.161619 0.50942
0 0.513939 0.442948 0.0525004 0.175274 0.445982
0 0.418571 0.480493 0.0456024 0.20583 0.421143
0 0.872674 0.282096 0.0278992 0.0412454 0.412193
0 0.191611 0.50826 0.0232779 0.0853171 0.385135
0 0.440462 0.831877 0.0404032 0.0959973 0.372704
0 0.214367 0.54299 0.0368674 0.156656 0.368835
0 0.436479 0.365269 0.0231501 0.0945259 0.332652
0 0.912879 0.289345 0.0268822 0.0485652 0.296569
