0 0.558986 0.315072 0.0225986 0.136497 0.805124
0 0.43627 0.759621 0.0425736 0.206853 0.785744
0 0.705077 0.286822 0.0410408 0.150227 0.759145
0 0.42757 0.409139 0.0415146 0.0931331 0.702874
0 0.494687 0.486174 0.0571728 0.141577 0.678709
0 0.635109 0.279727 0.034948 0.155904 0.636601
0 0.485455 0.372234 0.041552 0.126396 0.629074
0 0.842871 0.254954 0.0254082 0.044141 0.588875
0 0.772023 0.35736 0.0305666 0.139405 0.563513
0 0.559094 0.339209 0.0217656 0.0885248 0.54976
0 0.779321 0.237931 0.0255598 0.0446599 0.514251
0 0.561559 0.442701 0.0536539 0.134009 0.495366
0 0.6653 0.206643 0.020588 0.0460065 0.448327
0 0.443436 0.831623 0.0418404 0.100618 0.415004
0 0.809882 0.245505 0.0302182 0.0514062 0.344404
0 0.371719 0.830044 0.032791 0.0839985 0.337356
0 0.883629 0.265237 0.025699 0.04747 0.333861
0 0.340854 0.828682 0.0351229 0.0953003 0.283141
0 0.945615 0.284041 0.0225123 0.0383054 0.277948
