0 0.281856 0.172303 0.0483511 0.17727 0.603494
0 0.88201 0.492502 0.0372677 0.202419 0.565337
0 0.2089 0.212206 0.0453432 0.204881 0.495493
0 0.226096 0.111639 0.0272732 0.0600586 0.425161
0 0.402119 0.0699159 0.0296419 0.0547866 0.420893
0 0.108106 0.145762 0.0224128 0.0515001 0.412389
0 0.266643 0.0580482 0.0198153 0.0693479 0.37907
0 0.0741568 0.151623 0.0226427 0.0618187 0.363539
0 0.462613 0.567881 0.0604898 0.216622 0.363105
0 0.429565 0.0618481 0.0226961 0.0535153 0.297643
0 0.570355 0.304894 0.0325203 0.193668 0.288812
0 0.283789 0.0560002 0.0196892 0.0719098 0.277867
0 0.569215 0.281491 0.0282106 0.155134 0.262114
0 0.0442825 0.160287 0.0242221 0.0580725 0.260133
0 0.585925 0.308566 0.0524176 0.186198 0.255941
0 0.439277 0.741869 0.0421331 0.253058 0.252507
0 0.479853 0.291888 0.0422966 0.212448 0.251537
