0 0.761852 0.582126 0.0588619 0.19826 0.721819
0 0.786708 0.399126 0.0381256 0.16005 0.62008
0 0.660238 0.531725 0.0552946 0.182406 0.591985
0 0.47329 0.317062 0.0196373 0.161836 0.580574
0 0.448746 0.767906 0.0564995 0.177081 0.563244
0 0.681501 0.337402 0.0467833 0.15719 0.562333
0 0.500948 0.366087 0.0324236 0.168002 0.560699
0 0.473504 0.625579 0.0436348 0.165613 0.452963
0 0.750979 0.296533 0.0311131 0.0879888 0.434792
0 0.948433 0.337527 0.0314783 0.164735 0.42263
0 0.735819 0.939314 0.0387382 0.121373 0.385038
0 0.729888 0.410206 0.0643702 0.163358 0.382355
0 0.587772 0.159142 0.0222551 0.0389821 0.38203
0 0.503292 0.828109 0.0410238 0.0875195 0.328594
0 0.862298 0.231335 0.027523 0.0373864 0.298616
0 0.279082 0.83735 0.0322595 0.100253 0.263139
0 0.903747 0.239614 0.0244501 0.0461133 0.260396
