0 0.71332 0.295714 0.0289669 0.149449 0.815404
0 0.571443 0.333771 0.0302075 0.128135 0.659326
0 0.438626 0.749338 0.0505397 0.183784 0.575814
0 0.657294 0.310188 0.0290729 0.12383 0.556854
0 0.791136 0.389145 0.0280687 0.148193 0.526713
0 0.680393 0.219443 0.0230055 0.0496987 0.495492
0 0.795149 0.249357 0.0243374 0.0480255 0.461741
0 0.493458 0.376939 0.0431563 0.122249 0.431306
0 0.899413 0.278497 0.0250294 0.0468727 0.429926
0 0.825567 0.257323 0.0284794 0.0536269 0.378083
0 0.540171 0.445296 0.0282788 0.193912 0.371949
0 0.352514 0.831419 0.0342716 0.0769038 0.359848
0 0.435631 0.827137 0.0431485 0.101945 0.298043
0 0.280405 0.86789 0.0300207 0.0910319 0.282554
0 0.421742 0.521067 0.0373952 0.17088 0.276064
0 0.534098 0.444841 0.0408383 0.19412 0.261593
0 0.965517 0.292342 0.024903 0.0478789 0.256446
