0 0.181025 0.502401 0.045778 0.180818 0.769314
0 0.537051 0.532007 0.0364148 0.174743 0.751035
0 0.30097 0.27131 0.022157 0.150494 0.64195
0 0.280084 0.346949 0.0375144 0.157782 0.562761
0 0.39987 0.314559 0.0328355 0.118771 0.500007
0 0.223114 0.225034 0.0286428 0.0593992 0.489796
0 0.80121 0.563142 0.0241211 0.135169 0.471539
0 0.212919 0.323601 0.0338368 0.161786 0.464306
0 0.352035 0.435226 0.0588017 0.196058 0.406438
0 0.537175 0.397849 0.0376804 0.152938 0.371554
0 0.81713 0.962849 0.0447073 0.0708536 0.305956
0 0.257749 0.21603 0.0212233 0.0422208 0.300767
0 0.673686 0.684778 0.0458375 0.23876 0.294246
0 0.774581 0.478502 0.023959 0.0993465 0.288021
0 0.7318 0.889528 0.0319574 0.125509 0.278585
0 0.739692 0.7912 0.0361106 0.152463 0.275004
0 0.378482 0.179733 0.0249065 0.0463612 0.257574
0 0.8067 0.786574 0.0366623 0.131272 0.25715
