0 0.330057 0.57084 0.062444 0.185062 0.778634
0 0.403474 0.421012 0.0358255 0.118174 0.76408
0 0.522121 0.34625 0.0226979 0.113014 0.638136
0 0.458876 0.586656 0.0324032 0.163233 0.602197
0 0.265767 0.652557 0.0547717 0.190885 0.595737
0 0.63749 0.568537 0.048661 0.177714 0.591974
0 0.451749 0.46574 0.0273701 0.0979437 0.585398
0 0.739461 0.719162 0.040428 0.153048 0.564206
0 0.492561 0.376212 0.0131534 0.0384366 0.471633
0 0.452012 0.483807 0.0302425 0.13424 0.35247
0 0.76088 0.799063 0.0362181 0.100504 0.349041
0 0.828446 0.815945 0.0304005 0.114548 0.331298
0 0.127595 0.346114 0.0206475 0.0500385 0.301607
0 0.769719 0.765922 0.0144159 0.0325127 0.289922
0 0.870559 0.913106 0.0330852 0.0720424 0.252199
