0 0.805371 0.396187 0.038119 0.160388 0.835644
0 0.912627 0.506707 0.0779936 0.13726 0.690127
0 0.444244 0.446875 0.0305149 0.109095 0.683427
0 0.58812 0.375801 0.0686304 0.116515 0.644906
0 0.749366 0.30268 0.0413486 0.098641 0.558304
0 0.731609 0.969473 0.0628573 0.0577044 0.518709
0 0.384686 0.659019 0.0504138 0.141816 0.513642
0 0.366443 0.496106 0.0399549 0.105344 0.443066
0 0.990925 0.272178 0.0173816 0.0406571 0.413758
0 0.52254 0.150334 0.0217159 0.0449611 0.395914
0 0.384964 0.489584 0.0516075 0.108354 0.37362
0 0.943985 0.453533 0.0199078 0.085633 0.349067
0 0.46029 0.386426 0.0515446 0.129128 0.332299
0 0.457996 0.412709 0.0588732 0.133104 0.322517
0 0.211469 0.834356 0.0233949 0.0848402 0.319948
0 0.924513 0.254092 0.0310049 0.0472884 0.318933
0 0.594943 0.169103 0.0250079 0.0393094 0.313168
0 0.738531 0.236057 0.0247295 0.110145 0.309798
0 0.138243 0.637039 0.0378845 0.189876 0.264766
0 0.630905 0.185185 0.0220161 0.03616 0.257332
0 0.38126 0.836254 0.0352969 0.0812674 0.253247
