0 0.36207 0.453826 0.0483422 0.190634 0.69976
0 0.299242 0.358748 0.0341093 0.164068 0.642035
0 0.205942 0.338659 0.0324712 0.152181 0.633388
0 0.434649 0.24013 0.0274193 0.144364 0.604602
0 0.584212 0.479287 0.0260739 0.143203 0.561608
0 0.582918 0.622925 0.0634676 0.189002 0.493831
0 0.23851 0.219976 0.0261654 0.0588458 0.450162
0 0.912853 0.941819 0.0372588 0.10029 0.442943
0 0.516039 0.383498 0.0307832 0.15465 0.393001
0 0.495319 0.29533 0.0203965 0.0677796 0.318617
0 0.799209 0.542183 0.0248791 0.138558 0.300906
0 0.273806 0.215061 0.0225692 0.0384459 0.28893
0 0.490171 0.358315 0.0376167 0.186039 0.281595
0 0.0791962 0.262447 0.0186601 0.0484135 0.281444
