0 0.428461 0.509397 0.0699929 0.177421 0.635319
0 0.650484 0.327166 0.04001 0.135176 0.625108
0 0.658286 0.654632 0.0655436 0.188854 0.61676
0 0.395889 0.281215 0.0520662 0.136514 0.600918
0 0.362502 0.814695 0.0238462 0.116859 0.59516
0 0.0446684 0.629025 0.0639632 0.165918 0.545372
0 0.564663 0.243086 0.0237875 0.117486 0.521734
0 0.0922823 0.849732 0.0366955 0.0997311 0.46732
0 0.605147 0.239385 0.0254608 0.100025 0.450959
0 0.0375564 0.399949 0.0432636 0.144838 0.446813
0 0.753088 0.435835 0.0578208 0.175998 0.398444
0 0.548173 0.250784 0.0460389 0.113757 0.376298
0 0.323676 0.598079 0.0378015 0.182114 0.369124
0 0.0216807 0.810083 0.0396263 0.200586 0.347641
0 0.178281 0.866202 0.039996 0.118557 0.295223
0 0.934707 0.879408 0.0707558 0.201025 0.289427
0 0.0564757 0.628897 0.0401557 0.166245 0.276102
