0 0.580933 0.45108 0.0463116 0.174309 0.578787
0 0.261251 0.239264 0.0267116 0.0468012 0.534981
0 0.503488 0.459472 0.0557387 0.184314 0.521862
0 0.316199 0.639291 0.0680559 0.211949 0.512724
0 0.631077 0.550568 0.0324924 0.240572 0.472353
0 0.482721 0.357254 0.0239716 0.0630133 0.4433
0 0.414944 0.770878 0.0468686 0.203726 0.402367
0 0.228691 0.311578 0.0251389 0.181842 0.385189
0 0.401388 0.199173 0.0287535 0.0535939 0.375482
0 0.926049 0.664488 0.0331461 0.220539 0.356194
0 0.432346 0.193026 0.0235789 0.0427892 0.319263
0 0.264386 0.186254 0.0205173 0.0759727 0.318749
0 0.817441 0.915432 0.0503805 0.164523 0.296644
0 0.38932 0.144909 0.0247267 0.0816676 0.296138
0 0.419011 0.344372 0.0373663 0.194165 0.294675
0 0.953464 0.521057 0.0435507 0.185877 0.263323
0 0.462687 0.407332 0.0612278 0.146682 0.263088
0 0.344551 0.152111 0.0237886 0.0844073 0.250082
