0 0.490868 0.400014 0.0415062 0.208907 0.749146
0 0.408406 0.610973 0.0493736 0.230988 0.667792
0 0.401747 0.164601 0.0293591 0.0558014 0.504493
0 0.286149 0.302297 0.0281032 0.18279 0.464512
0 0.262271 0.20034 0.0257926 0.0523937 0.426504
0 0.431647 0.803981 0.0667455 0.118664 0.422681
0 0.897222 0.588105 0.0387074 0.225242 0.392461
0 0.431292 0.158471 0.0235352 0.049986 0.372
0 0.220524 0.252714 0.0295203 0.151983 0.367361
0 0.244068 0.280264 0.0419645 0.175168 0.359572
0 0.855016 0.949335 0.0443554 0.0998118 0.357298
0 0.539765 0.391316 0.0370462 0.202946 0.342643
0 0.810698 0.962743 0.0493178 0.0736412 0.332563
0 0.103298 0.241905 0.0202707 0.0515872 0.329391
0 0.199859 0.195903 0.0247803 0.142911 0.327719
0 0.282051 0.152211 0.0225212 0.0722611 0.313109
0 0.282146 0.141368 0.0216751 0.0564734 0.305487
0 0.948042 0.496791 0.0530739 0.199113 0.273455
0 0.0607879 0.172411 0.0285369 0.0794027 0.267852
0 0.763128 0.331078 0.0328123 0.0905443 0.261985
0 0.762829 0.417865 0.0468138 0.114699 0.257869
