0 0.452509 0.45735 0.0367636 0.117891 0.6771
0 0.847834 0.969196 0.0509014 0.0605155 0.673672
0 0.608451 0.326665 0.0467774 0.123939 0.606047
0 0.455084 0.346906 0.068808 0.153641 0.555637
0 0.333918 0.843569 0.0383043 0.0606208 0.450076
0 0.297084 0.826128 0.0367263 0.114751 0.445149
0 0.782358 0.36883 0.0371946 0.159397 0.443592
0 0.903341 0.490625 0.0764332 0.174845 0.426573
0 0.192853 0.839216 0.0312775 0.095664 0.425635
0 0.368333 0.507921 0.0638405 0.148673 0.420836
0 0.105806 0.78228 0.028348 0.0924167 0.349982
0 0.724815 0.274732 0.0574394 0.114233 0.318074
0 0.0861685 0.754889 0.0262976 0.0912419 0.31639
0 0.497605 0.138447 0.0256234 0.0376189 0.301701
0 0.368752 0.751061 0.012203 0.035443 0.29427
0 0.734535 0.272007 0.0375211 0.121418 0.28407
0 0.280714 0.818841 0.0817546 0.208985 0.280103
0 0.591321 0.155144 0.0230381 0.0421457 0.272265
0 0.813173 0.205754 0.0304905 0.047984 0.268957
