0 0.628989 0.737061 0.0619022 0.186152 0.739948
0 0.510207 0.328443 0.0443073 0.128247 0.66277
0 0.491312 0.611545 0.0436041 0.180631 0.619442
0 0.639723 0.714202 0.0352743 0.156194 0.615033
0 0.918093 0.593928 0.038684 0.15197 0.576378
0 0.13268 0.615687 0.0341831 0.169514 0.554943
0 0.444983 0.242266 0.0324627 0.104034 0.533012
0 0.107412 0.883197 0.0396125 0.18685 0.493131
0 0.914379 0.708684 0.031403 0.11912 0.490574
0 0.151129 0.852965 0.0383962 0.221116 0.488692
0 0.602054 0.809979 0.0149836 0.0498626 0.47816
0 0.423392 0.692647 0.0486484 0.22031 0.457981
0 0.610951 0.438523 0.0280301 0.165895 0.423228
0 0.642286 0.608155 0.0284603 0.1267 0.378139
0 0.989273 0.718608 0.0208343 0.114624 0.360022
0 0.642119 0.629855 0.030969 0.16923 0.351754
0 0.880997 0.829218 0.0316108 0.0972031 0.323288
0 0.91841 0.77803 0.0405598 0.0761906 0.322484
0 0.345641 0.265495 0.033871 0.173901 0.282485
0 0.951004 0.716409 0.0326455 0.112396 0.272074
