0 0.184627 0.522511 0.037345 0.207912 0.676315
0 0.345643 0.447971 0.0772376 0.194066 0.632324
0 0.225793 0.22462 0.0262835 0.062956 0.59021
0 0.280893 0.3596 0.0434514 0.161907 0.543583
0 0.413647 0.281093 0.0264803 0.139718 0.53964
0 0.585499 0.578217 0.0508381 0.189205 0.537907
0 0.486316 0.355204 0.0589639 0.179288 0.48515
0 0.742873 0.79193 0.0323964 0.152218 0.442747
0 0.212458 0.326081 0.0383273 0.161299 0.405432
0 0.798542 0.546567 0.040913 0.145276 0.380972
0 0.778023 0.478299 0.0303405 0.102927 0.354312
0 0.551309 0.402269 0.0307001 0.156003 0.344546
0 0.30355 0.273394 0.0211296 0.155057 0.318053
0 0.814082 0.79095 0.0391343 0.132563 0.288639
0 0.863396 0.751211 0.0334591 0.130226 0.266251
