0 0.225755 0.307208 0.0302346 0.133879 0.876824
0 0.29524 0.350629 0.028646 0.137572 0.779702
0 0.682475 0.553003 0.0358423 0.220031 0.603049
0 0.203192 0.449346 0.042502 0.168891 0.60272
0 0.314335 0.258325 0.022031 0.147055 0.528199
0 0.411834 0.490189 0.0555418 0.172318 0.42884
0 0.818512 0.771231 0.0375288 0.123267 0.405331
0 0.522942 0.376759 0.0503706 0.117314 0.307617
0 0.552124 0.399664 0.0286096 0.107167 0.299855
0 0.386119 0.417561 0.031972 0.175186 0.298756
0 0.85643 0.439934 0.0299619 0.152368 0.288043
0 0.220043 0.191696 0.0218131 0.120823 0.286721
0 0.533609 0.391163 0.0679495 0.140804 0.275283
0 0.750054 0.758737 0.0368078 0.120707 0.273904
0 0.190589 0.864994 0.0632095 0.2344 0.266213
0 0.270681 0.202604 0.0207832 0.0445392 0.254667
0 0.386817 0.360561 0.036655 0.0984269 0.25146
