0 0.301552 0.358888 0.0354585 0.141754 0.76758
0 0.225182 0.311144 0.0355646 0.124868 0.767342
0 0.405981 0.500151 0.0564553 0.206744 0.76578
0 0.20919 0.467025 0.0423254 0.1872 0.637571
0 0.563015 0.416281 0.031254 0.153705 0.580818
0 0.679105 0.523309 0.0410714 0.181562 0.528755
0 0.488336 0.371527 0.0394912 0.1225 0.479996
0 0.521577 0.355079 0.0304224 0.113424 0.475756
0 0.381083 0.397961 0.0248977 0.128098 0.451888
0 0.31571 0.256208 0.0236324 0.147455 0.407503
0 0.275065 0.198612 0.0217486 0.0467638 0.398798
0 0.799426 0.840349 0.0316269 0.107001 0.383119
0 0.821011 0.772199 0.0350765 0.126213 0.369689
0 0.240362 0.221072 0.0256357 0.0792027 0.362631
0 0.240533 0.208567 0.0247069 0.0524976 0.356777
0 0.752181 0.758403 0.0364143 0.120019 0.327224
0 0.758871 0.809324 0.0295631 0.0829646 0.287565
0 0.927009 0.602545 0.0286688 0.087519 0.282832
0 0.107426 0.186451 0.0259418 0.0576407 0.279961
0 0.900275 0.911197 0.0343905 0.100147 0.278555
0 0.564179 0.404104 0.0233369 0.130571 0.258456
0 0.917425 0.610998 0.0478058 0.106101 0.250451
