0 0.402499 0.425483 0.0499497 0.115223 0.614882
0 0.758605 0.708402 0.0402672 0.158804 0.560235
0 0.481899 0.853269 0.0345922 0.0655646 0.531156
0 0.430928 0.4974 0.0366152 0.144082 0.437087
0 0.311535 0.526943 0.0247599 0.0774144 0.429742
0 0.297359 0.62378 0.0310491 0.193158 0.428168
0 0.523988 0.337896 0.0205248 0.103273 0.380366
0 0.335844 0.324383 0.0166499 0.10731 0.346457
0 0.8267 0.800339 0.030563 0.115798 0.335564
0 0.470945 0.568291 0.0313845 0.164807 0.330815
0 0.306149 0.52671 0.0338492 0.0784493 0.30575
0 0.762094 0.682129 0.0335321 0.104501 0.278875
0 0.515155 0.338886 0.0362687 0.103518 0.276974
0 0.638576 0.556835 0.0500404 0.173981 0.276651
