0 0.858908 0.968113 0.0473356 0.0628688 0.778121
0 0.730916 0.267124 0.0229671 0.120683 0.758292
0 0.454767 0.461672 0.0354858 0.12162 0.681957
0 0.601108 0.318259 0.0519001 0.125576 0.671555
0 0.368248 0.503876 0.0567226 0.135319 0.608789
0 0.450696 0.340335 0.0721905 0.141189 0.56951
0 0.905714 0.479372 0.0687071 0.162881 0.563367
0 0.776988 0.364941 0.045349 0.147608 0.559521
0 0.45358 0.447326 0.030624 0.0904833 0.484268
0 0.285459 0.827629 0.0359191 0.123976 0.437507
0 0.783257 0.339957 0.0285994 0.0958936 0.424276
0 0.715272 0.701001 0.0426874 0.190737 0.391889
0 0.322044 0.846484 0.0408947 0.0667571 0.370576
0 0.732523 0.261321 0.0310611 0.136154 0.366567
0 0.48413 0.133215 0.0260741 0.040874 0.349187
0 0.182261 0.834606 0.0297838 0.101814 0.325866
0 0.413026 0.741213 0.07532 0.184774 0.305485
0 0.0929952 0.779272 0.0288735 0.0971564 0.295393
0 0.577827 0.15225 0.0241856 0.0415727 0.262563
0 0.28582 0.794882 0.0250194 0.0603791 0.2588
