0 0.613371 0.241639 0.0326516 0.143082 0.835139
0 0.758215 0.313639 0.0518662 0.145164 0.835036
0 0.669384 0.551842 0.0520178 0.147825 0.793067
0 0.462884 0.576395 0.054782 0.157781 0.742949
0 0.602411 0.566395 0.0506031 0.155045 0.637969
0 0.760189 0.198887 0.0193432 0.0439871 0.617168
0 0.616098 0.418091 0.0394171 0.161674 0.605156
0 0.404741 0.741963 0.048118 0.17252 0.593897
0 0.503433 0.317044 0.0413453 0.139064 0.544512
0 0.429342 0.818182 0.04501 0.117878 0.509661
0 0.79119 0.203401 0.0277623 0.0565303 0.492992
0 0.864297 0.221007 0.0261013 0.0508548 0.488266
0 0.446941 0.348068 0.042238 0.144681 0.470725
0 0.38415 0.833071 0.0339329 0.0770811 0.395095
0 0.410222 0.757733 0.0376859 0.150659 0.386832
0 0.928457 0.240461 0.0211758 0.043242 0.371763
0 0.233263 0.441864 0.0352658 0.178336 0.370005
0 0.685016 0.201054 0.0223698 0.122352 0.359306
0 0.645367 0.166573 0.0211474 0.0486683 0.325362
0 0.38238 0.414335 0.0298917 0.188202 0.311952
0 0.550283 0.149069 0.022538 0.0388201 0.299992
0 0.823091 0.214922 0.0269367 0.044732 0.291949
0 0.727854 0.191296 0.0270733 0.0477104 0.262025
