0 0.483199 0.774584 0.0494126 0.197299 0.789073
0 0.622868 0.229161 0.0345751 0.108336 0.760247
0 0.319338 0.564149 0.061844 0.181438 0.637281
0 0.39676 0.820383 0.0283463 0.113405 0.629122
0 0.408822 0.292025 0.0427371 0.139769 0.59697
0 0.439982 0.4937 0.042016 0.170016 0.563101
0 0.795267 0.428326 0.0415591 0.144965 0.542855
0 0.674441 0.319958 0.0280387 0.138523 0.526673
0 0.683036 0.661781 0.0403514 0.206676 0.494863
0 0.0682646 0.379307 0.0376833 0.146314 0.485602
0 0.133211 0.842586 0.045247 0.102488 0.484931
0 0.0496452 0.622524 0.060871 0.184107 0.427248
0 0.787494 0.429959 0.0586131 0.148767 0.425324
0 0.0630716 0.787921 0.0402255 0.174084 0.408715
0 0.573561 0.24648 0.0286839 0.123223 0.372456
0 0.106815 0.814337 0.0404251 0.151891 0.369197
0 0.0490771 0.0752346 0.0170269 0.0758183 0.323504
0 0.707884 0.555744 0.183199 0.171686 0.292741
0 0.396651 0.157939 0.0209496 0.0862057 0.259778
0 0.294095 0.623116 0.0136111 0.0307652 0.253527
0 0.265952 0.119106 0.025359 0.0370375 0.25008
