0 0.260704 0.223097 0.0273214 0.0536362 0.592255
0 0.393676 0.803398 0.0521013 0.130096 0.505239
0 0.401814 0.183462 0.0308326 0.0577034 0.486416
0 0.986377 0.676747 0.0266321 0.109608 0.458079
0 0.315874 0.316909 0.0455441 0.198725 0.443312
0 0.909532 0.614849 0.0421324 0.233059 0.426888
0 0.532049 0.31554 0.0299955 0.136046 0.404576
0 0.231769 0.302373 0.0235089 0.181187 0.365927
0 0.281095 0.163163 0.0224698 0.0583504 0.308941
0 0.430461 0.1763 0.0224073 0.0520781 0.304948
0 0.216617 0.239092 0.0234813 0.0769567 0.302035
0 0.763095 0.441264 0.0429012 0.117363 0.291579
0 0.764266 0.349739 0.030925 0.0866658 0.290192
0 0.388554 0.130382 0.0236309 0.0764382 0.288351
0 0.215889 0.271655 0.024163 0.143701 0.27526
0 0.599721 0.503723 0.0528496 0.225796 0.273821
0 0.374412 0.186665 0.025534 0.0650624 0.271491
