0 0.436634 0.344789 0.0322333 0.141955 0.761742
0 0.641311 0.257487 0.0294418 0.120051 0.737652
0 0.844769 0.296645 0.0264804 0.153679 0.657002
0 0.768832 0.309365 0.0463937 0.129609 0.560173
0 0.731984 0.659919 0.0476884 0.17762 0.554882
0 0.638579 0.370259 0.0495829 0.142876 0.542901
0 0.551376 0.342065 0.0375143 0.14999 0.516214
0 0.398913 0.835155 0.0343942 0.0757685 0.492848
0 0.38783 0.466532 0.0350787 0.191805 0.487253
0 0.554718 0.6572 0.063719 0.204111 0.421385
0 0.481577 0.750649 0.0411678 0.236781 0.37612
0 0.437243 0.820489 0.041345 0.111045 0.367438
0 0.126246 0.424096 0.0251809 0.0665426 0.326895
0 0.172534 0.297452 0.0259217 0.0731937 0.310542
0 0.81401 0.201837 0.0295445 0.0536061 0.280985
0 0.261964 0.401988 0.0270047 0.166012 0.274401
0 0.845452 0.213427 0.0228395 0.0405724 0.270076
0 0.570348 0.143389 0.0218817 0.0350179 0.261225
0 0.954726 0.240045 0.0218246 0.0445718 0.257271
0 0.664989 0.164258 0.0232315 0.0473756 0.254007
