0 0.303593 0.318813 0.0540194 0.170822 0.718343
0 0.585298 0.493337 0.0530228 0.213967 0.519201
0 0.237083 0.295743 0.0294827 0.168643 0.491831
0 0.400624 0.176854 0.0283347 0.0548838 0.419142
0 0.430998 0.170604 0.0237719 0.0480308 0.340332
0 0.90129 0.601536 0.0446863 0.238263 0.331848
0 0.260418 0.215565 0.0263023 0.0485571 0.330432
0 0.5001 0.421449 0.060449 0.213671 0.329909
0 0.534937 0.39483 0.0330323 0.224903 0.300478
0 0.985471 0.668732 0.0284806 0.113766 0.297741
0 0.765039 0.34106 0.0303729 0.0923705 0.296379
0 0.280897 0.156333 0.0227522 0.0640527 0.296328
0 0.217918 0.265065 0.0269834 0.145055 0.293714
0 0.244794 0.183582 0.0218432 0.10169 0.286882
0 0.244745 0.163862 0.0211446 0.0712603 0.278151
0 0.373829 0.1801 0.0237985 0.0578997 0.265669
