0 0.305783 0.366277 0.0375934 0.149272 0.771753
0 0.210698 0.467424 0.0415703 0.185537 0.7101
0 0.383972 0.42043 0.0239496 0.125291 0.695615
0 0.225013 0.302982 0.0362615 0.131557 0.640915
0 0.316331 0.250541 0.021768 0.143802 0.511216
0 0.40747 0.419053 0.0269003 0.104643 0.494999
0 0.577716 0.432476 0.0416008 0.169822 0.487375
0 0.409882 0.521177 0.0352045 0.141003 0.471076
0 0.514932 0.362088 0.0619399 0.155113 0.464037
0 0.275696 0.195488 0.022115 0.040041 0.420142
0 0.241512 0.20185 0.0266468 0.0531662 0.410532
0 0.484197 0.349988 0.0365105 0.137847 0.372294
0 0.822272 0.767176 0.0350128 0.129016 0.335858
0 0.382694 0.446206 0.0260006 0.180033 0.333127
0 0.901017 0.907224 0.0342941 0.102954 0.304705
0 0.400945 0.521003 0.0475029 0.154804 0.30376
0 0.192331 0.858748 0.0589622 0.235619 0.298065
0 0.673706 0.504454 0.036947 0.202226 0.289001
0 0.395184 0.160561 0.0238221 0.0457569 0.288929
0 0.751924 0.751961 0.0357976 0.115637 0.265517
0 0.926498 0.600285 0.0306363 0.0912201 0.259904
0 0.0121381 0.263683 0.0223912 0.0524897 0.257328
0 0.220946 0.297086 0.027487 0.119438 0.254269
