0 0.429141 0.565971 0.0447628 0.205906 0.619616
0 0.422467 0.418281 0.0351871 0.17462 0.553193
0 0.0187362 0.808575 0.0307349 0.257549 0.52659
0 0.346964 0.456603 0.0350994 0.162751 0.514058
0 0.79544 0.653857 0.0362324 0.160767 0.495582
0 0.0850611 0.486284 0.0398256 0.185336 0.474745
0 0.23 0.307726 0.0213986 0.0391811 0.442611
0 0.277551 0.362142 0.0251677 0.173125 0.442369
0 0.466398 0.657121 0.0576986 0.218169 0.419892
0 0.0844797 0.345781 0.0228828 0.050524 0.408552
0 0.821043 0.913453 0.0427013 0.130661 0.353951
0 0.194207 0.312309 0.0270032 0.0599135 0.347735
0 0.742773 0.904077 0.0346561 0.125388 0.339694
0 0.389221 0.258724 0.0258922 0.0478027 0.321813
0 0.414497 0.291792 0.0220841 0.121421 0.317741
0 0.0213287 0.358586 0.0241666 0.0617913 0.265652
0 0.871841 0.862283 0.0437389 0.129746 0.252284
