0 0.213983 0.313869 0.0289352 0.156055 0.723206
0 0.280296 0.341356 0.0383355 0.154284 0.686709
0 0.185559 0.478515 0.0332015 0.186715 0.67697
0 0.360016 0.432683 0.0462573 0.194803 0.656132
0 0.301524 0.268448 0.0224211 0.153679 0.526731
0 0.397918 0.32234 0.0303401 0.126769 0.523365
0 0.503066 0.499327 0.0451263 0.13009 0.485049
0 0.807005 0.783643 0.0371884 0.131586 0.290719
0 0.223851 0.221051 0.0272322 0.0590799 0.280462
0 0.506133 0.367345 0.046617 0.172646 0.273534
0 0.258774 0.214171 0.0213763 0.0397252 0.271114
0 0.541128 0.384803 0.0281332 0.135778 0.262953
0 0.729662 0.877865 0.0349327 0.112139 0.256226
