0 0.476401 0.413609 0.0474691 0.205059 0.75406
0 0.237864 0.124017 0.0264227 0.0572784 0.674458
0 0.465546 0.293063 0.0424496 0.201482 0.62002
0 0.454689 0.645646 0.0403124 0.218688 0.605653
0 0.505602 0.229946 0.0440527 0.152535 0.592271
0 0.31582 0.178859 0.0262296 0.160223 0.583409
0 0.468342 0.272127 0.0374267 0.158452 0.568411
0 0.198024 0.259804 0.0401862 0.170763 0.556875
0 0.584305 0.361557 0.0281329 0.172741 0.512181
0 0.459543 0.326332 0.0311577 0.142483 0.480602
0 0.193032 0.494577 0.0395302 0.219312 0.38736
0 0.132144 0.152839 0.0172649 0.0521595 0.385438
0 0.273096 0.118709 0.0232602 0.0433317 0.337345
0 0.0714969 0.169343 0.0196322 0.0537958 0.311288
0 0.7807 0.37525 0.0345799 0.104805 0.308335
0 0.399325 0.0837316 0.0253273 0.0463217 0.282061
0 0.794453 0.718741 0.0346721 0.115428 0.260829
