0 0.725574 0.413438 0.0574982 0.145692 0.670058
0 0.50063 0.362453 0.0379222 0.163659 0.647234
0 0.661496 0.537177 0.0565008 0.181037 0.444922
0 0.75858 0.591326 0.0705887 0.209092 0.434508
0 0.478166 0.311676 0.0227116 0.148067 0.401669
0 0.482094 0.764161 0.0605799 0.151998 0.396212
0 0.785407 0.390814 0.0359442 0.149144 0.395299
0 0.737425 0.941073 0.0402147 0.117854 0.389515
0 0.495373 0.828633 0.0492293 0.0853918 0.380763
0 0.687054 0.177904 0.0237913 0.0557748 0.376605
0 0.686171 0.338467 0.0465882 0.151674 0.350914
0 0.659701 0.176153 0.0164167 0.0403006 0.335621
0 0.281363 0.831703 0.0342886 0.084332 0.307561
0 0.908507 0.241142 0.0260304 0.0466469 0.305805
0 0.867766 0.232468 0.0270844 0.0407278 0.282315
0 0.95536 0.345033 0.035141 0.165829 0.276968
0 0.504369 0.63798 0.0544569 0.13935 0.270726
