0 0.0516918 0.486331 0.0435504 0.195763 0.634919
0 0.355228 0.474295 0.0459677 0.174627 0.625845
0 0.553318 0.651516 0.0544049 0.228279 0.590911
0 0.405268 0.422641 0.0393727 0.189545 0.567247
0 0.588489 0.643214 0.0480456 0.175579 0.481957
0 0.268994 0.359854 0.0251834 0.164889 0.465348
0 0.796384 0.653155 0.0426054 0.166093 0.430168
0 0.352562 0.260752 0.0289122 0.0517733 0.369662
0 0.821969 0.912716 0.0441204 0.127921 0.365468
0 0.741379 0.906324 0.0353916 0.130634 0.362226
0 0.184109 0.307462 0.0283797 0.057919 0.324727
0 0.404292 0.290462 0.0212442 0.0991923 0.316431
0 0.870323 0.864074 0.0399762 0.129021 0.299141
0 0.0407505 0.34431 0.0233304 0.0585885 0.284121
0 0.2226 0.299375 0.0235138 0.0492042 0.273485
0 0.689386 0.491356 0.043774 0.107891 0.27035
0 0.0363024 0.283191 0.0247575 0.073997 0.265179
0 0.743305 0.453252 0.0328777 0.0752867 0.258532
0 0.00598357 0.351509 0.0119671 0.0628209 0.251891
0 0.0986229 0.330941 0.021057 0.0531457 0.251506
