0 0.991302 0.244325 0.0167135 0.0511522 0.598818
0 0.689129 0.290274 0.0283791 0.120276 0.59586
0 0.565676 0.736954 0.0569783 0.213165 0.591851
0 0.931779 0.322426 0.0469368 0.155992 0.541602
0 0.638664 0.382231 0.0553762 0.208359 0.517058
0 0.681464 0.763501 0.0581641 0.138813 0.513448
0 0.423031 0.405634 0.0353617 0.179654 0.471267
0 0.473286 0.333736 0.0353882 0.164542 0.471072
0 0.953633 0.233503 0.0189308 0.0490236 0.457043
0 0.78837 0.306425 0.0260964 0.135864 0.423873
0 0.817814 0.197639 0.0236401 0.048201 0.413147
0 0.590321 0.772639 0.0557925 0.143961 0.365382
0 0.698876 0.165626 0.0238897 0.0498374 0.343133
0 0.651434 0.856585 0.0154139 0.0401549 0.332092
0 0.67181 0.76733 0.0387864 0.112695 0.301826
0 0.925073 0.230921 0.026031 0.0415806 0.299559
0 0.616644 0.855836 0.0118522 0.0268689 0.297333
0 0.450378 0.815018 0.0424085 0.121286 0.294687
0 0.651465 0.864648 0.0157641 0.05594 0.274296
