0 0.447489 0.223374 0.0243464 0.125404 0.748097
0 0.339009 0.273144 0.0492293 0.148572 0.685256
0 0.0833948 0.875553 0.0527261 0.169939 0.675509
0 0.474867 0.599207 0.0419424 0.181909 0.644521
0 0.640837 0.638313 0.0427597 0.184226 0.568993
0 0.915372 0.605694 0.039822 0.158573 0.539864
0 0.612538 0.44236 0.0385906 0.155475 0.536564
0 0.6337 0.624308 0.0270771 0.156653 0.471053
0 0.515481 0.213682 0.017614 0.0804465 0.426166
0 0.61215 0.733169 0.0438493 0.19485 0.384262
0 0.406598 0.691432 0.0564766 0.212942 0.383842
0 0.622091 0.7287 0.0609667 0.18746 0.355363
0 0.15808 0.840379 0.0314235 0.218946 0.351518
0 0.899747 0.829328 0.0336941 0.100321 0.348503
0 0.506839 0.322819 0.0233927 0.124078 0.337945
0 0.926305 0.719118 0.0404934 0.141176 0.336098
0 0.512338 0.216526 0.0222191 0.0902215 0.308448
0 0.51504 0.322812 0.0403664 0.122913 0.294683
0 0.103107 0.613835 0.0738283 0.169233 0.287168
0 0.509785 0.308861 0.0254082 0.0984508 0.272308
0 0.971349 0.715048 0.0355472 0.113893 0.269799
