0 0.185535 0.353486 0.0343438 0.180647 0.721338
0 0.371556 0.464731 0.0317965 0.197165 0.716048
0 0.259427 0.889044 0.036151 0.199984 0.696952
0 0.298842 0.354692 0.0300421 0.159629 0.515859
0 0.573845 0.490868 0.0296555 0.196743 0.470461
0 0.751469 0.79755 0.0319902 0.116855 0.432187
0 0.547188 0.61631 0.0467295 0.204967 0.420508
0 0.430984 0.249189 0.0368114 0.147558 0.418728
0 0.387776 0.187381 0.0249048 0.0423142 0.41627
0 0.502386 0.395675 0.0323526 0.161598 0.390055
0 0.3086 0.260811 0.0183562 0.110985 0.350789
0 0.308584 0.245692 0.0172198 0.0809262 0.328963
0 0.752011 0.814681 0.036574 0.154909 0.320182
0 0.500753 0.385912 0.0247137 0.15913 0.289316
0 0.229453 0.229938 0.0258283 0.0506557 0.286648
0 0.413044 0.182648 0.0213613 0.040745 0.273747
