0 0.322745 0.432152 0.0561801 0.176948 0.745291
0 0.418217 0.617791 0.038961 0.22376 0.669311
0 0.309988 0.318521 0.0296016 0.0990039 0.495975
0 0.41281 0.44345 0.0352844 0.140165 0.421759
0 0.442746 0.564771 0.0407138 0.215356 0.366869
0 0.203541 0.260516 0.0242255 0.0422207 0.365999
0 0.538937 0.48102 0.0332237 0.196833 0.358488
0 0.374304 0.394081 0.0354977 0.178503 0.333262
0 0.246792 0.32497 0.03881 0.170799 0.324291
0 0.0506381 0.299762 0.0264863 0.058392 0.260584
0 0.14178 0.251201 0.0278112 0.140672 0.254034
