0 0.211011 0.47388 0.0432437 0.194059 0.7056
0 0.207636 0.286554 0.0402592 0.14441 0.657642
0 0.58097 0.385063 0.0437002 0.174918 0.646807
0 0.319575 0.206452 0.022904 0.158701 0.608587
0 0.382221 0.361123 0.0382476 0.149665 0.587045
0 0.484127 0.307057 0.0428839 0.170136 0.541135
0 0.614814 0.380526 0.0331324 0.139998 0.494237
0 0.443646 0.56204 0.0437954 0.161682 0.47746
0 0.243489 0.157541 0.0259211 0.0504649 0.34323
0 0.475488 0.47105 0.0660711 0.170394 0.340105
0 0.278162 0.149078 0.0227524 0.0451303 0.33582
0 0.902182 0.864773 0.0336163 0.104601 0.334878
0 0.474151 0.243191 0.0264444 0.118714 0.32839
0 0.0125259 0.220027 0.0224535 0.0555025 0.291561
0 0.276362 0.153976 0.0217647 0.0454226 0.266993
0 0.317151 0.111588 0.0168877 0.0672078 0.251047
