0 0.897341 0.524224 0.0419838 0.0970051 0.801801
0 0.799254 0.396253 0.0470604 0.151481 0.787251
0 0.366844 0.639715 0.0716497 0.154529 0.55305
0 0.901411 0.50898 0.0348654 0.0768085 0.533168
0 0.901057 0.255427 0.0290461 0.0481421 0.503956
0 0.154499 0.615876 0.0457627 0.220794 0.484353
0 0.361403 0.817389 0.0479801 0.111906 0.474918
0 0.561989 0.399884 0.0781089 0.111348 0.474865
0 0.649605 0.743554 0.0629419 0.199422 0.462443
0 0.57418 0.398795 0.0540753 0.109844 0.425304
0 0.755937 0.300164 0.0422869 0.132202 0.425231
0 0.919824 0.225078 0.0217295 0.0686739 0.363141
0 0.185389 0.787817 0.0305043 0.0897416 0.357699
0 0.612773 0.179863 0.0243221 0.0451528 0.353339
0 0.805179 0.354506 0.0301959 0.0672206 0.353207
0 0.933582 0.439632 0.018803 0.0387462 0.300555
0 0.540905 0.164061 0.0215764 0.0407051 0.285035
0 0.946481 0.26686 0.0281643 0.0524562 0.274565
0 0.313712 0.453073 0.0468178 0.124339 0.273801
