0 0.324167 0.70548 0.0650527 0.139364 0.781285
0 0.736023 0.313349 0.0390134 0.112378 0.722644
0 0.775322 0.43275 0.0425269 0.173762 0.648607
0 0.911132 0.328864 0.0388935 0.179085 0.642925
0 0.725337 0.534644 0.0445659 0.19682 0.638963
0 0.432224 0.601816 0.0432061 0.166459 0.6154
0 0.657029 0.528682 0.0504471 0.17736 0.580857
0 0.668355 0.183722 0.0227434 0.0519196 0.551667
0 0.884899 0.244427 0.028853 0.0507065 0.550365
0 0.671889 0.315396 0.0387903 0.139383 0.541863
0 0.450714 0.338806 0.0332522 0.162015 0.456587
0 0.821062 0.413222 0.0324826 0.171904 0.416105
0 0.446671 0.343625 0.0234233 0.150585 0.34733
0 0.345117 0.817597 0.0368589 0.10958 0.340924
0 0.48492 0.399281 0.0334741 0.181521 0.340774
0 0.500282 0.829819 0.0450648 0.0982241 0.298861
0 0.571961 0.1667 0.0232129 0.0368365 0.273704
