0 0.238847 0.125389 0.0255002 0.057219 0.694684
0 0.583401 0.357015 0.0308726 0.182428 0.648016
0 0.476138 0.417028 0.0462521 0.198091 0.622063
0 0.199187 0.263768 0.0423554 0.163712 0.555743
0 0.456588 0.329829 0.0272425 0.136558 0.551669
0 0.317303 0.180981 0.0256448 0.160638 0.511376
0 0.474341 0.269609 0.0296362 0.148048 0.470454
0 0.194966 0.492251 0.0402181 0.220698 0.469922
0 0.452049 0.642614 0.045412 0.22281 0.433648
0 0.926052 0.856364 0.0357353 0.0882656 0.384535
0 0.273508 0.121013 0.0223679 0.0434763 0.378015
0 0.408968 0.598869 0.0610499 0.184017 0.355173
0 0.504088 0.231974 0.042908 0.148709 0.349248
0 0.133507 0.153593 0.0176501 0.0531019 0.256148
