0 0.318193 0.452872 0.0348828 0.142682 0.762982
0 0.574649 0.60787 0.0274275 0.172926 0.732536
0 0.117751 0.46103 0.031387 0.178701 0.700872
0 0.283323 0.365464 0.0242251 0.161554 0.646667
0 0.412226 0.573978 0.0648643 0.208655 0.603238
0 0.45915 0.464189 0.0451342 0.14985 0.514681
0 0.238672 0.310054 0.0221514 0.0397586 0.394724
0 0.203206 0.313385 0.027643 0.061102 0.353288
0 0.416286 0.331424 0.0269884 0.156075 0.341898
0 0.740984 0.909377 0.0364024 0.152856 0.327751
0 0.030748 0.357144 0.0234479 0.0647782 0.271616
0 0.782665 0.633778 0.0265194 0.165483 0.271403
0 0.0943271 0.28337 0.0230918 0.0705262 0.260188
