0 0.512158 0.682431 0.060454 0.149292 0.677444
0 0.749029 0.612834 0.0506334 0.192741 0.638533
0 0.686854 0.347868 0.0431173 0.153649 0.622307
0 0.732682 0.414899 0.0570669 0.16811 0.546189
0 0.500077 0.36118 0.0356536 0.161706 0.52057
0 0.791452 0.383424 0.0365064 0.151597 0.499059
0 0.516376 0.766773 0.0369106 0.113923 0.457745
0 0.966747 0.347551 0.0341249 0.163392 0.425473
0 0.485812 0.311743 0.0384039 0.163399 0.403047
0 0.518325 0.794586 0.0393894 0.160058 0.341121
0 0.693115 0.176644 0.0225163 0.0536509 0.311789
0 0.595975 0.15626 0.0218495 0.040256 0.288238
0 0.874612 0.230238 0.027243 0.040398 0.287087
