0 0.682684 0.606401 0.0335702 0.23327 0.680383
0 0.287589 0.339293 0.0354283 0.150714 0.631879
0 0.197635 0.459565 0.0394622 0.176275 0.59234
0 0.366413 0.422614 0.0461255 0.18145 0.590928
0 0.220114 0.304548 0.0295858 0.149517 0.554994
0 0.522878 0.360049 0.068553 0.172961 0.552161
0 0.45777 0.477031 0.0443741 0.132294 0.503256
0 0.307176 0.262503 0.0211806 0.153838 0.457314
0 0.393832 0.362862 0.0308851 0.150922 0.431365
0 0.742761 0.776674 0.0348909 0.149707 0.407527
0 0.813065 0.783278 0.0382294 0.142508 0.390981
0 0.733173 0.87593 0.037064 0.113727 0.32613
0 0.547557 0.362097 0.027407 0.163199 0.309571
0 0.224789 0.28129 0.0351722 0.194188 0.3028
0 0.26469 0.205314 0.0230439 0.0430958 0.275807
