0 0.426518 0.526688 0.0540034 0.162537 0.823546
0 0.621835 0.327848 0.04035 0.127462 0.781212
0 0.048403 0.633699 0.0575495 0.173684 0.7277
0 0.512635 0.781755 0.0532659 0.179383 0.684299
0 0.719877 0.437368 0.0460466 0.146108 0.663092
0 0.568921 0.22809 0.0313543 0.120741 0.580328
0 0.928218 0.834948 0.0730049 0.19618 0.504571
0 0.322454 0.817736 0.0244912 0.123619 0.477784
0 0.540644 0.256303 0.0287464 0.10558 0.449116
0 0.385505 0.270541 0.0235431 0.101379 0.385143
0 0.383036 0.285629 0.0295296 0.133906 0.364332
0 0.617925 0.315565 0.0290158 0.104778 0.317696
0 0.888749 0.969972 0.0477844 0.0600557 0.310023
