0 0.556148 0.311447 0.0233886 0.130289 0.793525
0 0.70555 0.286396 0.0379038 0.146252 0.749044
0 0.50386 0.481828 0.0456726 0.127324 0.6541
0 0.428592 0.39954 0.0342981 0.0957184 0.612504
0 0.483571 0.368867 0.0492013 0.130437 0.598558
0 0.435025 0.759746 0.0428327 0.20993 0.597507
0 0.769551 0.35318 0.0308148 0.140778 0.556122
0 0.633078 0.278498 0.0357721 0.150844 0.498004
0 0.568401 0.436338 0.0319424 0.117577 0.486208
0 0.443144 0.8309 0.0440967 0.0976653 0.397123
0 0.697378 0.280017 0.0319996 0.153327 0.388283
0 0.556446 0.341594 0.0203411 0.0718211 0.376104
0 0.778348 0.236084 0.0209177 0.0434864 0.374915
0 0.840134 0.253208 0.0252802 0.0455749 0.369996
0 0.80883 0.244533 0.0268073 0.0521588 0.361506
0 0.710723 0.286692 0.0262661 0.147696 0.355512
0 0.662886 0.203538 0.0234152 0.0510261 0.308916
0 0.688785 0.210482 0.0196139 0.0593989 0.300179
0 0.691216 0.258878 0.0237151 0.15764 0.297906
0 0.368361 0.82935 0.0340043 0.0887753 0.272738
0 0.942716 0.279319 0.0232447 0.040835 0.268074
0 0.881164 0.261028 0.0250145 0.0470962 0.25334
0 0.399985 0.852256 0.0364354 0.0576224 0.252916
0 0.338649 0.827981 0.0351895 0.100944 0.250447
