0 0.811651 0.425906 0.0294716 0.138543 0.820879
0 0.461528 0.775813 0.0523843 0.216959 0.819848
0 0.577316 0.372998 0.0532058 0.146558 0.796539
0 0.733868 0.315119 0.0287355 0.152273 0.6957
0 0.69068 0.337167 0.0213527 0.142997 0.547587
0 0.215588 0.54265 0.0380888 0.162287 0.503225
0 0.700958 0.234286 0.0233364 0.0477719 0.488292
0 0.817018 0.269258 0.023222 0.0437948 0.478917
0 0.990926 0.317121 0.0173509 0.0390597 0.46939
0 0.449124 0.84191 0.0435524 0.0988345 0.438191
0 0.926237 0.295963 0.0277483 0.0484318 0.425639
0 0.384606 0.485779 0.0400407 0.17617 0.373682
0 0.884277 0.286913 0.0290191 0.0505756 0.341422
0 0.60477 0.213198 0.022826 0.0394297 0.270479
0 0.165671 0.490052 0.0286987 0.10269 0.265595
0 0.432002 0.380959 0.0313517 0.106091 0.261761
0 0.849639 0.276138 0.0289932 0.0545055 0.261361
0 0.484106 0.428255 0.0377892 0.160609 0.260567
0 0.415827 0.462636 0.0577916 0.216827 0.259852
0 0.492214 0.444231 0.0488722 0.185089 0.256048
0 0.499503 0.44931 0.0357449 0.173808 0.255963
