0 0.572157 0.86606 0.0309733 0.0843929 0.764261
0 0.815127 0.412036 0.0394722 0.139127 0.759202
0 0.477854 0.432457 0.0272354 0.125039 0.708336
0 0.341945 0.588398 0.0354456 0.166089 0.68357
0 0.462327 0.414476 0.026926 0.117353 0.658193
0 0.735307 0.428952 0.0633184 0.13548 0.620935
0 0.461525 0.566409 0.0506498 0.187575 0.605266
0 0.649824 0.317238 0.0616373 0.114118 0.550103
0 0.341967 0.863823 0.0359461 0.0950577 0.497941
0 0.900178 0.269626 0.0231571 0.0433254 0.479595
0 0.492945 0.51884 0.0294026 0.198152 0.467224
0 0.870092 0.342267 0.0273327 0.147331 0.456978
0 0.584455 0.335996 0.0334005 0.151693 0.443042
0 0.278355 0.790791 0.031675 0.129441 0.388866
0 0.264163 0.651096 0.0394862 0.199515 0.381499
0 0.43656 0.838051 0.0393446 0.136546 0.308523
0 0.306583 0.826421 0.030332 0.119272 0.289832
0 0.78331 0.239023 0.0235862 0.0433006 0.274009
0 0.329069 0.660475 0.00945949 0.0260525 0.254475
