0 0.45509 0.226116 0.0233393 0.112627 0.708623
0 0.938266 0.724617 0.0504695 0.123245 0.686264
0 0.386395 0.692514 0.0491315 0.215816 0.65511
0 0.611134 0.429308 0.0489933 0.152196 0.595798
0 0.0913904 0.629459 0.0403534 0.171544 0.582919
0 0.505932 0.322828 0.0484743 0.112784 0.556749
0 0.453738 0.586804 0.043416 0.174099 0.55174
0 0.05501 0.870019 0.04259 0.150828 0.531411
0 0.910621 0.628851 0.0404453 0.167244 0.502994
0 0.990324 0.717374 0.0187901 0.099186 0.502536
0 0.169924 0.835949 0.0329241 0.203921 0.488395
0 0.333267 0.281235 0.027778 0.125329 0.480596
0 0.625719 0.645729 0.0311173 0.196381 0.424269
0 0.586604 0.742904 0.069224 0.177392 0.403532
0 0.60034 0.734116 0.047459 0.169293 0.391358
0 0.963016 0.781822 0.0407399 0.0834012 0.383533
0 0.897043 0.774387 0.0195736 0.0382473 0.301631
0 0.179162 0.201331 0.0244042 0.0445764 0.291049
0 0.506723 0.224503 0.0228513 0.121267 0.271297
0 0.921766 0.837316 0.0364555 0.0972328 0.255233
