0 0.578272 0.370445 0.0492828 0.143074 0.767715
0 0.458618 0.775044 0.0537006 0.215852 0.753562
0 0.731449 0.31219 0.0274689 0.156111 0.751356
0 0.808972 0.42575 0.0282214 0.136855 0.723392
0 0.687165 0.336022 0.0225314 0.139309 0.683907
0 0.434853 0.37668 0.0272291 0.104897 0.595877
0 0.511672 0.449356 0.049691 0.169306 0.569971
0 0.698251 0.233484 0.023422 0.0466388 0.529128
0 0.212066 0.542631 0.0487503 0.164858 0.460342
0 0.879438 0.283253 0.0276012 0.0485829 0.433261
0 0.815534 0.26748 0.0227154 0.0435902 0.409396
0 0.394594 0.482341 0.0279754 0.161354 0.382773
0 0.447425 0.837113 0.0425456 0.0964001 0.362078
0 0.990418 0.316921 0.0183842 0.0402602 0.361253
0 0.48258 0.412649 0.0349703 0.132249 0.351551
0 0.163908 0.488632 0.027597 0.101975 0.281247
0 0.846781 0.274877 0.0314125 0.054894 0.261445
