0 0.452453 0.408539 0.0526672 0.166475 0.557336
0 0.489668 0.458403 0.0489279 0.194346 0.494138
0 0.627792 0.560175 0.0338429 0.252078 0.461124
0 0.398603 0.202312 0.0291737 0.0576708 0.449616
0 0.575531 0.458877 0.0455507 0.169356 0.447156
0 0.258622 0.242533 0.0245796 0.0495132 0.404359
0 0.322758 0.635643 0.0707267 0.195778 0.393514
0 0.427182 0.194781 0.0249929 0.0496377 0.373772
0 0.427463 0.352524 0.0406717 0.185045 0.364499
0 0.813956 0.915592 0.0455948 0.163442 0.348368
0 0.0609495 0.223069 0.0294717 0.0774666 0.3438
0 0.467187 0.360063 0.0225727 0.069628 0.339499
0 0.521895 0.355264 0.0375438 0.196678 0.329681
0 0.781024 0.373952 0.0352207 0.102459 0.271373
0 0.465143 0.378476 0.0276124 0.108159 0.252107
0 0.859362 0.560518 0.0398768 0.108553 0.251013
