0 0.315929 0.70087 0.0507016 0.14584 0.797661
0 0.829754 0.411869 0.0408438 0.161969 0.717904
0 0.780255 0.434061 0.0378268 0.17443 0.665667
0 0.734995 0.313773 0.0389757 0.113124 0.662514
0 0.718171 0.513279 0.0470076 0.182327 0.65129
0 0.909496 0.32945 0.0372963 0.176732 0.636954
0 0.64936 0.523593 0.0420618 0.19055 0.595967
0 0.430534 0.605804 0.0440918 0.173409 0.539623
0 0.674159 0.31016 0.0315223 0.132271 0.505158
0 0.570657 0.165065 0.0221071 0.04023 0.477301
0 0.44683 0.347289 0.030643 0.162143 0.434429
0 0.498316 0.829434 0.0443151 0.098938 0.423627
0 0.666221 0.184999 0.0195102 0.0517257 0.395899
0 0.883638 0.245709 0.0282812 0.0536 0.324222
0 0.483577 0.404575 0.0357081 0.181187 0.261895
