0 0.305145 0.154917 0.0339439 0.171061 0.656687
0 0.189828 0.216716 0.0290754 0.18825 0.649642
0 0.265994 0.0907884 0.0244814 0.0430264 0.560901
0 0.525211 0.191179 0.0296751 0.15641 0.532681
0 0.228493 0.0982257 0.0280867 0.061497 0.471603
0 0.591051 0.301649 0.0249128 0.159954 0.402536
0 0.876177 0.729652 0.0342762 0.141707 0.365932
0 0.145775 0.5214 0.0560393 0.234608 0.339148
0 0.792455 0.730475 0.038683 0.152812 0.305907
0 0.51703 0.370806 0.0445064 0.235934 0.29062
0 0.516459 0.257383 0.0455402 0.0897642 0.283677
0 0.565557 0.284215 0.0391197 0.162518 0.283598
0 0.211076 0.0642429 0.0224373 0.115274 0.278752
0 0.471363 0.267664 0.0319704 0.197494 0.2747
0 0.401471 0.0514925 0.0271403 0.0506765 0.270131
0 0.26889 0.0448727 0.0216039 0.0780383 0.258116
0 0.563118 0.12101 0.0247389 0.0870934 0.254785
