0 0.512414 0.450412 0.0516117 0.198563 0.745563
0 0.404561 0.328119 0.0299636 0.189101 0.739864
0 0.630925 0.536132 0.0387482 0.232533 0.608576
0 0.563757 0.40462 0.0395044 0.173168 0.568893
0 0.587395 0.436536 0.0490768 0.166544 0.56249
0 0.818172 0.913566 0.052965 0.172868 0.484338
0 0.40188 0.79066 0.0451657 0.160658 0.463542
0 0.265004 0.227647 0.0254063 0.0500166 0.443838
0 0.532186 0.341594 0.035526 0.185232 0.419248
0 0.0653756 0.203563 0.0297775 0.0783858 0.40262
0 0.317667 0.635816 0.0622828 0.229167 0.401992
0 0.105947 0.271254 0.0195293 0.0498078 0.397415
0 0.575894 0.254077 0.0245272 0.0589931 0.393079
0 0.987746 0.685313 0.0234176 0.105856 0.379117
0 0.234838 0.305312 0.026343 0.179845 0.371973
0 0.435361 0.181584 0.0246706 0.0512424 0.327619
0 0.927851 0.642025 0.0357979 0.250341 0.326077
0 0.874549 0.544539 0.0318173 0.111087 0.322653
0 0.283129 0.187051 0.0176159 0.0856962 0.319051
0 0.564334 0.36814 0.0365316 0.0994288 0.310694
0 0.899513 0.587622 0.0297373 0.0928104 0.296395
0 0.766574 0.351545 0.0317943 0.0961846 0.292311
0 0.492151 0.371654 0.0325925 0.113725 0.287616
0 0.853566 0.913191 0.0508076 0.131281 0.286206
0 0.404758 0.191022 0.0270593 0.0497031 0.284229
0 0.179367 0.220856 0.0229977 0.137277 0.281161
0 0.204188 0.217313 0.0223545 0.134358 0.280425
0 0.267226 0.178671 0.0198246 0.0690089 0.273019
0 0.574714 0.268195 0.0267763 0.0870274 0.253888
