0 0.561058 0.808008 0.0406005 0.121795 0.817433
0 0.639632 0.346807 0.0530835 0.146294 0.78945
0 0.980343 0.35923 0.038618 0.165146 0.583188
0 0.724657 0.436265 0.0548794 0.175062 0.560018
0 0.480397 0.316929 0.0274795 0.154587 0.54749
0 0.777552 0.305752 0.0401631 0.119205 0.467712
0 0.607045 0.151781 0.0228758 0.0438943 0.466062
0 0.888893 0.227367 0.027074 0.0459665 0.454923
0 0.789076 0.200375 0.0330178 0.0523713 0.388377
0 0.515737 0.755424 0.0637528 0.133904 0.387222
0 0.786469 0.306538 0.0246687 0.118863 0.368593
0 0.932286 0.23723 0.0269432 0.0472665 0.359945
0 0.854411 0.21898 0.0291441 0.0495505 0.35277
0 0.452016 0.392235 0.0416884 0.175324 0.348257
0 0.741404 0.331657 0.0301234 0.155998 0.32377
0 0.592221 0.728523 0.0471123 0.217249 0.302675
0 0.654374 0.87162 0.0166672 0.0390496 0.298556
0 0.431275 0.844731 0.0332952 0.0583776 0.287365
0 0.705257 0.175871 0.0247295 0.0514523 0.276775
0 0.39675 0.819075 0.0372712 0.111762 0.257941
