0 0.276884 0.63866 0.0567529 0.193533 0.737551
0 0.804147 0.429722 0.0298269 0.158077 0.680336
0 0.562362 0.621322 0.0482161 0.181981 0.606295
0 0.473445 0.838839 0.0279585 0.0775161 0.600937
0 0.30424 0.557794 0.0357559 0.162442 0.566573
0 0.670772 0.348315 0.0213612 0.0665787 0.54063
0 0.226832 0.81442 0.0392472 0.175357 0.537233
0 0.420684 0.456613 0.0260548 0.178688 0.434879
0 0.550297 0.345068 0.0308895 0.147256 0.426384
0 0.40369 0.428318 0.022564 0.135973 0.396232
0 0.0667845 0.764284 0.0362955 0.0920523 0.394408
0 0.259249 0.82385 0.0322854 0.0956244 0.392188
0 0.701846 0.438308 0.0472196 0.141537 0.373524
0 0.853691 0.351535 0.0436577 0.14826 0.357765
0 0.672543 0.313559 0.0240085 0.127536 0.34547
0 0.689909 0.439395 0.0648035 0.143607 0.302605
0 0.402401 0.445039 0.0260858 0.170629 0.296872
0 0.499919 0.520788 0.0534094 0.174155 0.272765
0 0.290492 0.856382 0.0366765 0.1085 0.271097
0 0.411855 0.826064 0.0424879 0.156689 0.265214
0 0.673522 0.29373 0.0205604 0.0904841 0.261052
0 0.830065 0.253101 0.0225275 0.0446847 0.261016
