0 0.689953 0.357445 0.0425223 0.160815 0.65158
0 0.521574 0.681331 0.0680681 0.141591 0.620413
0 0.532133 0.793027 0.0457676 0.172434 0.596882
0 0.737831 0.414745 0.0487783 0.173949 0.591539
0 0.485554 0.307196 0.043595 0.157379 0.520837
0 0.794496 0.382897 0.0359249 0.150434 0.4708
0 0.970986 0.348255 0.0358893 0.165216 0.464335
0 0.876415 0.227918 0.0301985 0.047445 0.42427
0 0.742302 0.62373 0.0584469 0.202358 0.423843
0 0.598893 0.156676 0.0223362 0.0425034 0.422875
0 0.695927 0.177963 0.0224325 0.0531101 0.348789
0 0.501185 0.354789 0.0363234 0.164499 0.337233
