0 0.489486 0.394194 0.0453532 0.13582 0.663703
0 0.801025 0.407409 0.0239681 0.12827 0.546617
0 0.447866 0.767991 0.0563964 0.215095 0.539993
0 0.797354 0.410867 0.0307709 0.145698 0.491646
0 0.577034 0.352434 0.0338291 0.163742 0.483329
0 0.721564 0.30786 0.028632 0.146352 0.475065
0 0.870466 0.280645 0.0264007 0.0418123 0.437887
0 0.675397 0.319433 0.0236537 0.144925 0.407987
0 0.805532 0.261981 0.0231844 0.0431731 0.360351
0 0.439834 0.831129 0.0436184 0.0958935 0.327764
0 0.687817 0.229372 0.0233373 0.0522089 0.309159
0 0.974668 0.305151 0.0226715 0.0441871 0.292322
0 0.190469 0.50613 0.0244459 0.0843957 0.291533
0 0.210131 0.5361 0.0443029 0.143944 0.283847
0 0.910869 0.287961 0.0277019 0.0477462 0.276949
0 0.51836 0.442585 0.0408796 0.165597 0.269408
0 0.943596 0.23816 0.0210336 0.0568974 0.269113
