0 0.513914 0.299054 0.035886 0.131339 0.664311
0 0.612464 0.417011 0.0418224 0.130845 0.647375
0 0.409984 0.737743 0.045984 0.190246 0.639645
0 0.612909 0.534318 0.0839111 0.14015 0.629463
0 0.751151 0.315683 0.0371979 0.137956 0.551471
0 0.447158 0.344866 0.0433201 0.139329 0.55078
0 0.616471 0.235637 0.0320868 0.156937 0.523295
0 0.64801 0.167875 0.0226212 0.0479154 0.486782
0 0.865383 0.2228 0.0256325 0.0468911 0.47948
0 0.640997 0.52188 0.0402842 0.137102 0.473501
0 0.438038 0.8157 0.045388 0.123307 0.461806
0 0.387051 0.832354 0.03489 0.0820882 0.428402
0 0.793665 0.204377 0.0258995 0.0539828 0.388925
0 0.929281 0.239704 0.0207596 0.0443393 0.379452
0 0.386698 0.406704 0.0337572 0.183988 0.370079
0 0.637061 0.497077 0.0395682 0.12762 0.356356
0 0.41242 0.761504 0.040857 0.145778 0.350005
0 0.230981 0.441489 0.0336465 0.178136 0.31352
0 0.448062 0.564359 0.0449091 0.168019 0.304143
0 0.453072 0.320007 0.0316177 0.0902032 0.29511
0 0.497948 0.372546 0.0117466 0.0245326 0.276861
0 0.764679 0.19888 0.0200086 0.0454355 0.252964
