0 0.22533 0.307701 0.0300287 0.131436 0.860322
0 0.294561 0.350397 0.0303741 0.141294 0.761416
0 0.202836 0.448064 0.041782 0.170014 0.548912
0 0.417328 0.48422 0.0429544 0.159875 0.531078
0 0.314006 0.258553 0.0221616 0.148507 0.528272
0 0.682243 0.558353 0.0348022 0.220013 0.522417
0 0.545456 0.403149 0.0435087 0.116679 0.487229
0 0.550895 0.401864 0.0295416 0.108695 0.480794
0 0.385789 0.407091 0.0333614 0.182843 0.378947
0 0.818447 0.771401 0.0380139 0.123643 0.35336
0 0.219898 0.191398 0.022045 0.119815 0.344984
0 0.269801 0.205185 0.0205457 0.0398696 0.320671
0 0.473112 0.390798 0.0484286 0.106609 0.309352
0 0.856394 0.439618 0.0299412 0.152121 0.29364
