0 0.209653 0.469398 0.0458807 0.188836 0.786082
0 0.206812 0.282265 0.0407652 0.158932 0.671441
0 0.401703 0.35 0.0521462 0.146852 0.641324
0 0.449728 0.570562 0.0465176 0.184785 0.613998
0 0.584132 0.383354 0.0402023 0.16942 0.591134
0 0.319978 0.203924 0.0243475 0.15064 0.518858
0 0.484062 0.3002 0.0329321 0.17038 0.478686
0 0.410703 0.552458 0.0680633 0.19455 0.458936
0 0.475124 0.467208 0.0641475 0.163369 0.363706
0 0.242919 0.149246 0.0263501 0.0540823 0.311974
0 0.828016 0.717357 0.0333948 0.123474 0.310666
0 0.904931 0.86102 0.0345753 0.104691 0.286903
0 0.755076 0.725136 0.0396863 0.151421 0.28046
