0 0.426295 0.257545 0.0221134 0.124536 0.650786
0 0.29906 0.355673 0.0389235 0.163351 0.647526
0 0.200709 0.549914 0.0448194 0.224184 0.632286
0 0.357474 0.446074 0.0530955 0.196678 0.59358
0 0.597254 0.602735 0.0449871 0.206714 0.584027
0 0.4932 0.352356 0.0348602 0.179172 0.575571
0 0.807528 0.544395 0.0376808 0.143505 0.518085
0 0.220371 0.329401 0.0292053 0.150725 0.459637
0 0.216549 0.32333 0.0231577 0.13868 0.445991
0 0.653398 0.742971 0.0461483 0.24531 0.414186
0 0.557167 0.39809 0.0626438 0.148749 0.413619
0 0.193953 0.888797 0.0669596 0.221649 0.404904
0 0.239716 0.221485 0.0265487 0.0671702 0.395394
0 0.0809986 0.262855 0.0203851 0.0487684 0.387641
0 0.316761 0.268827 0.0225263 0.150799 0.382958
0 0.111099 0.251896 0.0182071 0.0542681 0.367556
0 0.829233 0.794678 0.0396215 0.132819 0.326779
0 0.547628 0.390062 0.0344025 0.135568 0.292897
0 0.74288 0.917447 0.0474104 0.162719 0.254849
