0 0.713777 0.440238 0.0419498 0.152661 0.812365
0 0.616149 0.328369 0.0467016 0.124122 0.767905
0 0.0469232 0.625758 0.0600748 0.164747 0.707181
0 0.315023 0.817463 0.0255295 0.122621 0.628137
0 0.516109 0.779862 0.0496234 0.181782 0.574104
0 0.531099 0.255278 0.0335245 0.105146 0.521245
0 0.422557 0.53047 0.0519531 0.166574 0.496618
0 0.0370975 0.86246 0.0407819 0.0927471 0.292615
0 0.930301 0.828474 0.0601204 0.195289 0.281333
0 0.383552 0.282663 0.027469 0.123023 0.278732
0 0.382385 0.267545 0.0235953 0.0920416 0.277073
0 0.720918 0.408602 0.0266195 0.090173 0.264768
0 0.566665 0.226636 0.0272125 0.124712 0.262444
0 0.717016 0.42468 0.034008 0.121666 0.250825
