0 0.662232 0.532197 0.058529 0.175263 0.708696
0 0.459021 0.599874 0.0427506 0.128416 0.668333
0 0.468661 0.314023 0.0196134 0.152406 0.646733
0 0.6789 0.332547 0.0471147 0.1613 0.617613
0 0.422795 0.753229 0.0561321 0.177589 0.582049
0 0.759344 0.571407 0.0479496 0.204855 0.567052
0 0.747819 0.29882 0.0331972 0.0956556 0.519274
0 0.787146 0.399309 0.0397317 0.163365 0.46758
0 0.94119 0.33513 0.0327212 0.164543 0.452982
0 0.432925 0.706952 0.0370811 0.0826546 0.448424
0 0.740933 0.408248 0.0541083 0.157027 0.421509
0 0.497772 0.379111 0.033031 0.181438 0.361861
0 0.680946 0.178907 0.0214696 0.049954 0.334621
0 0.734905 0.938024 0.033485 0.123951 0.332421
0 0.505114 0.826999 0.0420825 0.0923147 0.283072
0 0.380199 0.819205 0.035249 0.111777 0.281895
0 0.419324 0.847507 0.0365378 0.0524284 0.27647
0 0.899456 0.239839 0.0273174 0.0462929 0.255977
0 0.896082 0.196681 0.0216945 0.0830418 0.254065
