0 0.485149 0.314113 0.0395679 0.215659 0.564663
0 0.0328416 0.601319 0.0559541 0.22945 0.502505
0 0.265835 0.0728165 0.0191399 0.0665084 0.462044
0 0.976664 0.583073 0.0459721 0.14371 0.454934
0 0.223265 0.238624 0.0380184 0.174901 0.439692
0 0.270785 0.187066 0.0352937 0.180531 0.401606
0 0.542744 0.317573 0.0270772 0.175224 0.391166
0 0.566383 0.393564 0.0651035 0.222454 0.390767
0 0.864135 0.332393 0.0323761 0.101241 0.381634
0 0.88443 0.504398 0.036734 0.218266 0.373999
0 0.223022 0.131898 0.0263581 0.0564753 0.368229
0 0.40214 0.0850004 0.0288502 0.0554721 0.36728
0 0.283812 0.066013 0.0210056 0.061525 0.366764
0 0.109555 0.160739 0.0161835 0.0537328 0.348465
0 0.836844 0.78614 0.0394163 0.133828 0.323201
0 0.949445 0.520536 0.0415421 0.12652 0.29524
0 0.983835 0.942246 0.0318073 0.110099 0.279823
0 0.702842 0.263686 0.0278333 0.0702732 0.264574
0 0.375734 0.0867841 0.0242212 0.0605222 0.261079
