0 0.417189 0.374697 0.0363367 0.113591 0.716169
0 0.382042 0.549251 0.0436345 0.170771 0.700316
0 0.237463 0.528847 0.0376287 0.160526 0.667518
0 0.47995 0.517988 0.0495563 0.154469 0.598201
0 0.363387 0.479018 0.0315455 0.129345 0.59151
0 0.43037 0.820866 0.0383324 0.113926 0.552418
0 0.363992 0.330437 0.0222726 0.131779 0.482878
0 0.366358 0.466524 0.0254688 0.103548 0.430144
0 0.650795 0.527252 0.0315496 0.161785 0.419727
0 0.431037 0.816101 0.0292026 0.104424 0.415304
0 0.873874 0.699312 0.028545 0.0989097 0.37463
0 0.538734 0.321529 0.0269656 0.0945008 0.357602
0 0.386331 0.306553 0.0223704 0.11135 0.289591
0 0.777095 0.738556 0.0271868 0.0945439 0.287234
0 0.712464 0.832455 0.0236484 0.0808313 0.262138
0 0.838816 0.704918 0.020623 0.0492797 0.25715
