0 0.63559 0.323954 0.0482614 0.135467 0.772433
0 0.7619 0.414187 0.0568579 0.13622 0.665438
0 0.531004 0.446323 0.0371548 0.164287 0.593543
0 0.348502 0.822139 0.0323753 0.109284 0.570169
0 0.840383 0.406592 0.0339927 0.156375 0.569491
0 0.876641 0.331738 0.032671 0.152941 0.488597
0 0.415907 0.421377 0.0389394 0.175823 0.486987
0 0.401167 0.581478 0.0401007 0.186626 0.484819
0 0.844572 0.245332 0.0251775 0.0489788 0.436447
0 0.288346 0.687837 0.0245976 0.195471 0.422176
0 0.318273 0.80695 0.0372669 0.141347 0.395803
0 0.871133 0.250269 0.0188732 0.0478135 0.388626
0 0.968144 0.277588 0.0249712 0.0486359 0.37713
0 0.702978 0.309854 0.0406174 0.120587 0.351591
0 0.474054 0.472553 0.0348854 0.194932 0.318913
0 0.461807 0.828998 0.0439141 0.112432 0.314645
0 0.578124 0.46842 0.0722137 0.190322 0.276153
0 0.384 0.848948 0.0346704 0.0550253 0.268861
0 0.248023 0.832961 0.0264717 0.0759462 0.25374
