0 0.868474 0.484792 0.0472624 0.161297 0.634879
0 0.854427 0.264961 0.0234249 0.0450947 0.540882
0 0.524462 0.412084 0.0477056 0.147209 0.453881
0 0.888956 0.272561 0.0311436 0.054633 0.445175
0 0.408598 0.425954 0.0271335 0.0916188 0.441502
0 0.441889 0.459087 0.0323479 0.152849 0.400256
0 0.731669 0.22997 0.024186 0.0452657 0.390952
0 0.821305 0.208748 0.020047 0.0596434 0.364866
0 0.969279 0.294944 0.0284694 0.0514242 0.349147
0 0.762793 0.385653 0.037018 0.149814 0.338983
0 0.922568 0.282584 0.031756 0.047873 0.300396
0 0.631353 0.205057 0.0235699 0.0397031 0.294836
0 0.410168 0.444672 0.0290784 0.132435 0.26946
0 0.906735 0.237398 0.0242691 0.0701072 0.26607
0 0.433722 0.45918 0.0489855 0.150907 0.263419
0 0.349027 0.475242 0.0334767 0.119888 0.255955
0 0.765707 0.369076 0.0311487 0.110713 0.253714
0 0.706926 0.170668 0.0221943 0.0563713 0.252718
