0 0.47967 0.508291 0.0293335 0.162249 0.726079
0 0.426905 0.35749 0.0300009 0.126821 0.703935
0 0.553909 0.32668 0.026452 0.10991 0.617012
0 0.34357 0.47872 0.0256454 0.128693 0.614
0 0.403741 0.536305 0.039995 0.154799 0.512817
0 0.212345 0.484997 0.0280731 0.123804 0.471954
0 0.761968 0.665527 0.0466184 0.161702 0.442596
0 0.839056 0.52523 0.0225391 0.106589 0.429211
0 0.662048 0.535082 0.0256417 0.171286 0.398315
0 0.0330198 0.950136 0.0435506 0.0997277 0.393329
0 0.796894 0.673916 0.0152012 0.0397296 0.330605
0 0.397056 0.814711 0.0410362 0.141077 0.300734
0 0.537418 0.254848 0.0245602 0.104727 0.294606
0 0.47266 0.463889 0.0132202 0.0717847 0.288175
0 0.474242 0.502812 0.0182463 0.15002 0.273173
0 0.058064 0.301713 0.0182411 0.0435471 0.271024
0 0.794709 0.710046 0.0262518 0.11018 0.266401
0 0.085902 0.299844 0.0209108 0.0404098 0.25374
0 0.724564 0.79082 0.0197394 0.0356855 0.251675
