0 0.593067 0.434965 0.0417568 0.19046 0.728113
0 0.626009 0.52772 0.0452868 0.229616 0.725789
0 0.382826 0.332126 0.0517025 0.182552 0.711957
0 0.57603 0.386533 0.0305332 0.111715 0.689805
0 0.51227 0.443334 0.0519011 0.205172 0.670114
0 0.53425 0.342283 0.0321056 0.185874 0.591684
0 0.263827 0.224252 0.0254515 0.0526674 0.587308
0 0.321728 0.628424 0.0554018 0.223633 0.498925
0 0.574813 0.262135 0.028715 0.0976326 0.467769
0 0.987905 0.679075 0.0235376 0.110621 0.427224
0 0.40441 0.187396 0.0288998 0.0538487 0.418521
0 0.104793 0.266154 0.0222194 0.0507058 0.377016
0 0.766652 0.351501 0.0312477 0.0954485 0.367456
0 0.922155 0.63653 0.039856 0.221733 0.347778
0 0.283817 0.17647 0.0199384 0.076538 0.318995
0 0.387 0.315763 0.0321128 0.151885 0.294392
0 0.266103 0.174191 0.0197572 0.0673285 0.29071
0 0.585323 0.416887 0.0461245 0.17512 0.290148
0 0.388722 0.790221 0.0438873 0.17731 0.26134
0 0.0636116 0.19821 0.0303511 0.0770724 0.259418
