0 0.355325 0.471705 0.03597 0.180758 0.603762
0 0.0433613 0.488874 0.0434272 0.196192 0.590106
0 0.0710241 0.3389 0.0192085 0.0517412 0.587323
0 0.796037 0.65288 0.0411742 0.165166 0.530071
0 0.265587 0.357818 0.0246321 0.168469 0.43895
0 0.442102 0.651401 0.0481012 0.205902 0.409071
0 0.350857 0.258194 0.0287736 0.0524914 0.36766
0 0.822073 0.913594 0.0440733 0.12987 0.360272
0 0.181539 0.306618 0.0275724 0.0563613 0.346603
0 0.870033 0.866333 0.0395611 0.129818 0.341292
0 0.549273 0.648012 0.0552559 0.224762 0.333556
0 0.741202 0.904438 0.0344931 0.126715 0.291993
0 0.0973036 0.329854 0.0188981 0.0507057 0.288956
0 0.218957 0.298221 0.0240078 0.0474805 0.288159
0 0.794485 0.471041 0.0272169 0.140546 0.274789
0 0.035609 0.344484 0.0213177 0.0606711 0.270912
0 0.0365422 0.284888 0.0223715 0.0644242 0.266667
0 0.395843 0.382885 0.0243575 0.119915 0.260037
0 0.422229 0.239068 0.0211246 0.0429891 0.259778
0 0.37897 0.246125 0.0232023 0.0567505 0.258747
0 0.811408 0.548335 0.0362005 0.136431 0.258367
0 0.039116 0.342995 0.0248031 0.05681 0.256363
0 0.453586 0.552926 0.0380905 0.221662 0.255699
