0 0.980679 0.358236 0.038535 0.140744 0.718171
0 0.635447 0.67473 0.044181 0.218916 0.71517
0 0.560148 0.807343 0.0567302 0.133203 0.650396
0 0.743756 0.429319 0.040674 0.177784 0.603224
0 0.550832 0.803325 0.0394567 0.124147 0.591159
0 0.666065 0.350992 0.0384029 0.158009 0.572694
0 0.77759 0.350171 0.0373453 0.159398 0.517163
0 0.510232 0.744933 0.0481768 0.135778 0.496804
0 0.886924 0.229105 0.0293514 0.0435936 0.474116
0 0.606376 0.152525 0.0229816 0.0461908 0.451042
0 0.854135 0.221227 0.0270252 0.0454643 0.37504
0 0.702982 0.178476 0.0250018 0.0534911 0.366626
0 0.46879 0.35816 0.0293381 0.14572 0.306272
0 0.929968 0.239075 0.0271011 0.047177 0.261339
0 0.205811 0.306702 0.0246171 0.0764348 0.250705
