0 0.362077 0.449797 0.0444291 0.195958 0.749233
0 0.528884 0.392243 0.036775 0.142407 0.689217
0 0.21319 0.332548 0.0389767 0.158841 0.672591
0 0.30088 0.352834 0.035626 0.167611 0.652769
0 0.434714 0.24959 0.0258861 0.121334 0.564958
0 0.583838 0.451287 0.0239708 0.111871 0.468171
0 0.624136 0.762442 0.0620761 0.214502 0.438584
0 0.241272 0.22118 0.0267805 0.0622796 0.425303
0 0.0833867 0.262522 0.0201562 0.049307 0.407121
0 0.317799 0.268837 0.0221853 0.150151 0.401832
0 0.205367 0.579799 0.0432421 0.225254 0.380546
0 0.111228 0.251481 0.0177214 0.0534307 0.373457
0 0.803559 0.526399 0.0311295 0.171652 0.366518
0 0.912834 0.939212 0.0367817 0.0982364 0.359456
0 0.792276 0.479944 0.0181189 0.0783542 0.290751
0 0.493288 0.354434 0.0330978 0.181341 0.287377
0 0.592145 0.600156 0.056198 0.231788 0.286483
0 0.43131 0.258387 0.0230667 0.107503 0.272243
0 0.773249 0.751228 0.0226107 0.056375 0.261792
0 0.763509 0.770324 0.0358101 0.0957987 0.253098
