0 0.911884 0.491727 0.0784084 0.157685 0.73976
0 0.584028 0.386014 0.0593853 0.115979 0.716223
0 0.805931 0.398902 0.037447 0.155148 0.715799
0 0.377478 0.664131 0.0625282 0.17465 0.523121
0 0.453549 0.402633 0.0636112 0.157893 0.516101
0 0.388636 0.493534 0.0515246 0.108509 0.511727
0 0.601846 0.173318 0.0275988 0.0408026 0.394589
0 0.378617 0.495276 0.051589 0.107569 0.388821
0 0.807005 0.362902 0.0346964 0.0910835 0.357339
0 0.809677 0.352855 0.0287314 0.0673703 0.348805
0 0.992838 0.740387 0.0136429 0.0877722 0.330937
0 0.942853 0.449615 0.0185629 0.0772026 0.328233
0 0.742094 0.315038 0.0415718 0.0781815 0.327177
0 0.352128 0.816402 0.0428136 0.121189 0.312539
0 0.933906 0.25729 0.0304025 0.0547605 0.295713
0 0.143719 0.63728 0.0570884 0.21725 0.287895
0 0.385298 0.833997 0.0324335 0.0691884 0.278501
0 0.528921 0.157494 0.0236012 0.0460243 0.27434
0 0.66988 0.193887 0.0171246 0.0341775 0.250103
