0 0.335215 0.27856 0.0281108 0.123314 0.779397
0 0.522264 0.319204 0.0307625 0.117247 0.773302
0 0.565759 0.74889 0.0389477 0.158676 0.714084
0 0.336433 0.267651 0.0229671 0.10505 0.713294
0 0.913315 0.67815 0.0419981 0.171002 0.681661
0 0.426824 0.573647 0.0474941 0.176766 0.642753
0 0.616974 0.641284 0.046487 0.195428 0.480829
0 0.477373 0.238014 0.0287598 0.112413 0.470161
0 0.063717 0.629364 0.0441426 0.164734 0.394083
0 0.537115 0.166076 0.0171417 0.0371039 0.325539
0 0.343176 0.680332 0.0726984 0.207343 0.31894
0 0.478344 0.27737 0.0236471 0.04345 0.301532
0 0.632768 0.440398 0.0318028 0.162835 0.289083
0 0.992384 0.769494 0.0146965 0.117067 0.261383
