0 0.830716 0.45412 0.0368725 0.156594 0.652247
0 0.553838 0.389295 0.0373436 0.167381 0.60697
0 0.499067 0.776678 0.0501581 0.199332 0.565299
0 0.719826 0.369356 0.0362078 0.150339 0.565291
0 0.465908 0.458332 0.0547989 0.171725 0.467649
0 0.617902 0.214754 0.0239359 0.0457973 0.406975
0 0.868958 0.283233 0.0278881 0.0535421 0.377392
0 0.54758 0.198679 0.0209485 0.0414713 0.373408
0 0.715057 0.24013 0.02262 0.049267 0.340373
0 0.837146 0.274171 0.0220034 0.0495364 0.33182
0 0.834402 0.276446 0.0236008 0.0433864 0.312614
0 0.901735 0.292388 0.0274325 0.0475728 0.286388
0 0.802966 0.268981 0.0278358 0.0470848 0.274962
0 0.4722 0.444243 0.0405682 0.146811 0.2665
0 0.750648 0.320943 0.028015 0.151566 0.261724
0 0.655503 0.228636 0.0248607 0.0444402 0.252461
0 0.382989 0.511701 0.0680098 0.201118 0.25041
