0 0.943679 0.332918 0.0650768 0.158681 0.814933
0 0.697375 0.289154 0.0286615 0.120717 0.759448
0 0.477691 0.333728 0.0330612 0.158324 0.618657
0 0.790715 0.299595 0.0262237 0.119334 0.554846
0 0.646768 0.793288 0.0620258 0.168909 0.53072
0 0.657113 0.390072 0.0414563 0.18992 0.518597
0 0.959218 0.236363 0.018351 0.0432759 0.514549
0 0.453066 0.814324 0.0419743 0.125266 0.430259
0 0.696617 0.318292 0.0268772 0.0633891 0.340309
0 0.572678 0.778436 0.0629291 0.165384 0.33884
0 0.851727 0.207428 0.0309963 0.0548536 0.32801
0 0.645933 0.693265 0.0640303 0.149114 0.309059
0 0.929752 0.232724 0.0274578 0.0363466 0.284694
0 0.632981 0.679277 0.0587411 0.142928 0.279603
0 0.79471 0.294772 0.026293 0.109076 0.278948
0 0.885693 0.217273 0.0279789 0.048107 0.267466
0 0.872398 0.173463 0.0242275 0.0675386 0.260418
0 0.702798 0.166991 0.022955 0.0505611 0.259843
0 0.820661 0.199116 0.0233024 0.0476554 0.25741
