0 0.451779 0.355273 0.0372588 0.105868 0.786091
0 0.399718 0.261931 0.0215087 0.103932 0.752732
0 0.219257 0.556496 0.0299609 0.141343 0.726017
0 0.354065 0.294299 0.0260904 0.125965 0.723212
0 0.210891 0.61871 0.0214847 0.0907586 0.711419
0 0.21591 0.605177 0.0315321 0.117669 0.661617
0 0.539387 0.236544 0.0240254 0.107407 0.644442
0 0.0579111 0.500678 0.0637117 0.166409 0.620785
0 0.579393 0.40636 0.0294483 0.13686 0.551586
0 0.0897988 0.896339 0.03431 0.204149 0.467308
0 0.433417 0.601301 0.0385282 0.22166 0.423658
0 0.224515 0.871791 0.07274 0.187475 0.400468
0 0.497292 0.587606 0.0433945 0.192658 0.382373
0 0.797279 0.821822 0.0340442 0.100828 0.375794
0 0.658448 0.60531 0.0271599 0.19953 0.37225
0 0.340794 0.214732 0.015755 0.0359061 0.354206
0 0.841372 0.691009 0.0307829 0.11627 0.28774
0 0.760225 0.131266 0.0160522 0.0531661 0.252698
0 0.832519 0.784464 0.0369166 0.101566 0.250316
