0 0.271368 0.630177 0.034942 0.171458 0.738655
0 0.853054 0.350949 0.0344007 0.147032 0.623158
0 0.400031 0.461249 0.0275424 0.180358 0.571717
0 0.535951 0.348549 0.0261724 0.150715 0.570298
0 0.678754 0.313486 0.0311361 0.125825 0.549906
0 0.679229 0.437914 0.0467281 0.157059 0.494535
0 0.296446 0.565835 0.0325746 0.163322 0.482255
0 0.58303 0.619044 0.0682117 0.185768 0.478712
0 0.495223 0.523641 0.0268928 0.17858 0.42731
0 0.207242 0.807701 0.038584 0.150455 0.402262
0 0.495354 0.184886 0.0211983 0.0479266 0.332607
0 0.115372 0.772653 0.0369275 0.0911631 0.329491
0 0.803084 0.246458 0.0230011 0.0432265 0.301876
0 0.405827 0.175215 0.0206236 0.043223 0.27024
0 0.377709 0.45042 0.033126 0.170831 0.267712
