0 0.780003 0.408454 0.064522 0.153557 0.578622
0 0.765851 0.298652 0.0392379 0.150902 0.540139
0 0.893344 0.499475 0.0829803 0.155866 0.490334
0 0.818366 0.246843 0.0236294 0.0496734 0.479425
0 0.99201 0.291742 0.0153088 0.0430826 0.452613
0 0.454189 0.872592 0.0158651 0.0284625 0.439106
0 0.848993 0.249494 0.0264946 0.0558241 0.438321
0 0.419142 0.463458 0.0380148 0.12063 0.394491
0 0.916008 0.272283 0.0260035 0.0441829 0.378154
0 0.367148 0.506553 0.0570084 0.143388 0.363745
0 0.370044 0.614178 0.0408021 0.135754 0.337563
0 0.96263 0.28111 0.0320898 0.0539048 0.333651
0 0.55549 0.174973 0.0221342 0.0418901 0.317499
0 0.768548 0.220903 0.0211104 0.0576242 0.301463
0 0.445946 0.42268 0.0561912 0.135859 0.279959
0 0.438413 0.435391 0.071249 0.165377 0.272923
0 0.552542 0.384581 0.0651193 0.154978 0.258622
