0 0.300376 0.427837 0.0426163 0.157279 0.717546
0 0.494938 0.648485 0.0481746 0.20668 0.706194
0 0.474513 0.457141 0.0281763 0.149295 0.655504
0 0.439191 0.416166 0.046106 0.164031 0.646342
0 0.137441 0.43964 0.047901 0.176277 0.599419
0 0.780417 0.600259 0.0287569 0.205963 0.534861
0 0.398201 0.552883 0.0358142 0.203791 0.494672
0 0.565769 0.578679 0.0310459 0.188694 0.478119
0 0.370196 0.251618 0.0263212 0.0522838 0.417439
0 0.781296 0.623525 0.0230367 0.143715 0.383828
0 0.852471 0.53476 0.035315 0.16241 0.370793
0 0.209484 0.295947 0.0270296 0.0545905 0.332266
0 0.347368 0.258078 0.0225757 0.0474435 0.297732
0 0.809718 0.53194 0.0357048 0.125769 0.286641
0 0.288722 0.349646 0.0234125 0.161363 0.281153
0 0.896611 0.564792 0.0290142 0.145095 0.269577
0 0.741027 0.880487 0.031961 0.135145 0.260406
0 0.396573 0.247224 0.0219775 0.0441795 0.258218
