0 0.292227 0.339952 0.0341387 0.140011 0.784085
0 0.679136 0.577242 0.0303427 0.214154 0.668155
0 0.198937 0.455985 0.0411047 0.18819 0.656172
0 0.42705 0.477603 0.0364095 0.14475 0.606147
0 0.224068 0.298292 0.0328196 0.155942 0.596633
0 0.547956 0.396945 0.037763 0.126683 0.545741
0 0.374813 0.435809 0.0462886 0.184616 0.534339
0 0.493347 0.387557 0.0548302 0.127763 0.451068
0 0.31055 0.258607 0.0227903 0.151551 0.437928
0 0.744813 0.779036 0.0380848 0.152797 0.394433
0 0.815818 0.777417 0.0373972 0.133317 0.366738
0 0.266903 0.205743 0.0232183 0.0395408 0.356302
0 0.385656 0.36531 0.0289933 0.150666 0.340965
0 0.2097 0.399666 0.0218598 0.0661641 0.294984
0 0.541451 0.384681 0.0471068 0.144647 0.283585
0 0.825664 0.350807 0.0254872 0.0692087 0.263756
