0 0.298138 0.362139 0.0368399 0.162949 0.645251
0 0.579486 0.483885 0.0265301 0.163164 0.620206
0 0.36237 0.457256 0.0452862 0.195339 0.579405
0 0.236226 0.222372 0.0266795 0.0543647 0.517147
0 0.434835 0.246283 0.0302475 0.140731 0.485581
0 0.195872 0.340417 0.0253148 0.164295 0.483148
0 0.572083 0.613711 0.048037 0.204563 0.425596
0 0.756116 0.799641 0.0330951 0.132501 0.422308
0 0.509398 0.386157 0.0274759 0.161689 0.420988
0 0.242789 0.895955 0.0657535 0.208089 0.389972
0 0.799031 0.544021 0.0281292 0.144082 0.388857
0 0.911992 0.945872 0.0378294 0.101062 0.359546
0 0.743391 0.900583 0.0563351 0.107599 0.351418
0 0.3934 0.180206 0.0258942 0.0500829 0.347829
0 0.74097 0.876756 0.0623787 0.165125 0.341978
0 0.609256 0.743364 0.0498377 0.251428 0.317759
0 0.193971 0.618488 0.0549915 0.233692 0.307565
