0 0.629431 0.723556 0.0496153 0.179738 0.706975
0 0.445946 0.23126 0.0239421 0.121141 0.596963
0 0.484137 0.605078 0.0451923 0.18075 0.574222
0 0.993915 0.720434 0.0115303 0.105935 0.532643
0 0.607197 0.43205 0.040283 0.147721 0.476019
0 0.917076 0.719688 0.0338608 0.12275 0.423428
0 0.413846 0.694012 0.0521075 0.206507 0.400619
0 0.917282 0.598768 0.0382015 0.15946 0.387547
0 0.342658 0.263044 0.0484747 0.172996 0.375044
0 0.117204 0.620944 0.0467419 0.169108 0.367944
0 0.0949216 0.883528 0.0319264 0.177275 0.357056
0 0.60287 0.843569 0.0157492 0.0586533 0.336864
0 0.889094 0.829884 0.0339432 0.0996311 0.329615
0 0.154718 0.848502 0.0386129 0.221271 0.313132
0 0.639659 0.609338 0.0300465 0.125729 0.295332
0 0.63881 0.627843 0.0350783 0.162043 0.294828
0 0.214132 0.202315 0.0182821 0.0465669 0.282228
0 0.95886 0.720112 0.0332802 0.111463 0.272152
0 0.92516 0.786769 0.0376434 0.0684708 0.264064
