0 0.805932 0.397797 0.0369905 0.152779 0.818555
0 0.913124 0.498801 0.0809375 0.175333 0.782114
0 0.753657 0.307605 0.0374306 0.0959845 0.674095
0 0.58779 0.377827 0.058511 0.108288 0.653593
0 0.380973 0.670566 0.0574646 0.176952 0.608875
0 0.732398 0.967604 0.0466133 0.0612438 0.552339
0 0.745386 0.308249 0.0403809 0.0885147 0.53168
0 0.525296 0.15401 0.0226349 0.0485373 0.416606
0 0.391157 0.497423 0.047553 0.120024 0.360115
0 0.635557 0.189382 0.0227833 0.0319688 0.357474
0 0.884522 0.246223 0.0258427 0.0458239 0.356094
0 0.467669 0.363989 0.0352764 0.0811229 0.350829
0 0.929751 0.256549 0.0288901 0.0495829 0.332963
0 0.959958 0.264016 0.0174737 0.0452685 0.301171
0 0.816392 0.22532 0.0243572 0.0536674 0.285376
0 0.455368 0.389581 0.0600968 0.133167 0.281473
0 0.142557 0.455609 0.0292681 0.0843825 0.281265
0 0.598365 0.171136 0.0276855 0.0417337 0.276118
0 0.138271 0.639021 0.0388754 0.204581 0.258101
