0 0.378337 0.569207 0.0389487 0.161292 0.801606
0 0.410314 0.60902 0.0336531 0.216842 0.656857
0 0.426808 0.466641 0.0402573 0.198979 0.588327
0 0.354908 0.380476 0.0495562 0.168346 0.545342
0 0.230885 0.311785 0.0384022 0.172315 0.513456
0 0.279625 0.43734 0.0521249 0.199148 0.431874
0 0.198756 0.246491 0.0228851 0.0433229 0.325716
0 0.409031 0.569689 0.0281271 0.13024 0.311845
0 0.694828 0.445051 0.0438123 0.111655 0.287851
0 0.338253 0.199726 0.0277619 0.0580447 0.274051
0 0.715387 0.360899 0.0342279 0.0952536 0.273834
0 0.129962 0.233616 0.0226088 0.144423 0.270538
0 0.8405 0.652017 0.0259729 0.163977 0.256133
