0 0.337788 0.453332 0.0382966 0.166041 0.758031
0 0.470562 0.652349 0.0558514 0.215902 0.707191
0 0.789125 0.654465 0.0258148 0.141483 0.630244
0 0.429898 0.566071 0.0380314 0.203579 0.604821
0 0.0916503 0.484374 0.0414511 0.190301 0.592557
0 0.278531 0.363758 0.025727 0.169918 0.502941
0 0.233142 0.308128 0.0223381 0.0400312 0.436101
0 0.416888 0.306761 0.0228764 0.127725 0.434395
0 0.741139 0.90336 0.0339706 0.129657 0.397835
0 0.390016 0.2603 0.025949 0.0478442 0.315519
0 0.0546191 0.350578 0.0198746 0.0621452 0.290504
0 0.0901053 0.343058 0.0170517 0.0480882 0.269543
0 0.743357 0.45644 0.0323784 0.0739089 0.264051
0 0.82155 0.911935 0.0462643 0.131236 0.256574
0 0.870212 0.859998 0.0422581 0.132303 0.250705
