0 0.395096 0.618272 0.054309 0.218894 0.817246
0 0.485587 0.356197 0.0311055 0.184865 0.670747
0 0.534458 0.520635 0.0357497 0.191397 0.630549
0 0.630893 0.573837 0.0495867 0.214728 0.615483
0 0.407623 0.527723 0.0361472 0.18401 0.610315
0 0.402152 0.41759 0.0460202 0.184981 0.553161
0 0.392737 0.228646 0.0283895 0.0528211 0.417091
0 0.581893 0.770728 0.0657947 0.197519 0.410175
0 0.440954 0.352059 0.0272822 0.157366 0.404151
0 0.0768067 0.250323 0.0228776 0.0730628 0.389737
0 0.259923 0.267199 0.0244903 0.0489229 0.383897
0 0.540907 0.56736 0.0199245 0.103042 0.33898
0 0.876138 0.676733 0.0315352 0.159698 0.300394
0 0.531858 0.482516 0.0278924 0.116461 0.268495
0 0.381216 0.181657 0.0245156 0.0886046 0.260012
0 0.0550041 0.212679 0.0236284 0.0458367 0.252492
0 0.784722 0.8946 0.0401933 0.142357 0.250057
