0 0.379876 0.553825 0.0435738 0.164105 0.757378
0 0.41647 0.376743 0.0347442 0.117194 0.726669
0 0.363123 0.3313 0.0219041 0.133659 0.6948
0 0.47931 0.521346 0.050251 0.153655 0.666637
0 0.435797 0.819253 0.0327432 0.103889 0.61993
0 0.370596 0.460511 0.0271161 0.0928588 0.578613
0 0.242704 0.53091 0.0355657 0.16247 0.577005
0 0.538046 0.331463 0.030187 0.102782 0.564646
0 0.649209 0.527874 0.0331811 0.163018 0.469562
0 0.382695 0.308274 0.0178076 0.108574 0.293922
0 0.53377 0.265554 0.0278597 0.0949311 0.279229
0 0.797003 0.725583 0.0255465 0.0858575 0.274152
0 0.776947 0.736638 0.0291272 0.105458 0.261492
