0 0.628261 0.530191 0.0429391 0.22886 0.694213
0 0.264325 0.224893 0.0259914 0.0525258 0.681556
0 0.512117 0.447081 0.0529003 0.19813 0.645194
0 0.53392 0.338031 0.0316411 0.185041 0.481581
0 0.569637 0.377619 0.0295456 0.105626 0.461064
0 0.10501 0.268073 0.0218876 0.0496424 0.448929
0 0.492257 0.385412 0.040369 0.160864 0.410131
0 0.321031 0.62782 0.055365 0.221506 0.403404
0 0.898602 0.586954 0.0286353 0.0940263 0.393762
0 0.98803 0.682079 0.0232998 0.107105 0.379916
0 0.766987 0.352578 0.0315127 0.0961834 0.369004
0 0.283579 0.175945 0.018842 0.0708506 0.363361
0 0.396086 0.337298 0.0354333 0.176467 0.35304
0 0.235581 0.302487 0.0255069 0.180391 0.342045
0 0.818727 0.912294 0.0541652 0.175412 0.326323
0 0.404982 0.187492 0.0281925 0.0497374 0.313616
0 0.588379 0.452537 0.0513075 0.179723 0.311347
0 0.925039 0.63545 0.0366825 0.248544 0.304901
0 0.283246 0.159296 0.0189628 0.0554775 0.292783
0 0.065396 0.202829 0.029954 0.083885 0.288564
0 0.875737 0.54057 0.0261381 0.106118 0.264495
0 0.434774 0.178901 0.024688 0.0501002 0.253294
