0 0.403957 0.42124 0.0336507 0.121375 0.786469
0 0.452559 0.463669 0.0272731 0.0923229 0.718439
0 0.520605 0.344688 0.0241432 0.112326 0.680705
0 0.45824 0.58156 0.0348542 0.175819 0.597969
0 0.329868 0.570019 0.0613885 0.18536 0.594241
0 0.264084 0.655236 0.055231 0.192094 0.563619
0 0.737527 0.718841 0.0420982 0.152663 0.503899
0 0.637174 0.567434 0.0481918 0.184452 0.433128
0 0.492183 0.37747 0.0141014 0.0397808 0.424583
0 0.828613 0.816314 0.0308609 0.11356 0.281532
0 0.768885 0.765935 0.015292 0.0320763 0.262625
0 0.870721 0.911964 0.0330158 0.0694756 0.258112
