0 0.414731 0.484815 0.0498693 0.157599 0.820007
0 0.292652 0.348068 0.0349122 0.146215 0.720505
0 0.199898 0.453446 0.0419864 0.183676 0.691625
0 0.680443 0.576785 0.0304415 0.216997 0.609242
0 0.225673 0.297964 0.0343014 0.15481 0.57088
0 0.482995 0.39615 0.0361345 0.122399 0.52856
0 0.815939 0.778528 0.0381482 0.136969 0.41074
0 0.378107 0.423665 0.039475 0.16617 0.404443
0 0.385769 0.349546 0.0270721 0.108571 0.399473
0 0.3112 0.25815 0.0220999 0.150347 0.375182
0 0.74469 0.778882 0.0392664 0.153584 0.319059
0 0.49694 0.370812 0.0190882 0.081715 0.311055
0 0.210964 0.395292 0.0200201 0.0599796 0.306161
0 0.910994 0.611038 0.0490351 0.107905 0.291324
0 0.8262 0.35042 0.0261769 0.0718584 0.279163
0 0.268547 0.207189 0.0219828 0.0367266 0.262559
