0 0.208035 0.204232 0.0383716 0.210252 0.60589
0 0.467678 0.567737 0.0547064 0.213679 0.55449
0 0.285257 0.165578 0.0502276 0.172799 0.54784
0 0.40185 0.0612927 0.0289332 0.0547032 0.45705
0 0.225621 0.103605 0.0302304 0.0596855 0.448141
0 0.0419594 0.153392 0.0282413 0.0590097 0.42724
0 0.266794 0.0473757 0.0194778 0.0731363 0.40568
0 0.583481 0.298781 0.0562753 0.191356 0.355267
0 0.888787 0.754417 0.0360071 0.151731 0.350835
0 0.570048 0.286949 0.0310543 0.177975 0.345375
0 0.590092 0.292209 0.0239319 0.133884 0.3433
0 0.0569561 0.554176 0.0634076 0.251655 0.338519
0 0.544203 0.357501 0.0433994 0.26294 0.331765
0 0.88282 0.479014 0.0345772 0.211956 0.313863
0 0.803581 0.754494 0.0422009 0.157345 0.301469
0 0.264056 0.101217 0.0245828 0.0463014 0.297348
0 0.0744188 0.143902 0.0225407 0.0606472 0.293189
0 0.477403 0.285398 0.0405696 0.213164 0.288898
0 0.887593 0.351982 0.0387861 0.100258 0.280131
0 0.541586 0.283067 0.0381225 0.141229 0.278013
0 0.429619 0.0539884 0.0222375 0.0469068 0.277802
0 0.526295 0.213702 0.0259132 0.175838 0.263794
0 0.979446 0.917993 0.0392125 0.136518 0.2637
0 0.570191 0.298425 0.042972 0.195974 0.263528
0 0.109387 0.13744 0.0204053 0.0524192 0.259183
0 0.94244 0.494139 0.0400165 0.121294 0.253416
