0 0.414595 0.442952 0.030538 0.150307 0.675026
0 0.418795 0.607752 0.0392442 0.216093 0.632763
0 0.363849 0.390341 0.0378095 0.171635 0.632033
0 0.292175 0.34291 0.0367676 0.154574 0.606973
0 0.242722 0.318633 0.0400432 0.168557 0.539423
0 0.305157 0.435698 0.0575951 0.158831 0.447847
0 0.58454 0.609085 0.0567779 0.212762 0.443746
0 0.550437 0.470149 0.0335973 0.211569 0.428984
0 0.202547 0.253186 0.0262471 0.0472382 0.41116
0 0.34135 0.210322 0.0302556 0.0641589 0.334058
0 0.203203 0.194346 0.020292 0.0859608 0.316105
0 0.806172 0.430786 0.0252477 0.150908 0.264378
0 0.416701 0.501324 0.0260742 0.0665138 0.25899
0 0.136211 0.255202 0.0244779 0.14643 0.250197
