0 0.144579 0.421572 0.0394815 0.179751 0.767125
0 0.298202 0.409654 0.0478541 0.169565 0.739071
0 0.564772 0.55636 0.0304636 0.199633 0.558569
0 0.499471 0.642583 0.0458246 0.188411 0.524595
0 0.781768 0.583873 0.028243 0.19837 0.475792
0 0.595428 0.721858 0.0436588 0.233913 0.463266
0 0.389845 0.537196 0.0349278 0.201132 0.45209
0 0.211927 0.283088 0.0257312 0.0564864 0.43263
0 0.246839 0.277807 0.0219918 0.0441448 0.382402
0 0.489917 0.498323 0.027104 0.0428594 0.355272
0 0.129997 0.307077 0.0200583 0.0473165 0.345521
0 0.446609 0.403011 0.0497254 0.175229 0.334564
0 0.914119 0.576007 0.0288734 0.135848 0.334219
0 0.071819 0.259665 0.024902 0.0716346 0.306468
0 0.741503 0.868357 0.0376907 0.139575 0.29822
0 0.85324 0.518541 0.034194 0.159586 0.294215
0 0.78647 0.483907 0.0284622 0.123412 0.276492
0 0.863471 0.623227 0.0303272 0.0840931 0.27515
0 0.482133 0.432234 0.0442272 0.171334 0.264361
0 0.897159 0.527158 0.0276276 0.0939933 0.260656
0 0.107418 0.313665 0.020572 0.0519558 0.256223
0 0.797253 0.861787 0.0192379 0.08389 0.255608
