0 0.265841 0.907174 0.0476144 0.185652 0.64759
0 0.296519 0.369973 0.0291635 0.152108 0.62926
0 0.493547 0.400293 0.0364121 0.166135 0.524299
0 0.599441 0.733568 0.0483683 0.238425 0.503607
0 0.376402 0.477523 0.04139 0.180834 0.480131
0 0.300347 0.277175 0.0239164 0.120227 0.472522
0 0.567881 0.509997 0.0318498 0.197074 0.451201
0 0.174809 0.372041 0.0412549 0.170986 0.431893
0 0.257149 0.237355 0.0218538 0.0365346 0.366269
0 0.155286 0.667782 0.0506182 0.245821 0.351911
0 0.222714 0.241952 0.0262645 0.0552137 0.345296
0 0.0572566 0.287015 0.0251604 0.0535736 0.323967
0 0.788644 0.554863 0.0255676 0.152186 0.296649
0 0.535221 0.619541 0.0559298 0.208142 0.291175
0 0.0831237 0.212036 0.0250064 0.0703025 0.280819
0 0.298117 0.317154 0.0260355 0.186774 0.274223
0 0.420834 0.238278 0.0273718 0.189963 0.252429
