0 0.501111 0.36406 0.0359198 0.167484 0.654777
0 0.725736 0.413343 0.058014 0.143342 0.602093
0 0.500469 0.830624 0.0410671 0.0879297 0.516832
0 0.784963 0.390921 0.0359794 0.148086 0.516671
0 0.663161 0.531603 0.0607546 0.176187 0.492783
0 0.491009 0.641339 0.0394133 0.157427 0.482153
0 0.471939 0.770639 0.0600256 0.166165 0.462724
0 0.866508 0.230189 0.0284294 0.0446864 0.414048
0 0.952137 0.345818 0.0324925 0.163816 0.391889
0 0.736994 0.941193 0.0392043 0.117614 0.380675
0 0.758114 0.583398 0.0702778 0.207965 0.369472
0 0.907797 0.241338 0.025935 0.0485863 0.347136
0 0.686477 0.337595 0.048376 0.156179 0.333732
0 0.477252 0.317788 0.0225876 0.157106 0.320695
0 0.685783 0.178295 0.0222115 0.0543548 0.279589
0 0.280708 0.831295 0.0333715 0.0839483 0.253355
0 0.936704 0.246046 0.0200299 0.0482073 0.253261
