0 0.485506 0.354745 0.042449 0.1672 0.767072
0 0.742544 0.419313 0.0402978 0.169657 0.737069
0 0.554214 0.796409 0.0695639 0.163506 0.725921
0 0.477016 0.303372 0.0290263 0.15545 0.697998
0 0.797548 0.386142 0.0402834 0.162442 0.676631
0 0.678659 0.35054 0.0294676 0.148341 0.617505
0 0.681169 0.64879 0.0710968 0.22089 0.588849
0 0.522529 0.711372 0.0529295 0.149498 0.457485
0 0.604965 0.151968 0.024335 0.0497749 0.45527
0 0.980949 0.354487 0.0374084 0.17096 0.357416
0 0.490009 0.825897 0.0449978 0.0968851 0.349409
0 0.47367 0.316252 0.0228552 0.136737 0.343118
0 0.701786 0.178277 0.0268621 0.0551682 0.334627
0 0.924422 0.234709 0.0284683 0.0590342 0.321034
0 0.884746 0.231907 0.029271 0.0421758 0.320859
0 0.870416 0.183948 0.0232594 0.0641397 0.294125
0 0.352914 0.313139 0.0313461 0.137245 0.293856
0 0.639911 0.165142 0.0230758 0.0399238 0.255502
0 0.395646 0.821052 0.0368067 0.111013 0.254762
