0 0.464248 0.423765 0.0286484 0.135834 0.740644
0 0.73745 0.429718 0.0702339 0.133917 0.737861
0 0.481006 0.430626 0.0252286 0.124039 0.679085
0 0.342931 0.58911 0.0362826 0.163912 0.605249
0 0.650452 0.314355 0.0607519 0.114519 0.562384
0 0.575552 0.866831 0.0319983 0.0825048 0.544682
0 0.816782 0.410269 0.0362551 0.141644 0.51901
0 0.584881 0.335493 0.0296092 0.152897 0.485356
0 0.342938 0.864008 0.0364928 0.0932705 0.470363
0 0.280088 0.790477 0.0303674 0.130288 0.453955
0 0.437167 0.83726 0.039626 0.134733 0.415076
0 0.263503 0.649538 0.0398404 0.19977 0.400062
0 0.458815 0.563851 0.0508611 0.1946 0.393304
0 0.867014 0.343672 0.0363743 0.145952 0.388828
0 0.784944 0.238623 0.0255066 0.0441971 0.278309
0 0.308125 0.827075 0.0300124 0.119438 0.269433
0 0.489468 0.522529 0.0404566 0.202902 0.262252
