0 0.918927 0.931254 0.0606411 0.136932 0.957744
0 0.835106 0.437242 0.0665634 0.157651 0.776269
0 0.436188 0.284096 0.0395884 0.117809 0.704926
0 0.716729 0.325153 0.0293655 0.141423 0.692426
0 0.441343 0.473516 0.0608702 0.170154 0.68815
0 0.663934 0.220521 0.043159 0.124781 0.618226
0 0.0656956 0.824159 0.0338523 0.0912484 0.557341
0 0.332311 0.525324 0.0728998 0.193757 0.546118
0 0.0563321 0.606842 0.0576271 0.182907 0.541221
0 0.579562 0.246598 0.0521415 0.0963199 0.524064
0 0.693947 0.672189 0.066466 0.174676 0.518067
0 0.45476 0.753342 0.070722 0.189123 0.500146
0 0.205719 0.840114 0.0404708 0.110098 0.477161
0 0.133341 0.785335 0.0440628 0.201579 0.42154
0 0.0165695 0.731925 0.033139 0.150535 0.364555
0 0.296504 0.851696 0.0367403 0.0874844 0.352501
0 0.0182557 0.693187 0.0332264 0.0960862 0.306851
0 0.0943981 0.857553 0.0307363 0.0792859 0.298399
0 0.171316 0.813663 0.0373378 0.157182 0.288113
0 0.440527 0.277267 0.0310367 0.107895 0.27268
0 0.352202 0.102972 0.0249625 0.0464654 0.26089
