0 0.661769 0.533649 0.0506613 0.171917 0.833045
0 0.740014 0.548915 0.0372303 0.190489 0.810011
0 0.766936 0.429739 0.04785 0.175364 0.638818
0 0.741381 0.308616 0.0364825 0.0985333 0.635245
0 0.809093 0.406255 0.0376003 0.168722 0.540627
0 0.453015 0.3309 0.0273752 0.16809 0.537459
0 0.35657 0.707854 0.042326 0.0996426 0.519453
0 0.438596 0.625954 0.0501253 0.168258 0.443399
0 0.675126 0.317281 0.0383269 0.141616 0.417899
0 0.270221 0.838589 0.0326569 0.089999 0.382009
0 0.917791 0.332552 0.0441959 0.172262 0.374328
0 0.730428 0.936994 0.0252112 0.126011 0.371797
0 0.412762 0.851452 0.0369516 0.0590031 0.336474
0 0.754282 0.327282 0.0131948 0.0690637 0.33256
0 0.848129 0.232551 0.0272041 0.0423966 0.3232
0 0.889158 0.241348 0.0270813 0.0470471 0.322842
0 0.503292 0.828555 0.0449562 0.0974967 0.316991
0 0.486527 0.393692 0.0374315 0.189871 0.309779
0 0.577388 0.165115 0.0231371 0.0373966 0.296576
0 0.349376 0.713418 0.0572637 0.109569 0.287136
0 0.372563 0.820698 0.0355862 0.112701 0.281619
0 0.345078 0.726986 0.0664642 0.137037 0.25292
