0 0.506891 0.349253 0.0247789 0.13435 0.70184
0 0.355449 0.567763 0.0642172 0.208146 0.650813
0 0.485619 0.506061 0.0506159 0.162879 0.627591
0 0.181347 0.70267 0.0400898 0.219171 0.623428
0 0.684566 0.744771 0.035117 0.180103 0.560468
0 0.472672 0.330321 0.0238262 0.150261 0.541122
0 0.834158 0.617611 0.032745 0.181233 0.525907
0 0.634495 0.582773 0.0477332 0.206764 0.387544
0 0.438171 0.599645 0.044985 0.206368 0.376812
0 0.40527 0.414648 0.0637829 0.175307 0.353942
0 0.0912625 0.346479 0.0227123 0.0383384 0.306356
0 0.454081 0.254239 0.0220404 0.0387845 0.299889
0 0.312696 0.290809 0.0212652 0.041072 0.297446
0 0.420508 0.213829 0.0220394 0.0643169 0.297133
0 0.131019 0.336083 0.0236569 0.0493118 0.273191
0 0.686281 0.723142 0.029117 0.132898 0.271325
0 0.429866 0.257938 0.0252395 0.0416764 0.261087
