0 0.432949 0.579422 0.0601048 0.180808 0.613617
0 0.5187 0.319683 0.0299575 0.122473 0.583372
0 0.0630538 0.626423 0.0449905 0.168157 0.555757
0 0.333796 0.278365 0.0333567 0.130333 0.551191
0 0.909454 0.668054 0.0497691 0.175964 0.535598
0 0.564069 0.767298 0.0539083 0.208635 0.473721
0 0.98813 0.747963 0.022961 0.126402 0.472217
0 0.620002 0.640907 0.0400881 0.200763 0.414815
0 0.473585 0.244329 0.0297623 0.0947857 0.4091
0 0.62933 0.437988 0.0305216 0.150213 0.403948
0 0.349537 0.682647 0.0808194 0.208756 0.348654
