0 0.583146 0.460067 0.024225 0.154807 0.719891
0 0.362073 0.448637 0.0437498 0.19553 0.695205
0 0.433439 0.242281 0.0270826 0.123921 0.693956
0 0.301379 0.353585 0.0357218 0.166099 0.65116
0 0.21503 0.330985 0.0360497 0.155749 0.62948
0 0.805272 0.538701 0.0308133 0.143066 0.628313
0 0.537556 0.393501 0.0325892 0.122385 0.548878
0 0.241568 0.222555 0.0276568 0.0607077 0.450056
0 0.49438 0.35401 0.0346188 0.181684 0.420933
0 0.599578 0.600377 0.044843 0.223273 0.373876
0 0.0843054 0.261701 0.0188908 0.0496218 0.360613
0 0.111537 0.251514 0.0187665 0.0540867 0.31491
0 0.210409 0.885912 0.052362 0.228176 0.303721
0 0.207377 0.579143 0.0511829 0.234728 0.298418
0 0.638036 0.755477 0.0534248 0.231151 0.28574
0 0.317849 0.26813 0.0221753 0.151822 0.273232
0 0.912708 0.939694 0.0370785 0.0969074 0.264559
