0 0.548842 0.777602 0.0672905 0.205177 0.693269
0 0.863148 0.469639 0.0406883 0.15593 0.621222
0 0.522005 0.410622 0.0444707 0.156555 0.478726
0 0.729252 0.232676 0.0243723 0.0467029 0.471998
0 0.558331 0.191491 0.0218439 0.0405849 0.447477
0 0.851806 0.268014 0.0252208 0.049054 0.423024
0 0.414739 0.403564 0.022271 0.0710454 0.412533
0 0.966165 0.299071 0.0282734 0.0513962 0.396996
0 0.629866 0.210093 0.0237201 0.0411702 0.383974
0 0.196141 0.593415 0.0428147 0.173759 0.36789
0 0.176496 0.489167 0.0284158 0.0885266 0.363302
0 0.208531 0.514548 0.0217264 0.090997 0.332216
0 0.388039 0.845318 0.0251573 0.0436867 0.330452
0 0.818933 0.210304 0.0195953 0.0603743 0.30085
0 0.363101 0.536407 0.0389197 0.203576 0.300228
0 0.818459 0.259336 0.0267403 0.0523905 0.298934
0 0.993794 0.301994 0.0117396 0.0544004 0.292624
0 0.885277 0.276845 0.0293211 0.055806 0.274063
0 0.414459 0.442229 0.0242892 0.143727 0.2738
0 0.703956 0.173622 0.0209612 0.0566294 0.254885
