0 0.43537 0.368257 0.0400353 0.104986 0.698235
0 0.23868 0.542489 0.0323401 0.141217 0.644153
0 0.395641 0.27696 0.0211501 0.0886672 0.621067
0 0.252567 0.865658 0.0450669 0.175218 0.562552
0 0.57701 0.40351 0.0272333 0.134676 0.54232
0 0.429251 0.572608 0.047893 0.183579 0.539818
0 0.362271 0.302802 0.0292872 0.123931 0.526163
0 0.080416 0.498631 0.0525417 0.14916 0.494117
0 0.0792489 0.901503 0.0338798 0.195132 0.462826
0 0.429421 0.362163 0.0260963 0.0959385 0.433171
0 0.663805 0.582986 0.0263573 0.181373 0.418
0 0.785871 0.824128 0.0331307 0.0976052 0.380773
0 0.0803969 0.444551 0.017101 0.0471693 0.380765
0 0.488517 0.534228 0.0361881 0.212392 0.37148
0 0.546505 0.243988 0.0300301 0.0979334 0.334822
0 0.0903263 0.499288 0.0258264 0.146155 0.333635
0 0.82991 0.69645 0.031345 0.117905 0.327868
0 0.261306 0.966703 0.0470747 0.0617572 0.292637
0 0.822077 0.789261 0.0349697 0.0930708 0.283722
