0 0.426526 0.357216 0.0295345 0.12693 0.750023
0 0.479438 0.508284 0.0286087 0.16074 0.653273
0 0.403805 0.536404 0.0381846 0.156019 0.593979
0 0.553531 0.324548 0.0282989 0.107861 0.560984
0 0.838046 0.525753 0.0212311 0.10724 0.516031
0 0.344627 0.490789 0.0288522 0.158961 0.441465
0 0.761971 0.664738 0.0465462 0.160767 0.435998
0 0.213177 0.492987 0.0289638 0.14099 0.430192
0 0.661568 0.535068 0.026231 0.172034 0.392387
0 0.0313793 0.951414 0.0430535 0.097173 0.384594
0 0.47253 0.474285 0.013323 0.0916302 0.320848
0 0.399981 0.814934 0.0410223 0.139655 0.301743
0 0.723173 0.790698 0.0184711 0.0340341 0.282009
0 0.793864 0.70996 0.026571 0.10892 0.279661
0 0.795721 0.672842 0.0146768 0.0359579 0.276376
0 0.474046 0.501685 0.0180575 0.147088 0.275384
0 0.537315 0.259987 0.0236841 0.0904209 0.274169
0 0.850001 0.712373 0.0275658 0.0975559 0.250398
