0 0.831355 0.399402 0.0281837 0.14959 0.787788
0 0.671917 0.311066 0.0454485 0.112696 0.714076
0 0.303731 0.792861 0.0371535 0.117693 0.60127
0 0.368031 0.587295 0.0375276 0.169532 0.571832
0 0.750843 0.418735 0.0492374 0.135122 0.568561
0 0.597186 0.322685 0.0400719 0.150345 0.530707
0 0.871046 0.332412 0.0364491 0.152331 0.501491
0 0.521025 0.467985 0.0568588 0.195339 0.440843
0 0.364937 0.846328 0.0359692 0.0565423 0.394939
0 0.778251 0.234283 0.025316 0.0410759 0.33689
0 0.496477 0.399296 0.036701 0.0903035 0.33352
0 0.329086 0.818322 0.0335504 0.099992 0.325766
0 0.485143 0.464607 0.04284 0.217282 0.302124
0 0.936395 0.273742 0.0233999 0.049972 0.29322
0 0.816861 0.24422 0.0229423 0.0441948 0.290056
0 0.903052 0.260964 0.0245907 0.0484512 0.276272
0 0.906147 0.256234 0.0197729 0.0389025 0.265496
0 0.424117 0.496091 0.032533 0.183769 0.257128
