0 0.709987 0.292902 0.0285833 0.150591 0.693005
0 0.569564 0.337273 0.0334657 0.139196 0.657664
0 0.5446 0.435473 0.034277 0.161518 0.645463
0 0.435918 0.736746 0.0467707 0.156009 0.621142
0 0.647091 0.301389 0.0374603 0.130608 0.605705
0 0.786846 0.376171 0.0282048 0.144624 0.592691
0 0.576341 0.364572 0.0206179 0.0907445 0.582191
0 0.791765 0.248042 0.0242464 0.0443071 0.552062
0 0.492358 0.378914 0.0488513 0.131234 0.475381
0 0.434658 0.826624 0.0404534 0.102541 0.390255
0 0.855637 0.263879 0.0274426 0.0492363 0.37324
0 0.578706 0.407255 0.0144794 0.0211282 0.349447
0 0.676167 0.214848 0.0246124 0.0540795 0.342791
0 0.956946 0.292788 0.0218483 0.0402234 0.337281
0 0.577522 0.37799 0.0181888 0.0791713 0.327534
0 0.488953 0.362061 0.0436668 0.0995818 0.311519
0 0.571546 0.307898 0.0244814 0.0873843 0.282593
0 0.896327 0.275167 0.0266195 0.0475349 0.27787
0 0.822203 0.255714 0.0301777 0.0545742 0.267033
0 0.2775 0.86486 0.0298297 0.0926884 0.260926
0 0.72131 0.214138 0.01945 0.0680849 0.259115
