0 0.615129 0.23319 0.0325749 0.155913 0.728163
0 0.613935 0.415481 0.0364507 0.138653 0.685176
0 0.751089 0.318552 0.0377962 0.125709 0.61767
0 0.646886 0.517488 0.033997 0.145827 0.553641
0 0.507263 0.312613 0.0400019 0.137071 0.521242
0 0.928161 0.236893 0.0225363 0.0466829 0.456979
0 0.383511 0.407369 0.0310593 0.18811 0.45261
0 0.412696 0.743667 0.0385781 0.183572 0.435169
0 0.446332 0.341905 0.0429783 0.138849 0.424347
0 0.792313 0.203524 0.0271631 0.0517923 0.423163
0 0.435399 0.814723 0.0433409 0.122359 0.385709
0 0.404532 0.727831 0.0535333 0.167966 0.374775
0 0.385963 0.830782 0.0340646 0.0841512 0.371412
0 0.449206 0.567699 0.0534888 0.167658 0.360492
0 0.684517 0.205123 0.023506 0.117591 0.350055
0 0.863494 0.221303 0.0272518 0.0496388 0.343634
0 0.757918 0.198134 0.0245598 0.0432499 0.335983
0 0.823452 0.212893 0.027372 0.0446199 0.329837
0 0.636122 0.551925 0.0394079 0.117488 0.325366
0 0.646055 0.166195 0.0221863 0.0468641 0.300863
0 0.990183 0.250457 0.0189522 0.0484836 0.273023
0 0.636136 0.469351 0.01381 0.0530251 0.252284
