0 0.265906 0.902336 0.0446192 0.195329 0.708782
0 0.178366 0.362329 0.0408522 0.164425 0.652416
0 0.536782 0.623799 0.0444417 0.21549 0.479208
0 0.375276 0.469467 0.0340635 0.168892 0.466184
0 0.224393 0.234946 0.0249185 0.0535581 0.464713
0 0.497372 0.399318 0.0319528 0.158954 0.432496
0 0.298127 0.362275 0.0293466 0.159082 0.421451
0 0.160379 0.653147 0.047082 0.240192 0.417817
0 0.570947 0.507556 0.030101 0.186294 0.374667
0 0.746099 0.813888 0.0313013 0.127854 0.350044
0 0.422582 0.240746 0.0287472 0.178427 0.318177
0 0.789819 0.550731 0.0266267 0.15073 0.317116
0 0.258251 0.232888 0.0211404 0.0402542 0.312117
0 0.0861185 0.211798 0.0240899 0.0692578 0.284431
0 0.906187 0.957393 0.0357422 0.0850602 0.278764
0 0.120243 0.267337 0.0207976 0.0472997 0.264209
