0 0.662343 0.533714 0.0529183 0.171773 0.818973
0 0.742154 0.552177 0.0363884 0.195634 0.775007
0 0.741658 0.30677 0.0362715 0.0975512 0.650623
0 0.454364 0.32898 0.0298168 0.168966 0.613533
0 0.807273 0.41025 0.0383016 0.157564 0.609745
0 0.763717 0.422181 0.039517 0.16994 0.5349
0 0.442909 0.627851 0.0561352 0.167083 0.532623
0 0.675438 0.316899 0.0415749 0.145548 0.524789
0 0.730633 0.937374 0.025896 0.125252 0.46491
0 0.361545 0.719 0.0440517 0.115232 0.451567
0 0.919535 0.331287 0.0445322 0.172006 0.395786
0 0.270815 0.839019 0.0320951 0.0923741 0.363863
0 0.372802 0.821857 0.0380958 0.111889 0.350455
0 0.488768 0.393704 0.0350391 0.180562 0.344704
0 0.503736 0.827896 0.0440693 0.0968033 0.316231
0 0.890082 0.239932 0.0266556 0.0483569 0.315433
0 0.848945 0.233707 0.0272255 0.0401734 0.307089
0 0.755559 0.326212 0.0115826 0.054778 0.29333
0 0.412932 0.851333 0.0370997 0.0584753 0.275609
0 0.577992 0.163005 0.0221576 0.0387903 0.253439
