0 0.41767 0.409863 0.0416162 0.169034 0.68099
0 0.767857 0.420635 0.0541893 0.144944 0.581233
0 0.879132 0.334016 0.0375038 0.162759 0.517272
0 0.388085 0.849401 0.0366041 0.0558819 0.509
0 0.847619 0.419852 0.026821 0.158382 0.449187
0 0.851008 0.245688 0.026164 0.0498139 0.440619
0 0.29344 0.699493 0.0300713 0.213289 0.405138
0 0.813043 0.235508 0.0249253 0.0465312 0.392608
0 0.655268 0.31991 0.0416689 0.134717 0.391234
0 0.543868 0.456925 0.0416197 0.176927 0.359925
0 0.594651 0.472204 0.0664726 0.180889 0.339283
0 0.466831 0.828315 0.039977 0.106532 0.319422
0 0.352412 0.821903 0.0344803 0.110791 0.306917
0 0.781439 0.231235 0.0264146 0.043367 0.29833
0 0.404802 0.595215 0.0351504 0.179035 0.290056
0 0.974904 0.279031 0.0275258 0.0475387 0.271843
0 0.473398 0.468404 0.0392429 0.20469 0.269996
0 0.945045 0.263905 0.0183773 0.0520305 0.255648
