0 0.457843 0.225062 0.024609 0.116112 0.857199
0 0.334902 0.28085 0.0242612 0.120878 0.614183
0 0.608034 0.436831 0.0503737 0.167687 0.609494
0 0.507514 0.324276 0.0478853 0.108595 0.607712
0 0.944789 0.71902 0.0472633 0.10904 0.586203
0 0.993679 0.715774 0.0119454 0.0930993 0.551104
0 0.451834 0.584924 0.0394361 0.175436 0.459929
0 0.91055 0.630839 0.0393507 0.165509 0.459715
0 0.580037 0.7404 0.0676337 0.178032 0.455759
0 0.38415 0.690958 0.0456886 0.203346 0.426548
0 0.0867491 0.625953 0.0321585 0.163066 0.414387
0 0.621307 0.645195 0.039753 0.200765 0.357026
0 0.598996 0.74121 0.0432579 0.183549 0.351217
0 0.927836 0.838988 0.0337912 0.096441 0.350908
0 0.625987 0.586823 0.0277228 0.0836264 0.328857
0 0.0476662 0.872743 0.0370695 0.146124 0.298034
0 0.0860407 0.594832 0.0264528 0.102604 0.265234
0 0.503673 0.227596 0.0250702 0.122434 0.251164
