0 0.373149 0.550707 0.0467784 0.215359 0.664478
0 0.8538 0.473349 0.0387844 0.171935 0.609955
0 0.532908 0.404227 0.0354767 0.166312 0.602533
0 0.528998 0.778791 0.0582025 0.226478 0.598504
0 0.424271 0.406162 0.0214581 0.105752 0.544884
0 0.75217 0.351453 0.0489302 0.228086 0.506838
0 0.556207 0.195587 0.0210052 0.0422647 0.373316
0 0.725106 0.235778 0.0227764 0.0521294 0.36916
0 0.880307 0.280158 0.0302845 0.0559296 0.3248
0 0.915544 0.290668 0.0296255 0.0501534 0.322947
0 0.198544 0.604263 0.0430505 0.158218 0.308818
0 0.626975 0.211573 0.0234023 0.0483973 0.298598
0 0.991792 0.310273 0.0156929 0.0497259 0.29769
0 0.81236 0.26526 0.0303974 0.0494602 0.295881
0 0.849158 0.271652 0.0227081 0.0479703 0.29472
0 0.386049 0.849005 0.0263439 0.0435184 0.258903
0 0.815241 0.215673 0.0204805 0.0605086 0.257574
