0 0.478727 0.482436 0.0383154 0.204843 0.614994
0 0.568674 0.465311 0.049309 0.168682 0.572797
0 0.631895 0.565789 0.0484892 0.243931 0.526366
0 0.430018 0.360524 0.0311108 0.169195 0.500143
0 0.395326 0.208487 0.0293615 0.0520284 0.494399
0 0.255827 0.24709 0.025633 0.0469174 0.492406
0 0.445191 0.411902 0.0494181 0.172583 0.482447
0 0.425099 0.199174 0.0240226 0.0512152 0.410543
0 0.506039 0.34854 0.0392372 0.184413 0.372542
0 0.260107 0.198618 0.0195456 0.0751285 0.333103
0 0.809331 0.914883 0.0440802 0.16007 0.311884
0 0.368279 0.210065 0.0241707 0.0591097 0.304108
0 0.382933 0.152372 0.0245499 0.0778744 0.291677
0 0.95777 0.881867 0.039507 0.156218 0.285231
0 0.44475 0.778297 0.0488228 0.194243 0.283819
0 0.0580076 0.224224 0.0298675 0.0772001 0.264475
0 0.841662 0.910176 0.0444858 0.112922 0.253159
0 0.754285 0.462814 0.0475452 0.116317 0.251266
0 0.331156 0.634127 0.0719135 0.19312 0.250698
