0 0.558685 0.805741 0.0435477 0.124752 0.714637
0 0.980793 0.36068 0.0378368 0.14015 0.690394
0 0.480749 0.327801 0.045347 0.214402 0.687684
0 0.630728 0.605058 0.0391062 0.138388 0.62894
0 0.788489 0.357568 0.0470632 0.196197 0.56566
0 0.525455 0.729367 0.0562033 0.134042 0.538823
0 0.743442 0.417009 0.0417978 0.173341 0.513139
0 0.656917 0.662693 0.0595363 0.218719 0.477976
0 0.672856 0.349847 0.041391 0.159827 0.445938
0 0.605538 0.153433 0.0231927 0.0456306 0.428676
0 0.637544 0.599559 0.0257476 0.126311 0.390032
0 0.483444 0.827595 0.0491827 0.101999 0.368997
0 0.702298 0.177023 0.025788 0.0572482 0.354195
0 0.871119 0.181067 0.0240501 0.0718887 0.288373
0 0.994348 0.409252 0.0107159 0.0606738 0.263056
