0 0.247702 0.253556 0.0601223 0.178167 0.708139
0 0.489578 0.336131 0.0353167 0.210938 0.591228
0 0.572758 0.425243 0.0341125 0.198158 0.547306
0 0.223337 0.147799 0.0300042 0.0596294 0.457737
0 0.887795 0.540405 0.0293217 0.187121 0.456007
0 0.261626 0.15602 0.0258005 0.0704802 0.448567
0 0.437847 0.548949 0.0390673 0.194976 0.441899
0 0.599907 0.35457 0.0345655 0.15883 0.438386
0 0.441395 0.791334 0.0522768 0.198166 0.427544
0 0.799392 0.917877 0.0562223 0.125119 0.406152
0 0.545825 0.333701 0.0318374 0.185069 0.387046
0 0.264846 0.09123 0.0195985 0.0670403 0.383515
0 0.569528 0.1781 0.0247964 0.0887287 0.373025
0 0.401481 0.103533 0.0269286 0.0552646 0.357703
0 0.28417 0.0798794 0.0210182 0.0548556 0.357659
0 0.704699 0.285144 0.0308121 0.0740509 0.282725
0 0.530753 0.257516 0.0276485 0.17805 0.259438
0 0.431683 0.0961309 0.0227354 0.0478427 0.25566
0 0.571841 0.31741 0.030423 0.162988 0.25558
