0 0.630448 0.323551 0.0578457 0.136675 0.671895
0 0.762606 0.415109 0.0646786 0.132297 0.640959
0 0.875714 0.33667 0.0289833 0.157042 0.547172
0 0.415902 0.425568 0.0348689 0.165323 0.51565
0 0.840816 0.245354 0.0237457 0.0450049 0.513752
0 0.837965 0.402776 0.0319121 0.154368 0.482731
0 0.392009 0.590104 0.0344284 0.168099 0.463047
0 0.801276 0.235592 0.0250507 0.0415766 0.444748
0 0.567159 0.466356 0.0654999 0.191173 0.356974
0 0.459482 0.83076 0.0473926 0.118705 0.352664
0 0.315183 0.802759 0.036643 0.135299 0.321985
0 0.380962 0.849705 0.035148 0.0575991 0.318985
0 0.345981 0.821768 0.0308708 0.107473 0.317402
0 0.866394 0.250384 0.0157219 0.0460207 0.29372
0 0.245669 0.832966 0.0267781 0.0748357 0.279546
