0 0.428932 0.568325 0.0424975 0.198754 0.664542
0 0.346331 0.455228 0.0360712 0.16591 0.582851
0 0.794989 0.65325 0.0358799 0.155126 0.55975
0 0.0863595 0.484301 0.0408377 0.18824 0.532822
0 0.466998 0.656049 0.0577157 0.217291 0.521518
0 0.0200382 0.807711 0.0325943 0.258269 0.505775
0 0.277717 0.362502 0.0252796 0.172504 0.453466
0 0.422887 0.419476 0.0339096 0.178188 0.452604
0 0.414872 0.292561 0.0228168 0.123158 0.410852
0 0.230688 0.308011 0.0215812 0.0387243 0.389423
0 0.820813 0.913101 0.0425421 0.131059 0.35644
0 0.742718 0.904438 0.0348518 0.127458 0.353783
0 0.194549 0.312728 0.0269882 0.0590541 0.341341
0 0.0843497 0.345871 0.0234519 0.0508144 0.314716
0 0.020758 0.359354 0.0267847 0.0617338 0.31006
0 0.388854 0.258868 0.0247799 0.0472109 0.301682
