0 0.265315 0.905807 0.0463543 0.188386 0.592281
0 0.296865 0.367659 0.0297364 0.155404 0.532664
0 0.569705 0.512282 0.0297482 0.191506 0.514188
0 0.533253 0.627047 0.0471753 0.196971 0.502797
0 0.22334 0.238272 0.0262679 0.0577254 0.482638
0 0.376227 0.473386 0.0390909 0.175661 0.472955
0 0.157147 0.662831 0.0495054 0.242183 0.463501
0 0.172976 0.367789 0.0338779 0.165711 0.456153
0 0.789475 0.552884 0.0261623 0.152997 0.409036
0 0.30118 0.272241 0.0226319 0.110154 0.379769
0 0.421329 0.23957 0.0304612 0.186743 0.37128
0 0.257846 0.235827 0.0213669 0.0387162 0.366243
0 0.0847158 0.21305 0.0251559 0.06869 0.341321
0 0.493516 0.399992 0.0381216 0.162724 0.331654
0 0.599688 0.733011 0.0486408 0.238017 0.330881
0 0.119145 0.270336 0.0197369 0.0467662 0.294258
