0 0.711476 0.436703 0.0403021 0.148121 0.866986
0 0.611231 0.328714 0.0474686 0.127255 0.77771
0 0.0476554 0.625774 0.0604903 0.167159 0.649672
0 0.515445 0.77967 0.0550861 0.185671 0.644613
0 0.311059 0.817712 0.0258682 0.122684 0.520749
0 0.42057 0.532617 0.0531624 0.171846 0.44145
0 0.564854 0.236777 0.0252781 0.106213 0.37111
0 0.0309959 0.865698 0.0385313 0.0967364 0.320834
0 0.0138207 0.391693 0.0258189 0.120224 0.318945
0 0.37443 0.284862 0.0394792 0.132208 0.317722
0 0.929921 0.829933 0.0574215 0.20181 0.289505
0 0.117138 0.876732 0.0388537 0.112229 0.285465
0 0.0740893 0.156826 0.0226558 0.0366964 0.273899
0 0.527338 0.248247 0.0369166 0.112016 0.253089
