0 0.562087 0.812952 0.0396175 0.114254 0.820552
0 0.639488 0.347041 0.0522808 0.145341 0.772057
0 0.978887 0.352969 0.0422255 0.165278 0.647984
0 0.480306 0.316911 0.027844 0.155217 0.641258
0 0.7217 0.432716 0.0600291 0.180797 0.592401
0 0.777654 0.305723 0.0403966 0.118376 0.552142
0 0.741249 0.34192 0.0305188 0.170998 0.533521
0 0.788996 0.200185 0.0329402 0.0527041 0.428285
0 0.889114 0.227621 0.0270077 0.0456745 0.426068
0 0.60684 0.151326 0.0230488 0.0445536 0.424244
0 0.513992 0.754582 0.0734613 0.133121 0.41621
0 0.451369 0.392494 0.0444578 0.176792 0.375329
0 0.73876 0.300837 0.021811 0.096257 0.349998
0 0.85477 0.218894 0.0287643 0.0498316 0.340616
0 0.932646 0.237243 0.0265766 0.0470113 0.338375
0 0.786567 0.305868 0.0247191 0.118239 0.327619
0 0.590372 0.731406 0.0481675 0.230027 0.324126
0 0.705091 0.174688 0.0250682 0.0528079 0.292316
0 0.966636 0.240713 0.0254986 0.0593472 0.291677
0 0.294646 0.838068 0.0333995 0.107876 0.291469
0 0.962476 0.241841 0.0205009 0.0524997 0.278803
0 0.554525 0.818993 0.0532486 0.104818 0.271651
0 0.537197 0.134454 0.0215068 0.0425901 0.258647
0 0.396383 0.818738 0.0377798 0.111369 0.252888
