0 0.669292 0.464389 0.0504997 0.14556 0.8451
0 0.590114 0.604823 0.0309837 0.209516 0.728036
0 0.68509 0.32311 0.0243162 0.126403 0.722946
0 0.0954873 0.776146 0.0359496 0.100793 0.70595
0 0.403813 0.814202 0.0427494 0.124139 0.638448
0 0.491437 0.524381 0.0526787 0.180856 0.533911
0 0.519955 0.354442 0.0241663 0.154499 0.533335
0 0.789404 0.445062 0.0338824 0.161306 0.436978
0 0.842201 0.351647 0.0409275 0.148315 0.430626
0 0.0584459 0.84072 0.0339224 0.118877 0.429176
0 0.35109 0.438207 0.0231236 0.136669 0.405731
0 0.381031 0.465744 0.0286493 0.175614 0.383386
0 0.38055 0.444262 0.0264857 0.134601 0.369478
0 0.279359 0.598859 0.0455647 0.196667 0.32963
0 0.781779 0.244494 0.0216507 0.0414105 0.315827
0 0.335071 0.873334 0.0207634 0.0438151 0.312694
0 0.25542 0.859502 0.0381206 0.118139 0.312091
0 0.841273 0.372013 0.0408817 0.10552 0.257638
