0 0.408252 0.329541 0.0322597 0.182039 0.691947
0 0.631921 0.539075 0.0356493 0.241712 0.664589
0 0.511838 0.462915 0.0512834 0.175054 0.5503
0 0.528519 0.340214 0.0301555 0.186131 0.449011
0 0.81883 0.913626 0.0504402 0.169998 0.444148
0 0.575332 0.267604 0.02467 0.0773079 0.422994
0 0.0650054 0.205756 0.0302639 0.0806232 0.342504
0 0.988082 0.686586 0.0232315 0.104828 0.331759
0 0.434978 0.18487 0.0246616 0.0474628 0.323235
0 0.874577 0.55287 0.0291628 0.113464 0.322549
0 0.403312 0.791013 0.0427731 0.158673 0.322544
0 0.565471 0.398646 0.049601 0.185394 0.320315
0 0.20376 0.22244 0.0236069 0.146869 0.311106
0 0.92895 0.645467 0.0357002 0.244009 0.296342
0 0.317009 0.637171 0.0638576 0.225661 0.289306
0 0.106059 0.272937 0.0193897 0.0493495 0.278664
0 0.588207 0.450072 0.0526103 0.151422 0.268418
0 0.404338 0.191269 0.0275071 0.0495083 0.260752
0 0.917368 0.897786 0.0425379 0.12025 0.255147
0 0.768589 0.446467 0.0476047 0.108068 0.250288
