0 0.434766 0.344785 0.032975 0.141292 0.828159
0 0.638657 0.256387 0.0305565 0.117179 0.677121
0 0.836028 0.291501 0.0295483 0.157043 0.659575
0 0.768455 0.308888 0.0446559 0.132915 0.558584
0 0.637593 0.381946 0.0480856 0.155565 0.549277
0 0.72661 0.647433 0.041106 0.182911 0.508804
0 0.396784 0.834615 0.0342391 0.0787409 0.50015
0 0.385117 0.469212 0.0376783 0.18473 0.479809
0 0.545117 0.343363 0.0382174 0.153138 0.446098
0 0.476562 0.756008 0.0413216 0.236203 0.427947
0 0.435832 0.820887 0.0411653 0.112652 0.421614
0 0.779719 0.192602 0.0242019 0.0492958 0.421431
0 0.544222 0.65481 0.063374 0.208667 0.398866
0 0.950636 0.237487 0.0229118 0.0478056 0.374536
0 0.169284 0.296498 0.0251637 0.0723507 0.300809
0 0.831029 0.293073 0.0231322 0.15263 0.279126
0 0.914322 0.228064 0.0205452 0.0443056 0.259512
0 0.83084 0.162457 0.0237198 0.0622611 0.251108
