0 0.56052 0.805707 0.0538036 0.142438 0.712222
0 0.660788 0.348779 0.0381386 0.156804 0.594276
0 0.769507 0.323678 0.0212786 0.0723066 0.590139
0 0.628921 0.695155 0.0408331 0.244161 0.573499
0 0.466917 0.362088 0.0297753 0.149604 0.567742
0 0.980348 0.342426 0.038771 0.175978 0.565419
0 0.77316 0.357083 0.0379961 0.139836 0.550672
0 0.598572 0.636969 0.0502357 0.163506 0.446403
0 0.886513 0.228951 0.0283747 0.0427236 0.431347
0 0.510318 0.746301 0.0513504 0.131243 0.424901
0 0.606552 0.153642 0.0230312 0.0434269 0.413959
0 0.741322 0.435723 0.0358551 0.180124 0.378415
0 0.853789 0.221235 0.0273815 0.0461284 0.366251
0 0.769988 0.379391 0.0440358 0.100748 0.304674
0 0.703797 0.176921 0.0260312 0.0564075 0.291842
0 0.930474 0.23921 0.0269676 0.0468317 0.289104
0 0.552762 0.801322 0.038999 0.134271 0.262861
