0 0.50004 0.359571 0.0384544 0.159104 0.664751
0 0.959398 0.346031 0.0353902 0.167755 0.617445
0 0.728877 0.415867 0.0603216 0.162514 0.585673
0 0.688228 0.341504 0.0479819 0.153316 0.490164
0 0.787861 0.38637 0.0369238 0.148653 0.43635
0 0.494423 0.7779 0.0416015 0.161412 0.371972
0 0.51545 0.682467 0.0605435 0.190737 0.355009
0 0.661881 0.550246 0.0619152 0.183362 0.34771
0 0.499408 0.830786 0.0453926 0.0854259 0.34039
0 0.759892 0.29346 0.0280171 0.0908094 0.29448
0 0.283476 0.832797 0.0344012 0.0870453 0.290711
0 0.512782 0.64762 0.0395079 0.12002 0.289462
0 0.910514 0.240073 0.0274937 0.0487535 0.272239
0 0.690356 0.178108 0.0217585 0.0533052 0.255596
