0 0.404858 0.387042 0.0267395 0.117587 0.825986
0 0.352553 0.371993 0.032356 0.119094 0.725192
0 0.336649 0.595147 0.0371786 0.174119 0.719525
0 0.462977 0.831996 0.0335581 0.0869069 0.610352
0 0.404278 0.498157 0.0345514 0.130533 0.58356
0 0.279974 0.562388 0.0357758 0.177462 0.543622
0 0.638398 0.540531 0.0336212 0.148918 0.461511
0 0.481539 0.549201 0.035459 0.146008 0.446285
0 0.523716 0.336963 0.0314536 0.0862764 0.408768
0 0.807256 0.574481 0.01819 0.103587 0.378764
0 0.470248 0.492499 0.014526 0.04067 0.320438
0 0.381955 0.277738 0.0213234 0.0441745 0.288237
0 0.355155 0.342187 0.0279068 0.168405 0.284055
0 0.772274 0.673988 0.0340032 0.143192 0.280262
0 0.764535 0.769989 0.0306203 0.111256 0.25873
0 0.530835 0.337133 0.0179022 0.0835317 0.255208
0 0.159406 0.337295 0.0173375 0.0317428 0.253999
