0 0.830159 0.407348 0.027856 0.135147 0.852089
0 0.662734 0.30884 0.0445244 0.110267 0.83356
0 0.485593 0.39623 0.0254113 0.0826 0.77203
0 0.876257 0.334423 0.0256224 0.146742 0.735035
0 0.493824 0.50909 0.0550125 0.207384 0.606872
0 0.744548 0.419364 0.051791 0.132149 0.548081
0 0.610919 0.866847 0.0320221 0.0698887 0.505472
0 0.596308 0.323893 0.0495643 0.154514 0.485965
0 0.808449 0.241858 0.0246172 0.0474807 0.400726
0 0.359425 0.587586 0.0372512 0.165312 0.394757
0 0.270269 0.667039 0.038087 0.204821 0.385191
0 0.510087 0.479478 0.0328829 0.229246 0.2999
0 0.297056 0.793865 0.0346018 0.122747 0.291888
0 0.510268 0.443008 0.0323129 0.156022 0.288313
0 0.358743 0.848687 0.0352825 0.0603446 0.287651
0 0.322734 0.818351 0.0341463 0.102685 0.282564
0 0.430406 0.514063 0.0571183 0.192695 0.277468
0 0.769763 0.235203 0.02344 0.0381498 0.272573
