0 0.418662 0.479583 0.053358 0.143995 0.816574
0 0.292602 0.348442 0.0352073 0.147406 0.775008
0 0.199692 0.453103 0.0415505 0.182966 0.634089
0 0.488324 0.390007 0.0475348 0.121888 0.592382
0 0.679709 0.577808 0.0302418 0.215448 0.584264
0 0.225174 0.29888 0.0336055 0.153586 0.574891
0 0.815747 0.779074 0.0381103 0.137875 0.404494
0 0.311024 0.258396 0.0224142 0.151072 0.376979
0 0.744485 0.779398 0.0388897 0.153321 0.357881
0 0.210473 0.396518 0.0207326 0.0633872 0.344032
0 0.376157 0.43564 0.044558 0.171483 0.326712
0 0.544437 0.400197 0.0447746 0.123399 0.320228
0 0.911113 0.61134 0.0484493 0.107422 0.292185
0 0.826188 0.350373 0.0261722 0.0713985 0.2914
0 0.385606 0.357884 0.0283063 0.132134 0.284713
0 0.781404 0.467294 0.0271509 0.0957055 0.269146
