0 0.833424 0.401019 0.0292414 0.154231 0.773447
0 0.873133 0.335308 0.0344663 0.149819 0.647237
0 0.754772 0.419671 0.0604251 0.138024 0.625804
0 0.382069 0.58431 0.0441308 0.172905 0.581633
0 0.684302 0.308848 0.0482232 0.119649 0.547776
0 0.613242 0.320089 0.049131 0.145449 0.542487
0 0.47368 0.500781 0.0439208 0.206942 0.513591
0 0.415515 0.455726 0.0331797 0.176059 0.505651
0 0.792077 0.234063 0.0277903 0.0431964 0.45744
0 0.373588 0.849539 0.0349399 0.0576935 0.455525
0 0.283147 0.690615 0.0353738 0.212254 0.42939
0 0.829796 0.243677 0.0233494 0.0493232 0.401804
0 0.309142 0.798691 0.0402382 0.131495 0.294433
0 0.950304 0.275122 0.0243521 0.0507667 0.29162
0 0.855473 0.247997 0.0180306 0.0520446 0.271193
