0 0.643832 0.329145 0.0338902 0.127173 0.658338
0 0.428797 0.518632 0.0650221 0.180417 0.573525
0 0.490059 0.77519 0.0837319 0.196179 0.569322
0 0.352434 0.817114 0.0250737 0.11902 0.56005
0 0.742355 0.434254 0.0582376 0.167487 0.549648
0 0.049637 0.637017 0.0543255 0.163878 0.532759
0 0.322125 0.603982 0.0385286 0.178376 0.527795
0 0.519816 0.279932 0.0110681 0.0304703 0.48424
0 0.511214 0.777197 0.0415861 0.191686 0.393789
0 0.166454 0.869896 0.0386777 0.120793 0.384152
0 0.594356 0.241571 0.0145739 0.0942258 0.335598
0 0.399269 0.28296 0.0281984 0.132873 0.328282
0 0.642506 0.324083 0.0253414 0.119732 0.302884
