0 0.47441 0.653745 0.0514921 0.215435 0.707249
0 0.0911567 0.480309 0.0381988 0.191261 0.681997
0 0.330556 0.458941 0.0429605 0.155915 0.619684
0 0.27933 0.363033 0.0251042 0.170935 0.590096
0 0.787947 0.657857 0.0240497 0.127581 0.548352
0 0.427014 0.562573 0.0396142 0.21441 0.535478
0 0.433811 0.434888 0.0299418 0.122557 0.492367
0 0.739769 0.903563 0.034922 0.135342 0.393181
0 0.390263 0.260982 0.0259738 0.0463335 0.339243
0 0.09086 0.344114 0.0179246 0.051162 0.331516
0 0.23314 0.308567 0.0223682 0.0398202 0.293805
0 0.429133 0.401089 0.040534 0.134431 0.279743
0 0.197549 0.314711 0.026986 0.0580839 0.278398
0 0.743367 0.45612 0.0318006 0.0737016 0.275403
0 0.689901 0.491249 0.0402237 0.100504 0.268693
0 0.572283 0.644565 0.0274674 0.169766 0.255726
