0 0.399563 0.262634 0.0228698 0.101109 0.796521
0 0.454505 0.354583 0.0392848 0.108207 0.776462
0 0.353899 0.293329 0.0258734 0.124834 0.739692
0 0.215775 0.577433 0.0292634 0.172373 0.680815
0 0.0539492 0.501819 0.0558629 0.177127 0.612489
0 0.580149 0.406347 0.0290682 0.13695 0.611549
0 0.206983 0.62707 0.0156146 0.0733764 0.578356
0 0.220116 0.871475 0.0645047 0.189932 0.5728
0 0.539303 0.235725 0.0241722 0.106577 0.565875
0 0.498014 0.590079 0.0447147 0.185953 0.5212
0 0.0910014 0.895247 0.035177 0.205872 0.501886
0 0.798139 0.821443 0.0329231 0.100077 0.35703
0 0.658282 0.608637 0.0270806 0.200886 0.348943
0 0.341017 0.215635 0.0158189 0.038059 0.345384
0 0.580157 0.387205 0.0259098 0.0986367 0.323394
0 0.216144 0.558168 0.0255209 0.140686 0.312461
0 0.432032 0.602767 0.0388261 0.217851 0.288642
0 0.769373 0.768419 0.0177437 0.0312953 0.256274
0 0.843396 0.691578 0.0345528 0.118297 0.254302
