0 0.375505 0.46882 0.0499568 0.176131 0.72496
0 0.213776 0.288892 0.0238369 0.044726 0.608658
0 0.0183708 0.490051 0.0296709 0.19148 0.552675
0 0.261785 0.348616 0.0248247 0.166489 0.508261
0 0.381398 0.286209 0.0355326 0.138489 0.503139
0 0.382066 0.306842 0.0373252 0.114611 0.471312
0 0.176826 0.293121 0.0292093 0.0620754 0.44565
0 0.37613 0.240423 0.0247291 0.0577035 0.398814
0 0.438785 0.632256 0.0586294 0.217844 0.386661
0 0.367277 0.420076 0.039851 0.180186 0.351306
0 0.813589 0.658264 0.0277639 0.145016 0.308503
0 0.380882 0.349973 0.0324173 0.0576307 0.304242
0 0.376078 0.260572 0.0253618 0.0986599 0.299397
0 0.481489 0.501517 0.0491411 0.130201 0.270388
0 0.689525 0.472915 0.0401901 0.0996755 0.259317
0 0.817838 0.514779 0.033226 0.0895201 0.257396
0 0.0459604 0.286687 0.0227218 0.0684584 0.254722
0 0.297267 0.257874 0.0254138 0.053372 0.253229
