0 0.239975 0.540898 0.0267181 0.133924 0.670944
0 0.362256 0.302348 0.0285774 0.121917 0.666436
0 0.434911 0.368749 0.0404831 0.103182 0.655727
0 0.427833 0.570623 0.0498121 0.183356 0.610675
0 0.395052 0.276681 0.0212308 0.0893042 0.608233
0 0.0823845 0.499705 0.0460562 0.150445 0.48564
0 0.0780365 0.901182 0.0339727 0.195314 0.474612
0 0.78488 0.825981 0.0334743 0.0970779 0.458648
0 0.573297 0.391464 0.0250262 0.119554 0.454474
0 0.758008 0.768161 0.0151789 0.035986 0.45287
0 0.398487 0.270652 0.0239118 0.0997232 0.446207
0 0.48747 0.530697 0.0370121 0.209635 0.442086
0 0.665277 0.583671 0.0319492 0.182893 0.441992
0 0.256966 0.86316 0.0403177 0.177523 0.387676
0 0.0833972 0.444953 0.0183871 0.0464494 0.378734
0 0.547016 0.243693 0.0299967 0.0973708 0.367935
0 0.830069 0.697869 0.0316605 0.115083 0.323911
0 0.714184 0.686947 0.0381037 0.169424 0.308662
0 0.786357 0.774028 0.0298482 0.0770358 0.275687
0 0.267954 0.968165 0.0342101 0.0600056 0.256285
