0 0.221842 0.299363 0.0347589 0.132759 0.706007
0 0.210192 0.459425 0.0422302 0.183072 0.702037
0 0.309734 0.373469 0.0457834 0.147546 0.638965
0 0.578535 0.427508 0.041809 0.170785 0.594058
0 0.382927 0.472123 0.0344477 0.20623 0.564623
0 0.240081 0.19681 0.0258926 0.0629377 0.499765
0 0.315087 0.242613 0.0236875 0.14346 0.467886
0 0.274172 0.190862 0.0228584 0.0361519 0.456055
0 0.409409 0.466112 0.0344069 0.1976 0.435372
0 0.19237 0.852535 0.0583619 0.23765 0.381646
0 0.384312 0.438411 0.0281566 0.136388 0.346621
0 0.0842831 0.237574 0.019471 0.0496548 0.346217
0 0.899435 0.902437 0.0347187 0.109187 0.303523
0 0.239722 0.219108 0.0260521 0.107553 0.292163
0 0.493257 0.344856 0.0779162 0.168753 0.28992
0 0.395025 0.155704 0.024463 0.0405333 0.280946
0 0.786028 0.458199 0.0283282 0.101505 0.279528
0 0.402348 0.469968 0.0492022 0.213308 0.277384
