0 0.636284 0.360596 0.0297062 0.130017 0.757688
0 0.454077 0.339798 0.0379257 0.14945 0.703019
0 0.885019 0.312466 0.051305 0.162291 0.676493
0 0.780338 0.30491 0.0362879 0.131382 0.628092
0 0.596828 0.361681 0.0318739 0.159346 0.570654
0 0.660685 0.274518 0.03082 0.129908 0.548812
0 0.66503 0.269427 0.0244907 0.119829 0.513793
0 0.406385 0.421941 0.0400128 0.184471 0.48419
0 0.412171 0.837656 0.0347859 0.0781663 0.474359
0 0.804795 0.197233 0.0207789 0.0442796 0.469413
0 0.729452 0.756241 0.0610582 0.218102 0.413065
0 0.83429 0.203604 0.0309929 0.0578944 0.380391
0 0.624785 0.661101 0.0433187 0.141387 0.375213
0 0.974648 0.243016 0.0205391 0.0439974 0.335035
0 0.684934 0.163934 0.0274536 0.0540769 0.328456
0 0.274785 0.822247 0.0296282 0.103749 0.29519
0 0.643589 0.72739 0.0620974 0.18465 0.279965
0 0.910878 0.222225 0.0252327 0.0537602 0.267
0 0.6493 0.866201 0.0157759 0.0519181 0.261923
0 0.18771 0.293092 0.0241918 0.0700167 0.256519
0 0.853086 0.164 0.0258217 0.0735304 0.250041
