0 0.563751 0.326024 0.0407545 0.121674 0.803487
0 0.518569 0.776682 0.0622519 0.17838 0.683054
0 0.508209 0.230759 0.0331257 0.125254 0.635513
0 0.905735 0.754041 0.063162 0.181132 0.626423
0 0.0405307 0.646415 0.0442228 0.179202 0.537117
0 0.306289 0.654449 0.0674504 0.200756 0.536862
0 0.410151 0.548219 0.0413857 0.170013 0.530917
0 0.346944 0.26442 0.0180743 0.0977689 0.504876
0 0.654067 0.430544 0.0563578 0.150006 0.469161
0 0.557541 0.322573 0.0272581 0.113882 0.404716
0 0.255268 0.846698 0.0342061 0.151683 0.366639
0 0.506423 0.257587 0.0324339 0.0906845 0.31548
0 0.622385 0.640914 0.0373707 0.188768 0.295928
