0 0.521123 0.317203 0.0297456 0.115303 0.747035
0 0.33222 0.282189 0.0352134 0.1268 0.692236
0 0.566562 0.767039 0.0423852 0.198289 0.664044
0 0.428213 0.575492 0.0497921 0.180752 0.631311
0 0.476517 0.243712 0.0304514 0.104615 0.568749
0 0.910573 0.675499 0.0470657 0.173192 0.561392
0 0.0639438 0.629254 0.0451841 0.171292 0.499064
0 0.632428 0.442186 0.0266556 0.165756 0.453207
0 0.333905 0.267718 0.0201076 0.104 0.450012
0 0.618794 0.641228 0.0426502 0.19604 0.430531
0 0.343507 0.680809 0.0718417 0.198721 0.387056
0 0.534377 0.167366 0.0134666 0.0342456 0.371775
0 0.991479 0.754562 0.0162594 0.106228 0.269669
0 0.335344 0.277824 0.02622 0.123364 0.268248
