0 0.0365997 0.491463 0.0420311 0.198453 0.684724
0 0.440388 0.650582 0.0518492 0.213175 0.651826
0 0.361341 0.47405 0.0305961 0.174076 0.575285
0 0.263908 0.358786 0.0234011 0.16469 0.567219
0 0.0689538 0.336338 0.0186484 0.0518759 0.487635
0 0.349431 0.255278 0.0282434 0.0570381 0.47791
0 0.413661 0.434313 0.0474172 0.164185 0.458737
0 0.455552 0.548395 0.0363382 0.216567 0.451369
0 0.218184 0.295505 0.0238328 0.0471591 0.449616
0 0.0331533 0.27764 0.0225095 0.0636783 0.427941
0 0.821995 0.915481 0.0451494 0.133329 0.397736
0 0.8699 0.869162 0.0407316 0.130938 0.371235
0 0.741409 0.907476 0.0348541 0.132249 0.349421
0 0.376087 0.246426 0.0221967 0.0536226 0.333247
0 0.180204 0.305344 0.0274236 0.0519409 0.302996
0 0.0943378 0.325891 0.0209143 0.0499051 0.297053
0 0.0360326 0.342449 0.0245931 0.0608439 0.295014
0 0.800578 0.636135 0.0491575 0.198096 0.294407
0 0.813429 0.586483 0.0468097 0.219302 0.268012
0 0.386995 0.390693 0.0242492 0.114664 0.266001
