0 0.91192 0.491719 0.0783425 0.157637 0.736265
0 0.805925 0.398925 0.0374523 0.155075 0.717132
0 0.584031 0.38601 0.0593734 0.115978 0.715175
0 0.377554 0.664157 0.0624932 0.17438 0.520595
0 0.453548 0.402655 0.0636092 0.157926 0.510448
0 0.388264 0.493456 0.052206 0.108359 0.505195
0 0.601844 0.173317 0.0275991 0.0408116 0.394332
0 0.37864 0.495249 0.0516351 0.107491 0.392637
0 0.807009 0.362801 0.0346935 0.090909 0.358606
0 0.809667 0.352858 0.0287555 0.067446 0.351967
0 0.992845 0.740395 0.0136254 0.0877675 0.332833
0 0.74209 0.31506 0.0416051 0.0781738 0.330817
0 0.942849 0.449579 0.0185647 0.0771346 0.329618
0 0.352134 0.816386 0.0427056 0.121162 0.312728
0 0.93388 0.257297 0.03048 0.0547692 0.295845
0 0.143668 0.637282 0.0569818 0.217262 0.289752
0 0.385296 0.833973 0.0323999 0.0691608 0.279117
0 0.528921 0.157496 0.0236007 0.0460235 0.274471
