0 0.483996 0.353759 0.044232 0.173404 0.793185
0 0.564967 0.799873 0.0548324 0.147925 0.65316
0 0.79608 0.377869 0.041696 0.159157 0.652189
0 0.521578 0.719267 0.0553245 0.149257 0.646122
0 0.742422 0.418737 0.0400388 0.170794 0.620344
0 0.676022 0.354124 0.0341375 0.157046 0.543503
0 0.475827 0.30199 0.0281042 0.154474 0.52616
0 0.60495 0.152782 0.024184 0.048587 0.452342
0 0.98141 0.351993 0.0365727 0.174738 0.400147
0 0.488237 0.828471 0.0455166 0.0926708 0.377311
0 0.702526 0.17724 0.0265365 0.0587203 0.350101
0 0.64289 0.594173 0.0367615 0.149614 0.311024
0 0.870341 0.18277 0.023608 0.0665742 0.291811
0 0.92561 0.239681 0.0279282 0.0510206 0.289159
0 0.351347 0.309576 0.0344024 0.141439 0.289142
0 0.639868 0.165996 0.0236666 0.039553 0.283117
0 0.88578 0.232374 0.0295635 0.0384795 0.267989
0 0.674979 0.650793 0.0711119 0.23144 0.260402
