0 0.406931 0.292858 0.0392172 0.138224 0.761951
0 0.668229 0.318053 0.0249643 0.133765 0.728204
0 0.78761 0.418661 0.0396186 0.130207 0.635579
0 0.387135 0.81824 0.0264207 0.113562 0.634561
0 0.4346 0.494278 0.0468026 0.166117 0.571898
0 0.566006 0.247729 0.0221318 0.114538 0.472557
0 0.491105 0.764515 0.0694491 0.177413 0.465851
0 0.677383 0.657852 0.0428137 0.196069 0.440906
0 0.920102 0.900895 0.104086 0.184648 0.43331
0 0.0477195 0.619213 0.0624935 0.159939 0.431109
0 0.0968874 0.813261 0.0423808 0.153834 0.403947
0 0.121499 0.841958 0.0410782 0.0993535 0.385119
0 0.0594095 0.386677 0.0310687 0.141495 0.367214
