0 0.711153 0.293917 0.0293594 0.149537 0.752335
0 0.544023 0.43997 0.0339147 0.18127 0.649664
0 0.650522 0.303722 0.0359627 0.126547 0.642816
0 0.787179 0.37835 0.0282463 0.139133 0.627218
0 0.572288 0.330645 0.0237543 0.118035 0.620582
0 0.437201 0.749071 0.048443 0.181848 0.592801
0 0.577259 0.344331 0.019905 0.126107 0.57198
0 0.570469 0.342487 0.0325489 0.13769 0.514263
0 0.677674 0.217382 0.0226139 0.0518806 0.416793
0 0.792785 0.248431 0.0240246 0.046531 0.412558
0 0.492713 0.376118 0.0459901 0.122136 0.399406
0 0.897382 0.275372 0.0254265 0.0473985 0.326054
0 0.856657 0.265789 0.0274288 0.0487191 0.30732
0 0.278233 0.863238 0.0297203 0.0858962 0.298348
0 0.578419 0.379985 0.0178356 0.0758348 0.298091
0 0.435462 0.825487 0.0421598 0.10273 0.296908
0 0.569177 0.314767 0.0286644 0.0862336 0.2681
0 0.351309 0.829527 0.0339093 0.0783423 0.267116
