0 0.328308 0.469875 0.0454808 0.132095 0.820255
0 0.093845 0.478117 0.0379904 0.193108 0.690578
0 0.279547 0.36279 0.0244057 0.171868 0.656241
0 0.425745 0.566666 0.0376171 0.214028 0.589692
0 0.43675 0.439997 0.0292751 0.137449 0.543266
0 0.473428 0.655048 0.0543468 0.213809 0.497866
0 0.786745 0.648109 0.0227066 0.141298 0.388315
0 0.589553 0.661071 0.0572338 0.229391 0.379466
0 0.739499 0.902817 0.0334622 0.134251 0.365563
0 0.0910637 0.343621 0.0180161 0.0524865 0.33001
0 0.785984 0.627475 0.0252287 0.186647 0.322407
0 0.390454 0.26053 0.0256628 0.047566 0.31253
0 0.434452 0.422914 0.0341782 0.119903 0.312121
0 0.198313 0.313077 0.0270086 0.0582592 0.30364
0 0.0558044 0.349159 0.0211277 0.0620522 0.284282
0 0.689759 0.491829 0.040948 0.101677 0.280647
0 0.418798 0.319493 0.0262131 0.136716 0.276716
0 0.06871 0.348995 0.0194036 0.0546016 0.258752
0 0.0256352 0.359756 0.0237922 0.0595897 0.252772
0 0.743165 0.456269 0.0314146 0.0739559 0.252373
