0 0.447414 0.228052 0.0242217 0.122732 0.675557
0 0.478274 0.602348 0.0408434 0.178601 0.600678
0 0.0895824 0.877473 0.0427643 0.172345 0.568234
0 0.923949 0.711049 0.036084 0.137635 0.524521
0 0.636864 0.603787 0.0274128 0.114925 0.524397
0 0.916403 0.60206 0.0372589 0.156098 0.484493
0 0.109178 0.613393 0.0637486 0.162667 0.480654
0 0.613085 0.440716 0.0372246 0.161092 0.447413
0 0.339837 0.284339 0.0534017 0.135001 0.401609
0 0.622813 0.723864 0.0395088 0.17978 0.380114
0 0.965308 0.713669 0.0330097 0.107051 0.372191
0 0.410736 0.697699 0.0570489 0.211815 0.368976
0 0.156384 0.845795 0.0363617 0.212899 0.343179
0 0.894028 0.830093 0.0318725 0.099248 0.316893
0 0.512652 0.322928 0.0461056 0.130916 0.308916
0 0.892943 0.755422 0.0233273 0.0347367 0.266992
