0 0.695598 0.559575 0.067066 0.138606 0.77138
0 0.444295 0.354527 0.0524327 0.141444 0.727798
0 0.619936 0.23223 0.0325295 0.155749 0.620709
0 0.509266 0.320218 0.0457321 0.136986 0.573148
0 0.595917 0.592685 0.0554676 0.183596 0.559996
0 0.417076 0.740041 0.0372723 0.179693 0.558865
0 0.384224 0.439111 0.0344327 0.195634 0.496412
0 0.797943 0.20335 0.0280445 0.0561673 0.46388
0 0.387176 0.831821 0.0360745 0.0788968 0.461196
0 0.622364 0.401824 0.0372779 0.167499 0.452965
0 0.767618 0.196953 0.0230003 0.045439 0.38498
0 0.828642 0.211865 0.0261364 0.0454268 0.366358
0 0.933055 0.241848 0.0217907 0.0376235 0.333186
0 0.870777 0.221391 0.0247929 0.0502088 0.307895
0 0.431056 0.814881 0.0392588 0.118326 0.302621
0 0.694359 0.199123 0.0223974 0.121621 0.277111
0 0.419043 0.712552 0.0300526 0.123103 0.274433
0 0.757675 0.312922 0.0378935 0.130844 0.258799
