0 0.662866 0.533943 0.0554567 0.172468 0.820039
0 0.74532 0.552099 0.0385468 0.182061 0.789638
0 0.760083 0.414943 0.0387429 0.164859 0.710021
0 0.800552 0.408572 0.0338852 0.154029 0.690808
0 0.457012 0.326666 0.0320055 0.163567 0.554506
0 0.73126 0.937881 0.0266048 0.124238 0.547647
0 0.922643 0.330214 0.0440777 0.174688 0.501068
0 0.675554 0.317402 0.0443106 0.145945 0.489773
0 0.744215 0.310163 0.0352772 0.0892274 0.434825
0 0.438091 0.606595 0.0409001 0.127029 0.415909
0 0.366603 0.736227 0.0373259 0.126102 0.403084
0 0.491282 0.391179 0.0316171 0.190078 0.402352
0 0.892216 0.240152 0.0257236 0.04664 0.366903
0 0.414069 0.84984 0.0370617 0.0570998 0.331119
0 0.271237 0.83733 0.0334143 0.0906404 0.32845
0 0.85086 0.232312 0.0277783 0.0399004 0.305854
0 0.50439 0.827832 0.0448057 0.0982465 0.29683
0 0.443609 0.627227 0.0513262 0.167654 0.285507
0 0.372988 0.821488 0.0386409 0.11101 0.281213
0 0.445625 0.603778 0.0541632 0.119281 0.274312
