0 0.488468 0.589733 0.0680511 0.197399 0.553049
0 0.258283 0.333051 0.0249133 0.175377 0.485266
0 0.211359 0.269645 0.0245563 0.0465991 0.455753
0 0.351425 0.29512 0.0363913 0.100261 0.39275
0 0.231352 0.208297 0.0231539 0.0533899 0.334826
0 0.0108483 0.563316 0.0187423 0.0294727 0.329281
0 0.350279 0.413185 0.0386493 0.184757 0.314207
0 0.421101 0.622722 0.0569814 0.223563 0.305084
0 0.0581213 0.309612 0.0177199 0.0555776 0.297192
0 0.512698 0.450509 0.0411413 0.0899106 0.278668
0 0.583707 0.615384 0.0608364 0.213299 0.273928
0 0.882071 0.870963 0.045624 0.1307 0.261352
0 0.347779 0.2268 0.0269939 0.0523269 0.256055
