0 0.395115 0.806408 0.0558434 0.13072 0.645664
0 0.260602 0.223255 0.0272654 0.053817 0.607027
0 0.401631 0.183613 0.0309925 0.0581319 0.495282
0 0.31889 0.318829 0.0415982 0.197899 0.479648
0 0.987671 0.673658 0.0239471 0.108124 0.437959
0 0.910188 0.611625 0.041214 0.242043 0.415847
0 0.230796 0.30278 0.0231489 0.180401 0.405687
0 0.531997 0.310505 0.0301605 0.1228 0.387813
0 0.763981 0.350371 0.0301884 0.0887233 0.351751
0 0.280895 0.163309 0.0223001 0.0575849 0.331742
0 0.395908 0.775252 0.0570212 0.192563 0.318988
0 0.215528 0.270943 0.0235905 0.141551 0.318279
0 0.430573 0.176383 0.022979 0.0529061 0.305989
0 0.216382 0.239604 0.0231176 0.0773606 0.293284
0 0.762967 0.441257 0.0432152 0.117427 0.279654
0 0.986085 0.689991 0.0272435 0.108167 0.275818
0 0.388511 0.130124 0.0239211 0.075307 0.271375
0 0.246075 0.162856 0.0196166 0.0597206 0.253112
0 0.348273 0.197485 0.0296762 0.0559827 0.251957
