0 0.803208 0.429549 0.0313563 0.155334 0.756597
0 0.27624 0.636486 0.0582928 0.193647 0.659782
0 0.56423 0.624072 0.0468758 0.182462 0.629714
0 0.672529 0.350926 0.0222006 0.0740653 0.595955
0 0.303446 0.557438 0.0355564 0.160714 0.572822
0 0.47142 0.837991 0.0288486 0.0765784 0.55955
0 0.548412 0.345413 0.0285357 0.149745 0.540196
0 0.852897 0.353309 0.0421458 0.145392 0.519321
0 0.688125 0.439232 0.0657008 0.143911 0.504301
0 0.225838 0.810376 0.0398051 0.165097 0.491543
0 0.673722 0.320254 0.024304 0.128728 0.449258
0 0.401348 0.445283 0.0252149 0.17027 0.370201
0 0.418215 0.454152 0.0275558 0.170075 0.368729
0 0.0655861 0.759995 0.0309026 0.0812505 0.367748
0 0.67551 0.291746 0.0188412 0.0758835 0.359587
0 0.674791 0.306626 0.0208917 0.1006 0.353552
0 0.129666 0.860914 0.0456888 0.135346 0.320822
0 0.828125 0.253776 0.0221023 0.0439996 0.319936
0 0.49908 0.52216 0.0531656 0.178254 0.316521
0 0.289206 0.857088 0.0372681 0.109394 0.294884
0 0.411164 0.825872 0.0426624 0.155887 0.29093
0 0.258495 0.839687 0.035531 0.127084 0.282149
0 0.0986803 0.816281 0.0333084 0.0878645 0.264562
0 0.258707 0.822991 0.033665 0.0948007 0.255175
