0 0.434429 0.525424 0.0523096 0.201948 0.673143
0 0.540996 0.484582 0.03724 0.183417 0.670435
0 0.632161 0.554077 0.0495684 0.222815 0.573108
0 0.488249 0.368289 0.0351021 0.164755 0.550486
0 0.889306 0.65963 0.0314985 0.230447 0.542345
0 0.544702 0.775991 0.0589562 0.198296 0.481394
0 0.256047 0.264085 0.0246956 0.0444905 0.428371
0 0.390647 0.224296 0.0285278 0.0533282 0.350685
0 0.916694 0.538735 0.0372477 0.176989 0.325617
0 0.0656455 0.243408 0.0238659 0.0745894 0.288466
0 0.737533 0.468683 0.0401996 0.107559 0.251095
