0 0.196963 0.21544 0.0454029 0.179254 0.577618
0 0.22755 0.0982307 0.0276962 0.0621996 0.557122
0 0.315626 0.836578 0.0526941 0.106472 0.532404
0 0.465774 0.576103 0.0604645 0.230161 0.51016
0 0.264912 0.0913318 0.0242993 0.047376 0.506033
0 0.296093 0.159498 0.0335158 0.16562 0.476461
0 0.104041 0.520577 0.0416169 0.238243 0.408189
0 0.788659 0.839289 0.0446625 0.109495 0.365047
0 0.883795 0.736766 0.0350266 0.144329 0.342347
0 0.26842 0.0378027 0.0210134 0.0636122 0.327144
0 0.826185 0.733513 0.0396076 0.117924 0.308756
0 0.861948 0.813168 0.031781 0.124372 0.302013
0 0.968113 0.525311 0.0537358 0.109948 0.298847
0 0.429887 0.0469465 0.0227842 0.0462912 0.279425
0 0.246706 0.050275 0.0291212 0.0926165 0.277933
0 0.532411 0.368453 0.0607755 0.237273 0.26785
0 0.402336 0.0510694 0.0266059 0.0505382 0.267487
0 0.927897 0.811789 0.0349541 0.131161 0.26722
0 0.578905 0.288285 0.0647396 0.188079 0.26703
0 0.474099 0.27242 0.0349596 0.204742 0.2643
0 0.349537 0.0650614 0.0277015 0.0559497 0.259466
0 0.47548 0.0318882 0.0223871 0.0493034 0.253387
