0 0.781127 0.372693 0.0292152 0.152009 0.678323
0 0.436579 0.74702 0.0457056 0.174106 0.670505
0 0.566545 0.336121 0.029316 0.152067 0.58579
0 0.672266 0.212389 0.0247099 0.0501876 0.538385
0 0.437672 0.827738 0.0415178 0.101219 0.534566
0 0.707218 0.297621 0.0337631 0.140589 0.533563
0 0.557134 0.443557 0.0559587 0.15879 0.505419
0 0.643075 0.297066 0.0355022 0.135173 0.460808
0 0.890503 0.270758 0.0265821 0.0494527 0.433914
0 0.491672 0.380564 0.0549379 0.131589 0.42778
0 0.817579 0.25168 0.0267918 0.0510946 0.392602
0 0.784213 0.245373 0.02146 0.0405928 0.370501
0 0.849457 0.26163 0.0268448 0.048048 0.36755
0 0.472945 0.47886 0.0445046 0.19271 0.344713
0 0.441305 0.429553 0.0323464 0.128897 0.343614
0 0.376424 0.8326 0.0319735 0.080513 0.314264
0 0.787722 0.246052 0.0205206 0.0438816 0.313078
0 0.47447 0.33469 0.0216772 0.0454193 0.294007
0 0.48614 0.358331 0.0456884 0.0938045 0.2877
0 0.442838 0.455104 0.0347982 0.181128 0.28067
0 0.440839 0.413157 0.0235201 0.0965742 0.271518
