0 0.814644 0.429309 0.0341858 0.146596 0.840467
0 0.465845 0.775164 0.0515512 0.21281 0.821339
0 0.577339 0.373778 0.0549009 0.142276 0.779349
0 0.694335 0.348219 0.020737 0.134542 0.719508
0 0.735973 0.315694 0.0297351 0.156458 0.619196
0 0.702083 0.235436 0.0237304 0.0466538 0.473748
0 0.211234 0.545757 0.0447033 0.165882 0.443454
0 0.450307 0.842483 0.0422623 0.0953989 0.442458
0 0.991371 0.318426 0.0165171 0.041071 0.43684
0 0.496581 0.450615 0.0352734 0.171807 0.434262
0 0.81974 0.269369 0.0221651 0.0436246 0.420423
0 0.928214 0.298331 0.0271919 0.04937 0.413188
0 0.852245 0.276431 0.0299954 0.0550379 0.391117
0 0.885612 0.287423 0.0273113 0.0487958 0.358802
0 0.607451 0.214465 0.0229372 0.0401479 0.356699
0 0.381326 0.491381 0.0281307 0.165735 0.346529
0 0.472897 0.411095 0.039907 0.124437 0.320998
