0 0.631657 0.322246 0.0548632 0.136896 0.692407
0 0.764076 0.414808 0.0647518 0.132445 0.635481
0 0.416018 0.423739 0.0367989 0.170432 0.501633
0 0.876561 0.334094 0.0284298 0.15512 0.499448
0 0.394075 0.590119 0.0337509 0.17342 0.485663
0 0.842448 0.245134 0.0230331 0.0461304 0.467852
0 0.839808 0.404377 0.0313912 0.156689 0.446825
0 0.347123 0.822601 0.0318263 0.108518 0.442618
0 0.802165 0.235023 0.0260167 0.0430791 0.433855
0 0.459998 0.830154 0.0451537 0.114594 0.352885
0 0.246727 0.832287 0.0262883 0.0751773 0.350471
0 0.316821 0.805283 0.0371086 0.139075 0.327479
0 0.867323 0.250365 0.0164194 0.0465966 0.308824
0 0.382113 0.849662 0.0360335 0.0586822 0.258659
0 0.285516 0.689567 0.0224755 0.198094 0.257603
