0 0.530616 0.396498 0.0371261 0.144692 0.774956
0 0.362202 0.448575 0.0441999 0.197274 0.762268
0 0.213011 0.3363 0.0382263 0.149694 0.695804
0 0.301407 0.353191 0.0353836 0.166632 0.673903
0 0.433396 0.249206 0.0276386 0.123686 0.64788
0 0.5841 0.460743 0.0221251 0.139473 0.631628
0 0.62821 0.759871 0.0594227 0.217885 0.503663
0 0.801875 0.545652 0.0252815 0.129149 0.50362
0 0.802085 0.530919 0.0304 0.162969 0.428639
0 0.241474 0.221997 0.0267417 0.0609699 0.425906
0 0.495748 0.352907 0.0380547 0.182245 0.402473
0 0.111247 0.251747 0.0173299 0.0536438 0.39779
0 0.0841685 0.261952 0.0193706 0.04985 0.396114
0 0.594417 0.598011 0.0513939 0.235057 0.365086
0 0.31775 0.268572 0.0230516 0.150671 0.350859
0 0.207941 0.583029 0.0468722 0.229709 0.349173
0 0.218689 0.887902 0.0507701 0.224197 0.30748
0 0.793318 0.479874 0.0195927 0.0725206 0.283923
0 0.581788 0.444922 0.0251494 0.130523 0.282193
0 0.912877 0.939549 0.037084 0.098161 0.281373
0 0.585911 0.453068 0.0295973 0.141469 0.271214
