0 0.894103 0.320231 0.0325266 0.167177 0.707295
0 0.790481 0.432307 0.0422921 0.161244 0.598433
0 0.844354 0.429756 0.0574171 0.15387 0.596313
0 0.434607 0.357895 0.0369626 0.160451 0.59367
0 0.724762 0.308745 0.0382632 0.116718 0.579378
0 0.789674 0.458688 0.0419929 0.106515 0.508374
0 0.480336 0.423275 0.038653 0.197361 0.507863
0 0.487995 0.82821 0.0423346 0.099022 0.431046
0 0.312594 0.691099 0.0436205 0.198706 0.399754
0 0.991363 0.275954 0.0165807 0.0509902 0.388025
0 0.607441 0.471411 0.0487884 0.161946 0.368656
0 0.61188 0.449806 0.0370313 0.118451 0.35264
0 0.934573 0.259259 0.020768 0.046552 0.339433
0 0.830128 0.233978 0.026625 0.0422591 0.335885
0 0.87079 0.244174 0.0280168 0.0512695 0.321615
0 0.334951 0.820223 0.0388491 0.119602 0.318836
0 0.655627 0.18596 0.0201872 0.0459105 0.311271
0 0.400102 0.849119 0.0368796 0.056238 0.29701
0 0.597973 0.173852 0.0215841 0.0462993 0.282661
0 0.560791 0.164726 0.022669 0.043678 0.273964
0 0.673189 0.309366 0.0331306 0.140362 0.265669
0 0.78896 0.39526 0.0369037 0.0906711 0.261633
0 0.416839 0.607583 0.0419054 0.180754 0.259601
