0 0.510374 0.350089 0.0254247 0.129456 0.827294
0 0.346584 0.571942 0.0448515 0.204062 0.757721
0 0.477357 0.493545 0.038389 0.144992 0.685485
0 0.478623 0.328436 0.019852 0.149403 0.678166
0 0.441343 0.594387 0.0444243 0.200423 0.563805
0 0.322274 0.289922 0.0189571 0.0386311 0.528772
0 0.713179 0.740745 0.0647104 0.193266 0.512858
0 0.636304 0.578551 0.0469576 0.200505 0.502519
0 0.206299 0.68661 0.0401346 0.206885 0.450251
0 0.371191 0.395612 0.0401585 0.131152 0.423636
0 0.395683 0.410812 0.0833609 0.170107 0.400369
0 0.0804026 0.349527 0.0270837 0.0562127 0.389931
0 0.412322 0.425068 0.0514835 0.142257 0.378074
0 0.827323 0.633877 0.0254408 0.12022 0.371123
0 0.764726 0.935393 0.0435747 0.0985769 0.343096
0 0.107006 0.345347 0.0238292 0.0402339 0.310128
0 0.477568 0.38596 0.0183699 0.0371993 0.306027
0 0.768151 0.847396 0.035918 0.145092 0.299991
0 0.794371 0.831478 0.0327194 0.0921139 0.254863
0 0.798922 0.921097 0.0361189 0.114225 0.25057
