0 0.830956 0.403619 0.0254526 0.140494 0.825433
0 0.874444 0.331397 0.0285301 0.146087 0.677228
0 0.618735 0.868684 0.032413 0.0732313 0.671242
0 0.488421 0.394742 0.0250128 0.0782116 0.607621
0 0.668369 0.310587 0.0443379 0.109632 0.598911
0 0.477228 0.51134 0.043981 0.171279 0.53035
0 0.933205 0.273993 0.0213025 0.0467674 0.483606
0 0.487701 0.406656 0.0276501 0.100837 0.453757
0 0.775306 0.232312 0.0253647 0.0445134 0.451769
0 0.364561 0.586857 0.0376748 0.169346 0.439144
0 0.59582 0.323929 0.0442003 0.147987 0.426992
0 0.428673 0.508226 0.0466602 0.188326 0.42163
0 0.301195 0.793007 0.0364507 0.116719 0.415434
0 0.747149 0.420828 0.0494274 0.138194 0.40268
0 0.323726 0.818834 0.039576 0.103342 0.353521
0 0.36239 0.84929 0.0371527 0.0616628 0.349593
0 0.812169 0.242978 0.0258974 0.0472387 0.320657
0 0.482075 0.49466 0.0419225 0.209646 0.29646
0 0.899155 0.259281 0.0236728 0.050562 0.288577
0 0.678205 0.303545 0.0208836 0.0931953 0.283792
0 0.515779 0.451586 0.0350012 0.167613 0.278419
0 0.271274 0.670849 0.0373542 0.204154 0.270125
0 0.141443 0.772105 0.0353366 0.131057 0.268805
0 0.481862 0.426672 0.03892 0.142262 0.268612
