0 0.781963 0.35584 0.0270935 0.15074 0.788759
0 0.670433 0.346132 0.042398 0.151244 0.765406
0 0.550697 0.806989 0.0428026 0.123157 0.712383
0 0.512498 0.745763 0.0512047 0.13673 0.700705
0 0.980198 0.36216 0.0392096 0.133325 0.675717
0 0.742968 0.420303 0.0393147 0.171181 0.559242
0 0.60635 0.152673 0.0227892 0.0459455 0.48278
0 0.472619 0.355711 0.0317129 0.147786 0.42025
0 0.886574 0.229606 0.0288944 0.0423247 0.395367
0 0.642024 0.671279 0.0468052 0.230849 0.378859
0 0.853947 0.221599 0.0266292 0.0452953 0.327342
0 0.559556 0.813435 0.0547463 0.113424 0.321815
0 0.929637 0.239618 0.0266721 0.0457657 0.281283
0 0.162965 0.435307 0.0258508 0.0901321 0.261725
0 0.702631 0.179175 0.0242314 0.0520757 0.261182
