0 0.735874 0.313544 0.039505 0.114792 0.822596
0 0.320882 0.702968 0.0602868 0.13835 0.807184
0 0.654862 0.526787 0.0476239 0.180025 0.667931
0 0.777018 0.432961 0.0399087 0.174758 0.641245
0 0.910463 0.329091 0.0389753 0.178964 0.617357
0 0.884896 0.244986 0.0294087 0.0520317 0.547417
0 0.431884 0.59781 0.043513 0.158246 0.535338
0 0.821927 0.410335 0.0323997 0.165727 0.525224
0 0.672013 0.31518 0.0384033 0.139307 0.517402
0 0.667799 0.183503 0.021673 0.0513129 0.516426
0 0.723686 0.528421 0.0439463 0.194309 0.507228
0 0.450537 0.337801 0.0343447 0.167876 0.490549
0 0.500058 0.829477 0.0448293 0.0975141 0.324796
0 0.571598 0.167216 0.0230134 0.0359335 0.282832
0 0.345463 0.817932 0.0360174 0.109382 0.254825
