0 0.408544 0.495465 0.0427907 0.149715 0.794425
0 0.403028 0.405438 0.0292874 0.128058 0.732331
0 0.480656 0.553143 0.0376461 0.156667 0.642892
0 0.331232 0.606817 0.0400063 0.173207 0.614351
0 0.46886 0.833381 0.0316737 0.0840958 0.570419
0 0.521526 0.339709 0.0319766 0.087674 0.509068
0 0.282883 0.564147 0.047341 0.177728 0.492259
0 0.637457 0.547734 0.0387965 0.14968 0.43785
0 0.348834 0.35092 0.0341095 0.163965 0.422125
0 0.773117 0.679259 0.0330906 0.132479 0.269033
0 0.380525 0.280162 0.018708 0.0396508 0.263463
0 0.642907 0.495935 0.0205432 0.0553048 0.252774
