0 0.590112 0.596188 0.0496294 0.190347 0.746235
0 0.187323 0.520635 0.0376 0.213416 0.69568
0 0.798078 0.547259 0.0441539 0.14119 0.679339
0 0.282737 0.359453 0.0468586 0.162086 0.622452
0 0.34538 0.448468 0.0792333 0.194696 0.607662
0 0.416455 0.277759 0.0264978 0.148219 0.581325
0 0.491029 0.356497 0.0514127 0.174102 0.540374
0 0.672128 0.743147 0.0651077 0.243378 0.477478
0 0.826936 0.9645 0.0427727 0.0674328 0.465478
0 0.228832 0.224297 0.0273353 0.0634692 0.461116
0 0.305012 0.27199 0.0211343 0.150426 0.439664
0 0.554912 0.41813 0.0482823 0.182542 0.431084
0 0.21574 0.329934 0.0354015 0.154612 0.428054
0 0.745779 0.791889 0.0355754 0.147866 0.396875
0 0.816951 0.792548 0.0387609 0.136876 0.363719
0 0.415094 0.319801 0.0226847 0.0660689 0.335708
0 0.807758 0.451993 0.0345598 0.119734 0.324997
0 0.866759 0.746511 0.0303604 0.121014 0.31384
0 0.262746 0.21794 0.0229177 0.0350197 0.288805
0 0.550286 0.391728 0.0382664 0.127792 0.283912
0 0.735979 0.916416 0.0369437 0.163825 0.276777
0 0.21121 0.306414 0.0260499 0.114961 0.269679
