0 0.407902 0.386585 0.0286762 0.126364 0.735993
0 0.393747 0.483977 0.0275457 0.131492 0.703819
0 0.354101 0.356095 0.0247689 0.130632 0.693889
0 0.528324 0.332136 0.0285551 0.0936205 0.674635
0 0.348179 0.578183 0.0322763 0.165048 0.560274
0 0.455285 0.826546 0.035439 0.104129 0.55177
0 0.482737 0.53602 0.0379195 0.151699 0.517608
0 0.262888 0.553615 0.0474708 0.16929 0.471383
0 0.63888 0.545625 0.0312694 0.167637 0.419635
0 0.864469 0.724923 0.0297596 0.0967473 0.302958
0 0.766781 0.757441 0.0322175 0.112479 0.291777
0 0.77227 0.664345 0.0362858 0.131755 0.258891
0 0.824616 0.759811 0.0293328 0.103986 0.255718
