0 0.403942 0.293294 0.0426029 0.137978 0.803904
0 0.782599 0.420263 0.0415199 0.139979 0.790064
0 0.667013 0.319058 0.0226465 0.129653 0.758007
0 0.384037 0.818539 0.0270376 0.114884 0.685269
0 0.0470454 0.619638 0.0644883 0.15994 0.58936
0 0.490518 0.766382 0.0746964 0.180719 0.586129
0 0.562936 0.241783 0.0276364 0.096415 0.503272
0 0.433431 0.495154 0.0481251 0.16573 0.473884
0 0.117926 0.843703 0.0416153 0.101588 0.470298
0 0.0564153 0.38738 0.0337674 0.14585 0.469194
0 0.664568 0.659768 0.0678678 0.194289 0.428999
0 0.0478964 0.794025 0.0384461 0.181315 0.372708
0 0.0927842 0.814686 0.0423325 0.155741 0.362957
0 0.991279 0.186001 0.0167761 0.0982498 0.357029
0 0.78346 0.389752 0.0381687 0.0771026 0.327604
0 0.328432 0.582353 0.0421637 0.199606 0.275602
0 0.566268 0.233986 0.0237311 0.0967646 0.257217
0 0.246761 0.123681 0.0254973 0.0386395 0.25241
