0 0.427411 0.569754 0.0419607 0.171999 0.764373
0 0.916658 0.687739 0.0388199 0.17232 0.7095
0 0.528651 0.322109 0.0254605 0.120852 0.709064
0 0.552532 0.765765 0.0587075 0.189757 0.701656
0 0.339338 0.267364 0.0195376 0.104968 0.585367
0 0.613773 0.642629 0.0662986 0.196083 0.557962
0 0.0604511 0.644273 0.0372299 0.181629 0.544866
0 0.629247 0.435378 0.0507751 0.164848 0.51751
0 0.486077 0.2399 0.0279778 0.094404 0.476404
0 0.337105 0.727387 0.0566674 0.0997638 0.382709
0 0.433591 0.519796 0.0326398 0.0715588 0.364888
0 0.412238 0.525765 0.0194672 0.0847027 0.342534
0 0.420652 0.555651 0.0359048 0.146644 0.341305
0 0.338004 0.678769 0.0591008 0.201961 0.31864
0 0.345673 0.663758 0.0472814 0.173796 0.2869
0 0.949976 0.849028 0.0205843 0.0736445 0.251689
