0 0.361669 0.450438 0.0466 0.192772 0.813531
0 0.200871 0.582804 0.0467681 0.23109 0.684695
0 0.299865 0.35491 0.0349621 0.167178 0.651302
0 0.209778 0.333226 0.0368242 0.161941 0.628484
0 0.435657 0.242179 0.0279743 0.141592 0.544804
0 0.233766 0.889098 0.0622192 0.221803 0.458355
0 0.239327 0.220351 0.0259552 0.0593063 0.454953
0 0.585086 0.479196 0.0244826 0.138685 0.39034
0 0.317135 0.270689 0.0216677 0.151801 0.349919
0 0.913152 0.941408 0.0377136 0.102815 0.340406
0 0.079674 0.262583 0.0201982 0.0491859 0.319174
0 0.809249 0.794691 0.0234753 0.0872963 0.257942
