0 0.0397741 0.491655 0.0470172 0.19546 0.763101
0 0.441471 0.651233 0.0537599 0.207941 0.657933
0 0.360633 0.473792 0.0311246 0.173747 0.644222
0 0.26407 0.359369 0.02343 0.164893 0.543394
0 0.0687725 0.336657 0.0197882 0.0524583 0.494604
0 0.217978 0.296403 0.0245152 0.047599 0.47991
0 0.349681 0.255855 0.0284586 0.0555576 0.471594
0 0.0323541 0.277898 0.0244792 0.0646299 0.463338
0 0.822094 0.915185 0.0443336 0.132319 0.394639
0 0.421006 0.236992 0.02239 0.0453945 0.3924
0 0.454726 0.549503 0.0371008 0.21786 0.392369
0 0.869845 0.86894 0.0408646 0.131707 0.369124
0 0.377262 0.246072 0.0229615 0.0556366 0.32343
0 0.0358495 0.342339 0.0243653 0.0612826 0.312929
0 0.741296 0.905629 0.0346339 0.128875 0.312327
0 0.799873 0.624899 0.0489867 0.220512 0.308109
0 0.0950485 0.325943 0.0198191 0.0495484 0.303496
0 0.180392 0.30601 0.027544 0.0527325 0.298343
0 0.413193 0.426979 0.0499599 0.180937 0.293464
0 0.80535 0.609024 0.0516392 0.259551 0.282064
0 0.396061 0.423882 0.0437563 0.190539 0.279397
