0 0.570905 0.545254 0.0547817 0.193122 0.723971
0 0.408433 0.291477 0.028234 0.137973 0.690441
0 0.182087 0.5246 0.039336 0.204827 0.671718
0 0.301985 0.272202 0.0209686 0.151865 0.616502
0 0.223776 0.224857 0.0265634 0.0602233 0.608111
0 0.281792 0.351035 0.0366735 0.154675 0.603275
0 0.489484 0.364469 0.0491659 0.159061 0.600419
0 0.347236 0.446185 0.0739244 0.198706 0.480192
0 0.740521 0.790946 0.0330591 0.150172 0.427528
0 0.545847 0.386547 0.0321949 0.133314 0.420863
0 0.812099 0.791227 0.0377724 0.135186 0.399436
0 0.777428 0.478244 0.0269088 0.0938039 0.359565
0 0.209968 0.321675 0.0413928 0.166923 0.359478
0 0.732887 0.886582 0.0352964 0.111033 0.331911
0 0.122456 0.248873 0.0210093 0.0530233 0.31443
0 0.799218 0.550065 0.0300203 0.139909 0.311525
0 0.206438 0.201911 0.0210765 0.10956 0.307386
0 0.258329 0.216553 0.0217315 0.0410409 0.285441
