0 0.48544 0.358223 0.0327711 0.184149 0.657854
0 0.631113 0.562035 0.04743 0.224971 0.624113
0 0.537766 0.501979 0.0380243 0.174918 0.574578
0 0.441086 0.34859 0.0267259 0.153596 0.464423
0 0.391173 0.229058 0.0281887 0.0545355 0.46435
0 0.406985 0.416819 0.0457211 0.172949 0.447597
0 0.571085 0.766155 0.0659512 0.203741 0.406297
0 0.427095 0.552594 0.0380459 0.1485 0.394211
0 0.736433 0.467614 0.0458729 0.105016 0.309604
0 0.258506 0.265824 0.0236819 0.0476554 0.28972
0 0.911914 0.498948 0.0340832 0.0946357 0.273717
0 0.826718 0.960592 0.0406307 0.0741609 0.272448
0 0.785661 0.910813 0.0475039 0.169124 0.268195
0 0.815479 0.904907 0.0455362 0.127407 0.255061
