0 0.751721 0.322767 0.0415544 0.123454 0.820907
0 0.457542 0.575124 0.0444013 0.159614 0.741046
0 0.603309 0.549838 0.0505094 0.151963 0.73906
0 0.612986 0.240811 0.0325878 0.143979 0.721517
0 0.401593 0.738385 0.0584599 0.180478 0.679828
0 0.503436 0.318532 0.0419523 0.147343 0.677407
0 0.615072 0.415079 0.0334897 0.147369 0.576447
0 0.656815 0.543489 0.0424787 0.159691 0.553858
0 0.445909 0.348365 0.0412192 0.148436 0.522357
0 0.790411 0.203203 0.0284234 0.0551351 0.467584
0 0.863732 0.221113 0.0257366 0.0495994 0.453317
0 0.384429 0.831237 0.0335664 0.0782049 0.441385
0 0.927609 0.238819 0.0227463 0.0470732 0.41368
0 0.382668 0.406682 0.0299246 0.18335 0.38356
0 0.645143 0.167533 0.0210255 0.0455879 0.339131
0 0.430909 0.817769 0.0466887 0.123729 0.29789
0 0.990063 0.251292 0.0191416 0.0495143 0.294355
0 0.656504 0.526529 0.0375703 0.123933 0.285183
0 0.823389 0.214467 0.02793 0.0445205 0.274812
0 0.729457 0.195298 0.0255688 0.0440136 0.25218
