0 0.496929 0.650679 0.0468262 0.198199 0.802436
0 0.298429 0.422118 0.04516 0.160465 0.7218
0 0.44159 0.415332 0.0471398 0.1653 0.654081
0 0.138276 0.434192 0.0463501 0.176973 0.634454
0 0.56606 0.573274 0.0295936 0.178203 0.559582
0 0.396332 0.547714 0.0358822 0.207245 0.559246
0 0.479176 0.447712 0.0332399 0.158752 0.511117
0 0.781182 0.588858 0.02825 0.217965 0.438999
0 0.210509 0.293813 0.027201 0.0590797 0.39981
0 0.594842 0.725421 0.041162 0.227976 0.342202
0 0.566832 0.529288 0.0279899 0.113726 0.308066
0 0.914401 0.58028 0.027399 0.1272 0.297391
0 0.245762 0.287115 0.0220064 0.0413041 0.281211
0 0.810434 0.526858 0.0343626 0.121793 0.267387
0 0.789977 0.466157 0.0268034 0.0636282 0.26638
0 0.106301 0.321304 0.0218386 0.0530207 0.260467
0 0.897288 0.541049 0.02547 0.0956746 0.260401
0 0.0696403 0.264801 0.0236696 0.0739599 0.256172
0 0.740558 0.881058 0.0354501 0.14106 0.255534
0 0.781607 0.626516 0.0218631 0.130341 0.254358
0 0.416506 0.315597 0.0170113 0.144638 0.252552
0 0.370937 0.24649 0.0272966 0.0534922 0.252435
