0 0.563032 0.621082 0.0474361 0.188976 0.809644
0 0.80614 0.426923 0.0283861 0.159031 0.675503
0 0.276439 0.636851 0.0534178 0.198306 0.651687
0 0.671981 0.315216 0.0246201 0.14912 0.611661
0 0.406567 0.444201 0.0247347 0.170303 0.6082
0 0.703188 0.43698 0.0487789 0.141189 0.516614
0 0.552132 0.340724 0.0323489 0.148047 0.490043
0 0.227736 0.806004 0.0372767 0.158077 0.482857
0 0.306198 0.562939 0.0362384 0.159918 0.480269
0 0.855249 0.352784 0.0452774 0.150701 0.468477
0 0.478032 0.84168 0.0281043 0.0860429 0.4629
0 0.423672 0.458084 0.024122 0.183676 0.459104
0 0.671369 0.340065 0.0251345 0.0987847 0.436189
0 0.832893 0.255271 0.0216999 0.0432539 0.395555
0 0.260965 0.827206 0.0326355 0.103481 0.331536
0 0.403462 0.447929 0.0348309 0.182381 0.320087
0 0.412774 0.825796 0.0426976 0.157141 0.303495
0 0.140916 0.774771 0.0367963 0.0786878 0.298275
0 0.260763 0.813215 0.0308338 0.0753669 0.264542
0 0.810159 0.404229 0.0212362 0.110018 0.258094
0 0.363853 0.870781 0.036473 0.0713676 0.256801
0 0.0699755 0.761305 0.0340908 0.0865367 0.253877
0 0.50161 0.522006 0.0533898 0.175891 0.250022
