0 0.729333 0.316896 0.038438 0.106481 0.805521
0 0.624116 0.492384 0.0421522 0.179313 0.630828
0 0.843471 0.430403 0.0625663 0.155727 0.563389
0 0.424884 0.605674 0.0370007 0.17885 0.530131
0 0.697036 0.490034 0.0650387 0.188454 0.524446
0 0.439278 0.349489 0.0335541 0.159234 0.52161
0 0.899051 0.319709 0.0319176 0.163746 0.517428
0 0.788205 0.430059 0.0376944 0.151785 0.500443
0 0.403639 0.850455 0.03664 0.0579745 0.373726
0 0.338119 0.81545 0.0370686 0.10568 0.3629
0 0.313345 0.694392 0.0456158 0.182513 0.34212
0 0.674588 0.309126 0.0340006 0.13522 0.334686
0 0.264717 0.834727 0.0283866 0.0805507 0.309808
0 0.83582 0.234176 0.0273864 0.0413057 0.29927
0 0.493962 0.82875 0.0443872 0.0976977 0.294697
0 0.875522 0.243174 0.0271008 0.0505991 0.293371
0 0.484237 0.422324 0.037628 0.198588 0.291904
0 0.803173 0.227268 0.0296465 0.0475243 0.277209
0 0.941146 0.261403 0.0225137 0.0448522 0.257841
