0 0.491852 0.778567 0.0794899 0.191754 0.836864
0 0.59118 0.226534 0.0169974 0.125971 0.765599
0 0.641232 0.329726 0.0304125 0.124484 0.722475
0 0.348467 0.816638 0.0254374 0.120539 0.632233
0 0.0578996 0.634597 0.0406403 0.16607 0.558384
0 0.32335 0.60591 0.0429529 0.176813 0.54
0 0.510084 0.779353 0.0434794 0.189241 0.48467
0 0.429715 0.520955 0.0645298 0.176139 0.477532
0 0.738277 0.435842 0.0581878 0.165223 0.374184
0 0.0424379 0.824427 0.0288781 0.155914 0.372669
0 0.399133 0.287531 0.0274236 0.131811 0.362433
0 0.194601 0.142671 0.0227329 0.0325542 0.296572
0 0.161646 0.869836 0.0389713 0.116212 0.270997
