0 0.508342 0.607556 0.0461923 0.157453 0.767184
0 0.882331 0.696083 0.0317312 0.109671 0.757573
0 0.908461 0.706014 0.028314 0.0904317 0.744641
0 0.504667 0.36173 0.0418377 0.0925816 0.717038
0 0.541782 0.243264 0.022258 0.112584 0.704871
0 0.666894 0.710863 0.0675064 0.185113 0.687571
0 0.164177 0.883097 0.0450355 0.184372 0.645383
0 0.356771 0.295428 0.0305247 0.122291 0.615726
0 0.426458 0.242939 0.021522 0.123395 0.61332
0 0.913241 0.572093 0.029566 0.149212 0.604504
0 0.98547 0.680295 0.0279223 0.106582 0.553912
0 0.178817 0.601391 0.0344676 0.164979 0.53146
0 0.659073 0.597874 0.0264689 0.103565 0.502006
0 0.127236 0.886241 0.0395342 0.217364 0.488986
0 0.0263768 0.495633 0.0444778 0.160432 0.469866
0 0.883453 0.678719 0.0272076 0.0790467 0.43146
0 0.656959 0.6289 0.0315049 0.163562 0.408458
0 0.44611 0.680279 0.0598411 0.187642 0.37858
0 0.841024 0.833284 0.0304642 0.094309 0.37855
0 0.599818 0.438006 0.030265 0.150596 0.337543
0 0.951716 0.712174 0.0269253 0.102756 0.315093
0 0.814701 0.775422 0.0155504 0.0293754 0.283239
0 0.838593 0.760214 0.0198963 0.039172 0.277988
0 0.808541 0.840389 0.0279745 0.0881455 0.260248
