0 0.825663 0.969757 0.0703569 0.0602528 0.727986
0 0.729207 0.280336 0.0569839 0.10546 0.646494
0 0.377606 0.504299 0.0531033 0.161203 0.613966
0 0.449693 0.459739 0.0477045 0.124707 0.607797
0 0.599921 0.330469 0.0558254 0.130867 0.58525
0 0.348358 0.844459 0.0360543 0.0577032 0.582273
0 0.78697 0.372751 0.0388747 0.160331 0.509441
0 0.30998 0.820304 0.0385182 0.099873 0.433176
0 0.608648 0.330143 0.0365078 0.131049 0.42178
0 0.399146 0.719737 0.0815531 0.162301 0.383843
0 0.902943 0.491449 0.0824062 0.168954 0.361993
0 0.207924 0.841547 0.0294505 0.1012 0.360682
0 0.10102 0.755875 0.0265592 0.0964055 0.353978
0 0.461067 0.348261 0.0557713 0.139053 0.298654
0 0.275282 0.787906 0.0403806 0.134128 0.279566
