0 0.757288 0.562435 0.045802 0.198987 0.722776
0 0.466065 0.31438 0.0232598 0.150577 0.70459
0 0.662582 0.532576 0.0599715 0.175631 0.674939
0 0.936843 0.334 0.0349781 0.165967 0.537543
0 0.677573 0.329936 0.0472504 0.16028 0.521598
0 0.791906 0.404836 0.0337947 0.167518 0.521062
0 0.407074 0.748103 0.0547767 0.178787 0.511916
0 0.746712 0.302424 0.0374875 0.102863 0.492726
0 0.748163 0.408823 0.0450852 0.16381 0.473746
0 0.679147 0.178736 0.0207498 0.0516505 0.441037
0 0.49612 0.38448 0.0340508 0.183913 0.379643
0 0.453517 0.624795 0.0410635 0.178759 0.378678
0 0.513227 0.142194 0.0208475 0.0427023 0.360845
0 0.378893 0.819817 0.035672 0.110986 0.34163
0 0.734354 0.938077 0.0317845 0.123845 0.339295
0 0.582933 0.158817 0.0216467 0.0397459 0.259668
0 0.505138 0.827961 0.0426588 0.0951728 0.252427
