0 0.603046 0.43408 0.0499795 0.114055 0.777424
0 0.532097 0.303402 0.0240807 0.132695 0.682117
0 0.709855 0.265851 0.0286253 0.138091 0.663368
0 0.750741 0.32532 0.032147 0.141446 0.60644
0 0.38995 0.834225 0.0346324 0.0765326 0.593455
0 0.407486 0.396293 0.0241986 0.175506 0.584541
0 0.461005 0.345986 0.0558377 0.14063 0.576449
0 0.422166 0.566642 0.0458954 0.154647 0.531065
0 0.42237 0.725191 0.0432537 0.157073 0.528843
0 0.583507 0.49282 0.0616588 0.172591 0.521551
0 0.6192 0.243561 0.031876 0.152586 0.415762
0 0.166249 0.30987 0.0232239 0.0699702 0.345484
0 0.929595 0.247764 0.0244173 0.0444252 0.338747
0 0.65009 0.174869 0.0236939 0.0494389 0.316824
0 0.794839 0.212954 0.0249483 0.0516707 0.304745
0 0.353787 0.819656 0.0349599 0.117557 0.282164
0 0.825447 0.223072 0.0239243 0.04632 0.281834
0 0.138859 0.335326 0.0257969 0.0825028 0.277846
0 0.219032 0.458161 0.0372176 0.156152 0.277226
0 0.443722 0.817992 0.0458187 0.119355 0.254324
0 0.25373 0.829093 0.0327742 0.0916669 0.25014
0 0.406914 0.363376 0.024434 0.112305 0.250098
