0 0.489528 0.327296 0.0360199 0.214533 0.580383
0 0.246432 0.250527 0.0611578 0.189918 0.574406
0 0.88766 0.541048 0.0300773 0.173241 0.533589
0 0.439047 0.547693 0.0391939 0.192501 0.522086
0 0.223789 0.142381 0.0295092 0.0615865 0.468803
0 0.0146765 0.618323 0.0288593 0.186227 0.43218
0 0.570878 0.315483 0.0342684 0.165581 0.415368
0 0.799076 0.911272 0.0555369 0.130817 0.392723
0 0.265972 0.085899 0.0197245 0.0671468 0.372136
0 0.283642 0.0750469 0.0201057 0.05302 0.348196
0 0.261834 0.155726 0.0242496 0.0798845 0.340598
0 0.544831 0.331069 0.0304318 0.186469 0.329941
0 0.108611 0.176304 0.0242185 0.0538359 0.307428
0 0.22408 0.16555 0.0316737 0.105426 0.286746
0 0.962766 0.923248 0.0464837 0.111638 0.262725
0 0.432748 0.0925397 0.0228327 0.045553 0.250671
