0 0.302127 0.437222 0.0396275 0.15948 0.60451
0 0.366518 0.385837 0.0305141 0.165503 0.57255
0 0.414306 0.430956 0.0305104 0.123166 0.563981
0 0.243931 0.319676 0.0412003 0.169685 0.549354
0 0.585328 0.608003 0.0553066 0.211991 0.49501
0 0.546358 0.465952 0.0316105 0.207413 0.471571
0 0.202567 0.25655 0.0249287 0.0434137 0.444003
0 0.417626 0.616759 0.0359433 0.217553 0.362698
0 0.0439867 0.295787 0.0296191 0.0587187 0.290611
0 0.341393 0.211836 0.0280662 0.0577166 0.28472
0 0.246736 0.204633 0.0244348 0.0886122 0.274177
0 0.885433 0.856823 0.0439678 0.139193 0.258524
