0 0.513978 0.745766 0.0543016 0.13853 0.754453
0 0.670936 0.345971 0.0427483 0.149465 0.748121
0 0.553238 0.811726 0.0389206 0.116083 0.713061
0 0.980186 0.362984 0.0391793 0.131598 0.704957
0 0.782862 0.357334 0.0263613 0.159689 0.693351
0 0.743642 0.418453 0.0418553 0.173236 0.549618
0 0.606077 0.15309 0.0225274 0.0454088 0.484271
0 0.778712 0.354862 0.0383085 0.166863 0.468723
0 0.886617 0.229866 0.0289196 0.0421389 0.385672
0 0.47641 0.337224 0.0390938 0.18956 0.378664
0 0.643925 0.666697 0.0483611 0.225263 0.36647
0 0.853834 0.221566 0.0264881 0.0455786 0.316425
0 0.929536 0.239545 0.0265558 0.046038 0.298969
0 0.702641 0.178516 0.0246803 0.0535293 0.290536
0 0.162979 0.434299 0.025771 0.0891267 0.261276
