0 0.813811 0.427039 0.0323359 0.141815 0.834728
0 0.464078 0.774915 0.0508674 0.213394 0.815921
0 0.577053 0.373183 0.0550015 0.142183 0.776405
0 0.693449 0.346702 0.0218052 0.134772 0.69759
0 0.73534 0.316369 0.0292173 0.152892 0.693154
0 0.474447 0.41599 0.0412346 0.138822 0.470494
0 0.70139 0.234081 0.0224756 0.0485028 0.466452
0 0.927334 0.296657 0.0271084 0.0491569 0.454117
0 0.450801 0.843038 0.0419376 0.0962044 0.45222
0 0.851646 0.27666 0.0306251 0.0543316 0.450974
0 0.211004 0.543877 0.0450879 0.167141 0.444783
0 0.383617 0.489226 0.0249914 0.171721 0.429495
0 0.991224 0.318181 0.016786 0.0398054 0.42659
0 0.818546 0.269435 0.0224964 0.0429608 0.424502
0 0.499795 0.44982 0.0305137 0.173122 0.419875
0 0.885523 0.286735 0.028887 0.0502388 0.415712
0 0.606844 0.214331 0.0230435 0.0402158 0.337948
0 0.431179 0.372586 0.0261057 0.079616 0.325374
0 0.432762 0.435632 0.030382 0.203657 0.32467
0 0.432527 0.389318 0.0313422 0.111613 0.30089
0 0.476159 0.391188 0.0319309 0.0898664 0.278735
0 0.382584 0.488201 0.0366253 0.178749 0.262236
