0 0.281248 0.178804 0.0454169 0.16706 0.666541
0 0.21802 0.21362 0.0291402 0.206163 0.528537
0 0.882715 0.49379 0.0358662 0.204321 0.419546
0 0.539509 0.317755 0.0283149 0.180635 0.379315
0 0.266369 0.0603154 0.0197886 0.068211 0.356022
0 0.401382 0.0724232 0.0289145 0.0529052 0.322034
0 0.042499 0.16321 0.0274795 0.0614079 0.316521
0 0.589754 0.303998 0.0243273 0.149266 0.315191
0 0.107042 0.148647 0.0222093 0.0524063 0.307272
0 0.430286 0.0630696 0.0231735 0.0550171 0.30569
0 0.462045 0.569055 0.0608684 0.20868 0.296743
0 0.975147 0.54943 0.0483215 0.107494 0.281199
0 0.349252 0.847765 0.0503776 0.0843563 0.279906
