0 0.510942 0.448133 0.0518473 0.1964 0.722612
0 0.615921 0.526752 0.0611086 0.209833 0.617917
0 0.368771 0.332832 0.0564429 0.172604 0.613606
0 0.532345 0.336381 0.0304253 0.17928 0.594987
0 0.262757 0.223163 0.0264243 0.0538847 0.593753
0 0.916906 0.624612 0.0426111 0.221366 0.544874
0 0.573765 0.253922 0.026109 0.0689512 0.476957
0 0.98715 0.67774 0.025116 0.108864 0.438857
0 0.403453 0.185801 0.0300912 0.0552006 0.435732
0 0.282126 0.163794 0.0210582 0.0593075 0.429554
0 0.264903 0.172376 0.020477 0.0634911 0.366593
0 0.389742 0.132724 0.0246815 0.0776598 0.348441
0 0.595164 0.452774 0.0401472 0.14761 0.33773
0 0.0623608 0.199015 0.0314222 0.0778171 0.316632
0 0.766801 0.352854 0.0300631 0.0945095 0.313452
0 0.230781 0.303132 0.0225283 0.182281 0.31157
0 0.587756 0.378027 0.0391152 0.135956 0.310816
0 0.818151 0.90796 0.051165 0.172412 0.309174
0 0.375656 0.186862 0.0252565 0.064906 0.27591
0 0.910207 0.943106 0.0466301 0.104317 0.274681
0 0.98979 0.67162 0.0197519 0.0959772 0.27005
0 0.53109 0.307586 0.0260623 0.119581 0.259746
0 0.597939 0.376371 0.0583099 0.145562 0.255296
0 0.430047 0.182852 0.0204569 0.0442811 0.253397
