0 0.510093 0.350347 0.0255688 0.131515 0.810651
0 0.348098 0.571101 0.0481834 0.205556 0.796581
0 0.477592 0.327987 0.0200426 0.153661 0.727968
0 0.479211 0.50014 0.0407619 0.158494 0.676107
0 0.830139 0.637156 0.0271973 0.114294 0.668507
0 0.202631 0.689417 0.0408739 0.214731 0.64952
0 0.636282 0.58166 0.0484735 0.201115 0.636429
0 0.441569 0.593666 0.0452024 0.201319 0.54249
0 0.71027 0.743041 0.0642443 0.192879 0.522135
0 0.3989 0.410492 0.0783464 0.170566 0.471467
0 0.830609 0.614895 0.0287301 0.159467 0.470163
0 0.768443 0.847484 0.037316 0.143777 0.405551
0 0.32117 0.287197 0.0209393 0.0446521 0.365566
0 0.795754 0.838713 0.0316412 0.101942 0.337952
0 0.409101 0.41746 0.0629629 0.15851 0.299971
0 0.375197 0.391321 0.044135 0.132789 0.290971
0 0.144943 0.33598 0.0193298 0.0456344 0.279199
0 0.765986 0.939115 0.042598 0.0946937 0.273759
0 0.47685 0.3802 0.0186819 0.0521661 0.264902
0 0.10471 0.345596 0.0231308 0.0383658 0.261972
