0 0.448984 0.468609 0.0387865 0.150792 0.81332
0 0.889566 0.963019 0.0592146 0.0739627 0.743145
0 0.441849 0.327633 0.0574787 0.151738 0.694138
0 0.349751 0.53353 0.0600829 0.179145 0.588616
0 0.757412 0.321472 0.0243351 0.0842719 0.451845
0 0.744242 0.352531 0.0520879 0.142371 0.445105
0 0.597094 0.292323 0.041168 0.133767 0.441998
0 0.134922 0.836791 0.0389643 0.094152 0.382549
0 0.0713216 0.637257 0.0367215 0.187562 0.375362
0 0.513965 0.843275 0.0306005 0.0599182 0.373537
0 0.428052 0.121632 0.0257549 0.0464103 0.355792
0 0.420984 0.743872 0.0898565 0.170143 0.343849
0 0.743657 0.370777 0.0454418 0.109673 0.324888
0 0.23736 0.836962 0.0362247 0.161675 0.279341
