0 0.333476 0.458478 0.0422569 0.156869 0.797955
0 0.473897 0.652738 0.0510497 0.215422 0.720788
0 0.0925524 0.480234 0.0410032 0.189323 0.625498
0 0.788242 0.657804 0.0248835 0.128392 0.599534
0 0.428949 0.563741 0.0392094 0.207963 0.577187
0 0.278984 0.362691 0.0257785 0.171949 0.540314
0 0.740057 0.90452 0.0345698 0.135561 0.436543
0 0.233035 0.308431 0.0222106 0.0404175 0.381835
0 0.417403 0.317148 0.0240657 0.141638 0.365201
0 0.0908019 0.343555 0.0176597 0.0493288 0.355095
0 0.390388 0.260612 0.0264157 0.047715 0.33395
0 0.0545324 0.350672 0.0202505 0.0622496 0.289233
0 0.431926 0.426438 0.0314287 0.106172 0.284498
0 0.743407 0.455926 0.0313766 0.0726413 0.25575
