0 0.662545 0.53376 0.0549663 0.171948 0.823576
0 0.803197 0.409161 0.034956 0.154246 0.743683
0 0.744432 0.549201 0.038327 0.187337 0.737628
0 0.761284 0.417093 0.0392821 0.167486 0.638883
0 0.7444 0.310909 0.0360853 0.0861828 0.578122
0 0.455411 0.327863 0.0317085 0.165518 0.536993
0 0.731093 0.937923 0.0261857 0.124154 0.513442
0 0.921104 0.32968 0.0443098 0.175701 0.495846
0 0.674977 0.315694 0.0419514 0.145759 0.470698
0 0.366397 0.727319 0.0433028 0.123026 0.457845
0 0.491469 0.392922 0.0306528 0.183041 0.420787
0 0.438129 0.604957 0.0430714 0.123509 0.415693
0 0.413814 0.850032 0.0374711 0.0570161 0.362148
0 0.271243 0.837912 0.0326202 0.0916127 0.348394
0 0.891653 0.240084 0.0250778 0.0475939 0.341006
0 0.447658 0.60503 0.0595858 0.122639 0.336757
0 0.849863 0.232179 0.0281829 0.0413439 0.312041
0 0.50418 0.827745 0.044593 0.0979679 0.291318
0 0.374476 0.821487 0.0359361 0.108557 0.281451
