0 0.339497 0.264103 0.0188367 0.105145 0.646057
0 0.535289 0.321554 0.0261461 0.116958 0.588075
0 0.91555 0.704461 0.0498112 0.178449 0.539667
0 0.343837 0.678038 0.0627212 0.201338 0.530634
0 0.0472213 0.640036 0.0575621 0.174212 0.528601
0 0.993589 0.82676 0.0122643 0.0375332 0.513679
0 0.635354 0.433478 0.0533944 0.167642 0.503127
0 0.615166 0.637701 0.0752529 0.190591 0.500852
0 0.423476 0.567172 0.0577885 0.173411 0.462554
0 0.0574945 0.639583 0.0368141 0.173906 0.461153
0 0.218708 0.824423 0.0331223 0.205517 0.2867
0 0.337309 0.271959 0.0253157 0.1198 0.26223
