0 0.512502 0.359387 0.0436792 0.0943748 0.798333
0 0.657731 0.617257 0.029417 0.150478 0.650181
0 0.507247 0.614401 0.0517658 0.160079 0.582608
0 0.541183 0.239231 0.0276868 0.1128 0.575597
0 0.0188526 0.501779 0.0333114 0.157149 0.570655
0 0.889548 0.700352 0.0350021 0.111668 0.562787
0 0.131778 0.879543 0.0358186 0.215995 0.550931
0 0.917163 0.57666 0.0283173 0.147941 0.545113
0 0.66071 0.720077 0.0664688 0.196495 0.537014
0 0.163467 0.606422 0.0389892 0.164828 0.526743
0 0.35606 0.296301 0.0304669 0.12083 0.5022
0 0.450334 0.67831 0.0594469 0.173656 0.501973
0 0.429492 0.244624 0.0182286 0.120927 0.499518
0 0.15704 0.885811 0.0374467 0.175267 0.428523
0 0.991383 0.684134 0.0166287 0.117529 0.364175
0 0.916534 0.710562 0.0308994 0.0967718 0.31142
0 0.605139 0.440301 0.0271395 0.152131 0.304086
0 0.171966 0.230815 0.019786 0.0471508 0.287414
0 0.659565 0.585976 0.0259206 0.0871647 0.278252
0 0.848623 0.831341 0.0329701 0.0954445 0.256297
