0 0.209652 0.469403 0.0458776 0.188847 0.786364
0 0.206812 0.282264 0.0407643 0.158922 0.671097
0 0.401692 0.35 0.0521232 0.146846 0.641602
0 0.449732 0.570586 0.0465139 0.184672 0.612775
0 0.58413 0.383337 0.0402308 0.169462 0.590102
0 0.319984 0.203891 0.0242923 0.150714 0.518536
0 0.48407 0.300174 0.0328981 0.170336 0.478026
0 0.4107 0.552463 0.0680712 0.194605 0.458477
0 0.475143 0.467165 0.0640524 0.163282 0.359125
0 0.242919 0.149243 0.0263495 0.0540814 0.312735
0 0.828014 0.717381 0.0334019 0.12353 0.309976
0 0.904937 0.861024 0.0345764 0.104701 0.286692
0 0.755096 0.72518 0.0396815 0.151492 0.281267
0 0.835391 0.488215 0.0338158 0.187745 0.257664
