0 0.64974 0.301147 0.0370225 0.128222 0.70734
0 0.710647 0.293167 0.0287254 0.15063 0.697828
0 0.577485 0.371056 0.0187551 0.0681908 0.630238
0 0.544388 0.441703 0.0370673 0.175432 0.618388
0 0.786672 0.378065 0.0279718 0.144162 0.605379
0 0.435757 0.737876 0.0469717 0.158894 0.598087
0 0.792341 0.248389 0.0237964 0.0457683 0.566038
0 0.571653 0.314882 0.0239858 0.0972849 0.547828
0 0.576891 0.371979 0.0201461 0.0946397 0.509864
0 0.573524 0.336686 0.0255865 0.132642 0.50823
0 0.492417 0.377553 0.0477763 0.127063 0.42412
0 0.578916 0.406764 0.0159148 0.022947 0.390694
0 0.676983 0.216376 0.0226614 0.0523761 0.380497
0 0.855915 0.26447 0.0270153 0.0484996 0.357356
0 0.435026 0.825997 0.0402487 0.102393 0.339434
0 0.48846 0.365336 0.04033 0.104497 0.335661
0 0.822493 0.255698 0.0300331 0.0546128 0.319188
0 0.896748 0.275597 0.0261604 0.0479145 0.315356
0 0.277971 0.865118 0.0302339 0.0913575 0.306892
0 0.958018 0.292742 0.023435 0.0414635 0.288832
0 0.437779 0.415041 0.0362772 0.114412 0.258282
0 0.76048 0.241767 0.0271166 0.0502625 0.251229
