0 0.389239 0.803515 0.0486066 0.129427 0.554491
0 0.531729 0.321628 0.030424 0.147358 0.540467
0 0.260575 0.222956 0.0269204 0.0534399 0.520443
0 0.401659 0.183144 0.0304483 0.0573758 0.496243
0 0.314164 0.319317 0.0480188 0.194446 0.46323
0 0.598899 0.512147 0.0501787 0.210596 0.4544
0 0.909027 0.610867 0.0403473 0.239464 0.44713
0 0.986362 0.67593 0.0266639 0.109992 0.42663
0 0.765024 0.348374 0.030912 0.0836363 0.354819
0 0.503431 0.431846 0.0661089 0.207376 0.353559
0 0.281213 0.163068 0.0221178 0.0591474 0.323187
0 0.263417 0.171056 0.0197541 0.0628895 0.304873
0 0.216544 0.243705 0.0239538 0.0859011 0.304414
0 0.232096 0.301535 0.0237533 0.179485 0.295521
0 0.060931 0.201078 0.0309906 0.0738633 0.285131
0 0.388525 0.130104 0.0237593 0.0761999 0.276585
0 0.430159 0.179219 0.0226279 0.0453053 0.265711
0 0.245583 0.162677 0.0200642 0.0599852 0.259668
0 0.374367 0.186352 0.0259567 0.0651974 0.253853
