0 0.566133 0.616257 0.0472277 0.207062 0.733544
0 0.369121 0.458638 0.0340694 0.193446 0.61671
0 0.295688 0.365952 0.0390978 0.1574 0.616045
0 0.434263 0.246879 0.0369291 0.139497 0.610227
0 0.75441 0.806163 0.0319123 0.142471 0.592723
0 0.577102 0.48681 0.0297075 0.168421 0.577268
0 0.233706 0.224023 0.0259146 0.0521142 0.520846
0 0.191233 0.347038 0.0246862 0.170598 0.45135
0 0.74243 0.901006 0.0550192 0.106986 0.427936
0 0.268461 0.21904 0.0223339 0.0428187 0.412709
0 0.391055 0.181951 0.0262651 0.0482312 0.369995
0 0.31165 0.263707 0.0195073 0.119232 0.350894
0 0.132296 0.252296 0.0185602 0.0501211 0.326464
0 0.739219 0.876118 0.0615101 0.165698 0.325612
0 0.752909 0.831347 0.0376804 0.119299 0.308704
0 0.299136 0.359092 0.0305705 0.137587 0.305369
0 0.41742 0.17731 0.0201329 0.0461429 0.291947
0 0.504046 0.384505 0.0343149 0.173633 0.291364
0 0.771384 0.815818 0.0474962 0.135634 0.281154
0 0.492456 0.297727 0.0170681 0.0602014 0.267621
0 0.865904 0.461452 0.0345426 0.159415 0.265966
0 0.0734638 0.270429 0.0177904 0.0507663 0.263454
0 0.197795 0.216846 0.0175847 0.1076 0.2598
0 0.0969978 0.199234 0.0246447 0.0713193 0.258188
0 0.910247 0.946835 0.036359 0.104036 0.250457
