0 0.680226 0.331145 0.0223747 0.143911 0.701017
0 0.483438 0.400107 0.0319628 0.137582 0.681296
0 0.580519 0.362598 0.0352821 0.155723 0.677219
0 0.803663 0.410347 0.0293947 0.133775 0.660307
0 0.453114 0.772401 0.056199 0.215612 0.615997
0 0.514831 0.449733 0.0567881 0.169557 0.608646
0 0.725619 0.310428 0.0284633 0.144705 0.589249
0 0.874164 0.280163 0.0273891 0.0459775 0.550238
0 0.44073 0.832366 0.0397852 0.0927478 0.417706
0 0.215264 0.540405 0.0378277 0.164769 0.410178
0 0.192532 0.510418 0.0226201 0.0880193 0.393301
0 0.416567 0.473403 0.0412748 0.204093 0.384084
0 0.809049 0.264274 0.0229243 0.0419743 0.380576
0 0.840682 0.272062 0.0296837 0.0506923 0.321373
0 0.18578 0.311594 0.0192725 0.0690655 0.277596
0 0.916756 0.291151 0.0251831 0.049091 0.276931
0 0.436695 0.430658 0.0377326 0.211631 0.264295
