0 0.827789 0.407188 0.0291977 0.133001 0.817704
0 0.660998 0.312059 0.0459867 0.110978 0.801001
0 0.873922 0.336586 0.0282246 0.150001 0.646241
0 0.596477 0.326618 0.0461302 0.154693 0.530275
0 0.742136 0.426487 0.0536829 0.144099 0.51706
0 0.357209 0.587593 0.0380858 0.167314 0.502033
0 0.480809 0.404711 0.0284338 0.095554 0.501123
0 0.507093 0.475988 0.030262 0.209661 0.496374
0 0.924118 0.272556 0.0223843 0.0472781 0.430065
0 0.268342 0.662105 0.0414603 0.200936 0.395862
0 0.486763 0.507231 0.0382201 0.189336 0.383113
0 0.481896 0.385744 0.0244583 0.0594294 0.362403
0 0.321845 0.818846 0.0326579 0.104982 0.357696
0 0.357144 0.847564 0.034792 0.057253 0.356552
0 0.295001 0.798339 0.0346148 0.126781 0.353531
0 0.434583 0.518009 0.0397831 0.186636 0.316298
0 0.48397 0.488053 0.0326012 0.163971 0.288995
0 0.504357 0.43621 0.0295154 0.140931 0.254647
0 0.768029 0.233091 0.0262079 0.0422365 0.254448
