0 0.379495 0.505414 0.0326194 0.122074 0.66989
0 0.52407 0.52204 0.0460576 0.180899 0.639895
0 0.628765 0.575083 0.0524181 0.216185 0.632228
0 0.486882 0.358973 0.027642 0.174537 0.596331
0 0.0773763 0.75848 0.0352445 0.251087 0.59145
0 0.269226 0.275972 0.0246095 0.0452451 0.57813
0 0.402305 0.613847 0.0513992 0.235215 0.505084
0 0.85975 0.643863 0.0447522 0.200361 0.492464
0 0.607196 0.754489 0.0394007 0.156317 0.465776
0 0.227452 0.30036 0.0214494 0.0945793 0.385672
0 0.425481 0.233447 0.0220316 0.0434047 0.351693
0 0.395516 0.417632 0.0577932 0.196708 0.335036
0 0.408828 0.420871 0.0309006 0.179828 0.326314
0 0.446138 0.339675 0.0285988 0.15257 0.325986
0 0.780494 0.897523 0.0381124 0.153633 0.285164
0 0.227807 0.319618 0.0208164 0.136 0.260155
