0 0.256565 0.273737 0.0453175 0.182814 0.667313
0 0.488171 0.366877 0.0349937 0.204567 0.571339
0 0.437516 0.797732 0.0512268 0.136865 0.486894
0 0.221792 0.177978 0.0283467 0.062287 0.483012
0 0.892011 0.571948 0.0355335 0.178759 0.467586
0 0.981943 0.62815 0.035487 0.122324 0.463081
0 0.401534 0.132326 0.0283058 0.0546686 0.393639
0 0.57224 0.304981 0.0310295 0.0910636 0.380846
0 0.572828 0.344079 0.0340086 0.170681 0.347554
0 0.264332 0.119935 0.0186403 0.0686149 0.33023
0 0.37473 0.134944 0.0240606 0.0609757 0.327449
0 0.544998 0.358706 0.0301415 0.179724 0.325666
0 0.433956 0.581885 0.0436514 0.212877 0.32032
0 0.80392 0.943527 0.0579958 0.112112 0.295557
0 0.28268 0.112895 0.0215192 0.0574812 0.292023
0 0.910073 0.783168 0.0273086 0.0921457 0.289181
0 0.532402 0.292311 0.0299963 0.197647 0.277834
0 0.763052 0.293929 0.0347355 0.082809 0.275111
0 0.906371 0.847503 0.0431671 0.143122 0.274447
0 0.851077 0.930835 0.0451351 0.13833 0.257733
