0 0.802685 0.395267 0.0436771 0.157394 0.806348
0 0.38736 0.666922 0.0531574 0.149831 0.766211
0 0.588301 0.370951 0.0740507 0.125177 0.703921
0 0.452844 0.42805 0.0398031 0.109734 0.543272
0 0.744907 0.96945 0.0521523 0.0598571 0.524148
0 0.460996 0.386317 0.0517576 0.133721 0.501944
0 0.912639 0.507328 0.0749489 0.156282 0.46274
0 0.387933 0.495945 0.051828 0.126469 0.454311
0 0.447731 0.44064 0.0302023 0.113484 0.410215
0 0.518631 0.149571 0.0223747 0.0422331 0.408337
0 0.376684 0.833291 0.0328923 0.0780709 0.402324
0 0.591052 0.168151 0.0259543 0.0378966 0.369118
0 0.472272 0.383806 0.0292819 0.129682 0.349951
0 0.131199 0.645194 0.0384562 0.180031 0.300606
0 0.166682 0.767321 0.0329904 0.0889281 0.291442
0 0.875152 0.238815 0.0251854 0.0455716 0.282138
0 0.94905 0.456314 0.0316751 0.0880664 0.280039
0 0.755692 0.967162 0.0298906 0.0560703 0.274782
