0 0.213792 0.271507 0.0256058 0.0552002 0.764291
0 0.782693 0.596619 0.0241268 0.148518 0.675542
0 0.298595 0.401266 0.0486107 0.167287 0.613595
0 0.248979 0.267434 0.0220975 0.0431467 0.536714
0 0.56625 0.543726 0.0273042 0.198841 0.487921
0 0.385522 0.528108 0.0404033 0.203792 0.469798
0 0.827718 0.819635 0.0202303 0.0599497 0.44544
0 0.373721 0.232546 0.0249951 0.0432307 0.43721
0 0.0758474 0.250996 0.0231802 0.0648849 0.364194
0 0.503444 0.6363 0.0434382 0.186677 0.344421
0 0.110312 0.303477 0.0197831 0.0513954 0.33177
0 0.864398 0.810235 0.039109 0.139506 0.330421
0 0.150632 0.408837 0.0312942 0.175677 0.318289
0 0.451619 0.394902 0.0390371 0.177294 0.314916
0 0.596245 0.723228 0.0418301 0.24054 0.289971
0 0.741957 0.849981 0.0320076 0.122568 0.287043
0 0.827336 0.828253 0.0230885 0.0768401 0.28338
0 0.788044 0.470662 0.0284441 0.118445 0.277062
