0 0.704726 0.347266 0.0237649 0.139207 0.692992
0 0.576143 0.376192 0.04758 0.148024 0.689741
0 0.820703 0.43111 0.0337923 0.130268 0.595249
0 0.742049 0.31997 0.0282364 0.152174 0.576488
0 0.827204 0.272306 0.0253067 0.0473717 0.544092
0 0.476485 0.774663 0.0516514 0.212412 0.528632
0 0.455345 0.843536 0.041443 0.0871501 0.487511
0 0.479766 0.453731 0.0406254 0.177343 0.486915
0 0.352605 0.479024 0.042674 0.0949873 0.363886
0 0.542949 0.197506 0.0225867 0.0435226 0.359811
0 0.892058 0.290832 0.0281521 0.0480312 0.348578
0 0.421614 0.485703 0.0387182 0.217654 0.319479
0 0.935705 0.299025 0.0282459 0.0527885 0.303992
0 0.209021 0.559512 0.0378383 0.188078 0.291667
0 0.876849 0.245687 0.0235863 0.0639926 0.286334
0 0.827291 0.434068 0.0232338 0.125127 0.266543
0 0.470522 0.395574 0.0217073 0.0594324 0.251918
0 0.859366 0.280024 0.0304707 0.0570618 0.251588
0 0.471075 0.42998 0.0240204 0.127932 0.251042
