0 0.636031 0.282872 0.0348911 0.153154 0.769223
0 0.705954 0.286963 0.040538 0.154352 0.744966
0 0.436544 0.76097 0.0431377 0.208569 0.737946
0 0.432161 0.413351 0.0365198 0.0885949 0.704473
0 0.487017 0.374262 0.0436407 0.126413 0.543623
0 0.486797 0.48983 0.053559 0.150409 0.529525
0 0.772809 0.361633 0.0276458 0.135452 0.521866
0 0.5579 0.440698 0.0541423 0.141592 0.504709
0 0.843849 0.258026 0.02547 0.0408139 0.466928
0 0.560247 0.309863 0.0207463 0.120298 0.449749
0 0.667364 0.208238 0.022605 0.0441791 0.44108
0 0.443158 0.832098 0.0402811 0.099062 0.411213
0 0.372122 0.830553 0.0326483 0.0812446 0.402167
0 0.780276 0.239546 0.0255342 0.0443745 0.368853
0 0.810999 0.248144 0.0295637 0.0494326 0.319131
0 0.442211 0.411199 0.016884 0.0865626 0.266749
0 0.573333 0.191306 0.0227339 0.033142 0.252131
