0 0.182376 0.493109 0.0446301 0.184443 0.657834
0 0.301223 0.271526 0.0221557 0.150285 0.640422
0 0.279426 0.34992 0.0389926 0.150887 0.627464
0 0.528073 0.527469 0.0502256 0.173741 0.581348
0 0.354592 0.43592 0.0534737 0.199618 0.561668
0 0.40105 0.314378 0.0353958 0.144157 0.551041
0 0.213233 0.32013 0.0319553 0.159917 0.511794
0 0.223414 0.224182 0.0281454 0.058711 0.417873
0 0.801534 0.557204 0.0234961 0.130388 0.389649
0 0.673774 0.677741 0.0460438 0.233933 0.329564
0 0.533057 0.396317 0.042857 0.136708 0.310878
0 0.773916 0.478604 0.0254858 0.102697 0.307346
0 0.731422 0.885421 0.0330671 0.118597 0.279197
0 0.257855 0.215934 0.0216198 0.0423419 0.273807
0 0.54287 0.357312 0.0199008 0.0716923 0.270606
0 0.378609 0.179423 0.0249682 0.0461438 0.26957
0 0.814001 0.361283 0.0270394 0.0795491 0.265833
0 0.123417 0.249026 0.0194721 0.0517137 0.257314
