0 0.774698 0.420956 0.0624109 0.139108 0.655704
0 0.660078 0.314772 0.0368666 0.130837 0.585483
0 0.407949 0.594412 0.0340842 0.176401 0.545695
0 0.473231 0.465071 0.0415996 0.20249 0.447675
0 0.855815 0.245286 0.0257294 0.05141 0.443454
0 0.605967 0.477075 0.0577454 0.179275 0.428468
0 0.88181 0.332963 0.0357254 0.166462 0.410543
0 0.980522 0.278741 0.0274724 0.0481323 0.386323
0 0.816656 0.236074 0.0241268 0.0421814 0.368813
0 0.419794 0.396305 0.0363198 0.163374 0.359597
0 0.391113 0.850958 0.0371082 0.0577646 0.294619
0 0.296916 0.696619 0.0263483 0.202819 0.286249
0 0.558399 0.453706 0.0445793 0.158989 0.279849
0 0.846771 0.422927 0.0399899 0.157422 0.267921
