0 0.540156 0.248214 0.0262215 0.109669 0.81309
0 0.178952 0.484361 0.0403738 0.136871 0.770627
0 0.362228 0.818815 0.0481157 0.118435 0.707758
0 0.17051 0.440213 0.0163867 0.0473956 0.646291
0 0.435885 0.364198 0.0374812 0.133044 0.602664
0 0.562871 0.35165 0.0367955 0.126764 0.589058
0 0.380212 0.30487 0.0208339 0.128698 0.521513
0 0.671283 0.541603 0.0227453 0.17378 0.462938
0 0.417721 0.545622 0.0362911 0.164128 0.442643
0 0.0460418 0.942324 0.0445344 0.113886 0.414839
0 0.475224 0.524116 0.0464054 0.171904 0.351512
0 0.319003 0.497851 0.0313784 0.150539 0.343409
0 0.176235 0.446727 0.0265295 0.0608827 0.340629
0 0.801587 0.707163 0.0340059 0.117369 0.315992
0 0.73758 0.80737 0.0244478 0.0833618 0.286905
0 0.756762 0.670172 0.0333871 0.180627 0.286612
0 0.0721816 0.289052 0.018761 0.0465283 0.256564
