0 0.735523 0.415336 0.0530693 0.17077 0.68219
0 0.52041 0.681192 0.0604415 0.141283 0.674867
0 0.744918 0.620994 0.0567943 0.199381 0.6122
0 0.688193 0.354773 0.0404487 0.159752 0.595891
0 0.485427 0.3088 0.0410948 0.157372 0.578984
0 0.969758 0.34714 0.0354477 0.162475 0.556777
0 0.525056 0.796744 0.037483 0.16949 0.481222
0 0.499709 0.356845 0.0329933 0.162943 0.457639
0 0.794577 0.385097 0.0349229 0.154342 0.443214
0 0.875962 0.229092 0.0294123 0.0439906 0.414144
0 0.598424 0.156404 0.0225129 0.0416731 0.335106
0 0.694635 0.177932 0.0222275 0.0518502 0.287678
0 0.529105 0.755855 0.0332132 0.0986083 0.271185
0 0.545334 0.760437 0.0251427 0.0895659 0.268113
0 0.781644 0.327507 0.0177814 0.0815974 0.263369
