0 0.864699 0.482206 0.0461334 0.16851 0.860329
0 0.552015 0.776923 0.0700122 0.210286 0.758806
0 0.852995 0.266004 0.0250198 0.0476161 0.466776
0 0.729981 0.231369 0.0245301 0.0461632 0.445949
0 0.409579 0.412395 0.0251184 0.0735239 0.422576
0 0.968746 0.296764 0.0267147 0.0515357 0.406484
0 0.758197 0.393489 0.036366 0.15135 0.389984
0 0.176561 0.493256 0.0289276 0.0991358 0.361233
0 0.523421 0.408486 0.0425007 0.141854 0.338585
0 0.559547 0.189684 0.0219837 0.0430915 0.33521
0 0.903949 0.239119 0.0256439 0.0736901 0.327175
0 0.40145 0.497034 0.0550642 0.181997 0.307956
0 0.407911 0.487838 0.0445862 0.167311 0.29192
0 0.630721 0.208236 0.0236796 0.0385845 0.287036
0 0.387397 0.841156 0.0263608 0.0447748 0.286188
0 0.704885 0.175707 0.0212099 0.0638084 0.284133
0 0.886917 0.274381 0.0295736 0.056162 0.272723
0 0.436836 0.463521 0.0447727 0.169679 0.271249
0 0.82045 0.210677 0.0204995 0.0572706 0.268752
0 0.921843 0.28538 0.0314056 0.0499494 0.262018
