0 0.436702 0.758541 0.043066 0.199903 0.779512
0 0.56263 0.316401 0.0232362 0.124384 0.77413
0 0.639366 0.28583 0.0339231 0.148068 0.706842
0 0.777272 0.36699 0.0311579 0.154931 0.66968
0 0.484294 0.498825 0.046694 0.142857 0.636569
0 0.707368 0.289952 0.0379315 0.153326 0.600658
0 0.563357 0.29824 0.022731 0.0961754 0.535288
0 0.485768 0.361311 0.0417809 0.0987124 0.532753
0 0.442117 0.83137 0.037832 0.0987464 0.503701
0 0.783126 0.243632 0.022551 0.0423736 0.472115
0 0.847256 0.258244 0.0284496 0.0502011 0.465326
0 0.438948 0.442936 0.0341173 0.151553 0.444576
0 0.561286 0.445066 0.0578142 0.151705 0.43775
0 0.475802 0.336777 0.020171 0.0499367 0.419723
0 0.813649 0.250026 0.029706 0.0529432 0.411345
0 0.490816 0.375178 0.0485207 0.122534 0.40797
0 0.670227 0.209675 0.0235359 0.0476498 0.375852
0 0.484276 0.378623 0.0423746 0.135652 0.368176
0 0.438505 0.420088 0.0326439 0.1052 0.342698
0 0.887896 0.26787 0.0275374 0.0508432 0.297844
0 0.372569 0.832377 0.0349976 0.0811389 0.283571
0 0.498885 0.428323 0.0424025 0.12796 0.280538
0 0.830902 0.213462 0.0248589 0.0633874 0.277183
