0 0.479011 0.488637 0.0341778 0.146256 0.802064
0 0.192698 0.470329 0.0347236 0.1872 0.772338
0 0.217758 0.31277 0.0303414 0.137329 0.771239
0 0.362865 0.430216 0.0470591 0.197941 0.732781
0 0.284539 0.337877 0.0325225 0.152916 0.663099
0 0.504858 0.37058 0.0413071 0.153895 0.623656
0 0.206404 0.391949 0.0125461 0.0288053 0.602454
0 0.304705 0.266041 0.0213962 0.154179 0.391381
0 0.390359 0.437125 0.0137426 0.0293834 0.385081
0 0.810085 0.788522 0.0358265 0.142714 0.346903
0 0.262538 0.21164 0.0221597 0.0396047 0.297338
0 0.67569 0.643824 0.0444696 0.238571 0.260462
