0 0.313136 0.450089 0.0279471 0.138953 0.813134
0 0.462137 0.460097 0.0496207 0.157513 0.7796
0 0.48631 0.655211 0.0490147 0.218782 0.722656
0 0.285743 0.362464 0.0235604 0.159729 0.64512
0 0.780792 0.628314 0.0244728 0.161316 0.601943
0 0.565974 0.584129 0.0304022 0.163253 0.523521
0 0.0826355 0.770995 0.0323622 0.251146 0.495144
0 0.130727 0.455492 0.044616 0.173829 0.458137
0 0.406334 0.565821 0.0516735 0.210796 0.433004
0 0.779956 0.610937 0.0278925 0.204408 0.412639
0 0.205251 0.308197 0.0270261 0.0542186 0.393089
0 0.241066 0.303155 0.0240366 0.0429629 0.371087
0 0.567948 0.562141 0.0257949 0.122943 0.338278
0 0.416447 0.332707 0.0272605 0.149245 0.31299
0 0.0639216 0.281731 0.023392 0.0729244 0.309939
0 0.740832 0.89658 0.0349084 0.141005 0.271241
