0 0.561448 0.344429 0.0325016 0.124739 0.731641
0 0.186193 0.480647 0.0362627 0.126229 0.729301
0 0.435001 0.359757 0.0331153 0.128016 0.725282
0 0.381439 0.305751 0.0240848 0.125611 0.58905
0 0.539288 0.248369 0.0278914 0.110691 0.578798
0 0.178536 0.442557 0.0186858 0.0509013 0.563731
0 0.670994 0.538513 0.0227684 0.167628 0.525219
0 0.802273 0.706477 0.0293562 0.114732 0.500437
0 0.367754 0.819136 0.0370277 0.135783 0.495969
0 0.475503 0.516176 0.042104 0.161774 0.483041
0 0.0441492 0.943645 0.0464045 0.111838 0.470924
0 0.530268 0.291525 0.011508 0.0248203 0.429412
0 0.323431 0.494938 0.0334548 0.15248 0.41147
0 0.416981 0.539615 0.0345789 0.150455 0.349056
0 0.757808 0.672698 0.0356696 0.18156 0.303901
0 0.732015 0.781855 0.0155456 0.0313493 0.295636
0 0.861679 0.7075 0.027643 0.0968126 0.27335
