0 0.709058 0.357843 0.0272921 0.137214 0.770464
0 0.56608 0.372557 0.0374259 0.161146 0.535683
0 0.458545 0.449907 0.0269357 0.143983 0.528406
0 0.476983 0.461513 0.0315554 0.171159 0.512663
0 0.829769 0.272801 0.0244972 0.0470179 0.476894
0 0.744687 0.319849 0.027211 0.152953 0.462409
0 0.461557 0.407523 0.0162777 0.059112 0.456561
0 0.418144 0.4982 0.0581715 0.19048 0.455714
0 0.481305 0.773372 0.0477728 0.213478 0.416008
0 0.427733 0.466437 0.0191664 0.132346 0.367934
0 0.938195 0.300408 0.0291158 0.0511555 0.34185
0 0.821773 0.441533 0.0364845 0.142423 0.325586
0 0.470308 0.460295 0.0499695 0.17077 0.314728
0 0.895525 0.292456 0.0273709 0.0470102 0.314225
0 0.429777 0.496009 0.0336893 0.191017 0.309669
0 0.709958 0.238428 0.0234861 0.0468876 0.296777
0 0.207227 0.571837 0.0338836 0.198616 0.293806
0 0.544196 0.197723 0.0212317 0.0417657 0.266313
0 0.480029 0.454674 0.022547 0.157188 0.262433
0 0.614199 0.217884 0.0226435 0.0392466 0.254201
0 0.334951 0.487419 0.0370618 0.106706 0.254065
0 0.798061 0.268118 0.0272916 0.0454021 0.253891
