0 0.189158 0.219018 0.0285991 0.190201 0.610748
0 0.306972 0.154952 0.0348766 0.170781 0.600315
0 0.513869 0.378451 0.047839 0.223421 0.557984
0 0.26591 0.0921672 0.0237683 0.0427886 0.556616
0 0.228668 0.0987944 0.0278097 0.0605572 0.536569
0 0.588061 0.315095 0.0335073 0.194995 0.39297
0 0.513741 0.268021 0.0446909 0.11692 0.382947
0 0.147509 0.519342 0.051912 0.229288 0.332522
0 0.562617 0.291218 0.0386599 0.176979 0.325377
0 0.466556 0.627113 0.0539316 0.232897 0.310705
0 0.823071 0.821165 0.0515 0.15221 0.303323
0 0.791153 0.729967 0.0403213 0.153237 0.278234
0 0.524528 0.193951 0.027965 0.157637 0.276645
0 0.470597 0.270669 0.0333248 0.200739 0.261018
0 0.874557 0.727698 0.0344517 0.141425 0.251633
0 0.267008 0.874725 0.0619774 0.228639 0.25103
