0 0.357628 0.472668 0.0431769 0.178572 0.646329
0 0.549667 0.650459 0.053446 0.225137 0.609927
0 0.0710071 0.339093 0.0200383 0.0516898 0.535511
0 0.796716 0.651566 0.0433354 0.167474 0.533259
0 0.0470271 0.488929 0.0500655 0.196046 0.522598
0 0.265756 0.358307 0.0248287 0.168224 0.389408
0 0.351065 0.258692 0.0280464 0.051914 0.374777
0 0.395021 0.391403 0.023663 0.132269 0.373569
0 0.400664 0.289155 0.0220325 0.109336 0.365274
0 0.409766 0.430881 0.0316745 0.177683 0.355357
0 0.182233 0.306855 0.0279173 0.0562637 0.34288
0 0.822074 0.913352 0.0443465 0.12953 0.341143
0 0.870206 0.86539 0.0397426 0.130005 0.328002
0 0.450006 0.534538 0.0388889 0.17864 0.319462
0 0.741259 0.905195 0.034437 0.128169 0.301786
0 0.0389143 0.343352 0.0229381 0.0568385 0.29694
0 0.378938 0.247273 0.0232823 0.0556262 0.277022
0 0.219221 0.303382 0.0230418 0.0396108 0.264414
