0 0.477786 0.844862 0.0335464 0.0675948 0.723624
0 0.432343 0.497634 0.0274197 0.144599 0.705085
0 0.30288 0.522477 0.0252767 0.0762844 0.640976
0 0.304816 0.627153 0.0285689 0.178997 0.558759
0 0.402546 0.422947 0.0483889 0.112532 0.523189
0 0.425935 0.495786 0.0404726 0.141395 0.450123
0 0.523077 0.339802 0.0195421 0.0966949 0.431907
0 0.472649 0.525613 0.0301628 0.0912854 0.374141
0 0.807129 0.596946 0.0183185 0.0984169 0.36633
0 0.473273 0.566862 0.0312164 0.161548 0.348167
0 0.761175 0.714602 0.0420776 0.158462 0.325977
0 0.639444 0.557722 0.0498822 0.165601 0.294202
0 0.281943 0.629103 0.0167459 0.0404735 0.285181
0 0.303942 0.544553 0.0287305 0.121748 0.282015
0 0.767153 0.70336 0.0293796 0.127947 0.272791
0 0.765174 0.686951 0.0339956 0.10662 0.267629
0 0.825438 0.795616 0.0297779 0.1153 0.266748
0 0.786558 0.78584 0.0285322 0.0940109 0.254482
0 0.43193 0.46399 0.0230753 0.0752944 0.250433
