0 0.530037 0.329582 0.0291439 0.10141 0.734639
0 0.41051 0.381697 0.0301485 0.122644 0.675842
0 0.256214 0.542588 0.0584516 0.180495 0.630353
0 0.384644 0.479911 0.030175 0.135604 0.598189
0 0.481497 0.530412 0.0382556 0.154933 0.569717
0 0.358273 0.343777 0.0202465 0.137002 0.53664
0 0.360009 0.56979 0.0346671 0.176054 0.37668
0 0.827374 0.744782 0.0287661 0.0965054 0.373522
0 0.642918 0.537692 0.0318619 0.16712 0.350814
0 0.446543 0.822863 0.0342863 0.105295 0.322337
0 0.526401 0.315876 0.0265706 0.0725075 0.311806
0 0.366282 0.339947 0.0347892 0.145523 0.291829
0 0.773176 0.65881 0.0381288 0.128131 0.259701
