0 0.452174 0.340141 0.0359143 0.149651 0.769086
0 0.635384 0.365129 0.0316173 0.132675 0.665685
0 0.73028 0.749654 0.0557198 0.222681 0.602811
0 0.590724 0.357138 0.0337204 0.164258 0.568692
0 0.778857 0.302975 0.0383164 0.134582 0.566032
0 0.878095 0.304448 0.0592179 0.172035 0.521928
0 0.41108 0.838335 0.0343571 0.0795627 0.520165
0 0.659755 0.264423 0.0310907 0.126665 0.485378
0 0.403961 0.42264 0.0398329 0.183848 0.44183
0 0.864636 0.212274 0.0311035 0.0456693 0.424242
0 0.609765 0.654034 0.0635876 0.134394 0.391718
0 0.53717 0.754199 0.0707441 0.218966 0.369172
0 0.804622 0.196397 0.0208412 0.0448487 0.348102
0 0.620573 0.653766 0.042519 0.131812 0.327287
0 0.600461 0.755348 0.044615 0.234779 0.270246
0 0.139928 0.423195 0.025164 0.0699826 0.261809
0 0.971962 0.243758 0.0215688 0.0420524 0.251586
0 0.851212 0.16778 0.0247513 0.0749947 0.251092
0 0.186136 0.294091 0.0251662 0.0676958 0.251082
