0 0.505173 0.354387 0.0259614 0.139128 0.830706
0 0.357033 0.56666 0.0597815 0.197497 0.811581
0 0.405676 0.414646 0.0588622 0.179719 0.768513
0 0.48901 0.507472 0.0446334 0.165765 0.693952
0 0.469014 0.33534 0.0233246 0.144657 0.601525
0 0.170088 0.714218 0.0412083 0.227446 0.54626
0 0.676886 0.736121 0.0342264 0.162175 0.481653
0 0.451193 0.252344 0.0212002 0.04311 0.453755
0 0.632093 0.579427 0.0486341 0.205135 0.377644
0 0.838839 0.634758 0.0328129 0.155795 0.367819
0 0.43537 0.601097 0.0458824 0.200647 0.350257
0 0.389144 0.396214 0.0251714 0.139603 0.341734
0 0.0814829 0.345081 0.0252679 0.0445231 0.335384
0 0.307655 0.287342 0.021371 0.0437282 0.312442
0 0.426041 0.258726 0.0244882 0.0424021 0.283184
