0 0.261164 0.22259 0.0268013 0.0556087 0.576466
0 0.912553 0.63091 0.0402348 0.208978 0.562605
0 0.349995 0.338867 0.0318433 0.159549 0.555142
0 0.401708 0.187122 0.0299273 0.0532387 0.455146
0 0.509387 0.444311 0.0553911 0.2024 0.45304
0 0.988669 0.677268 0.0219513 0.105322 0.408175
0 0.280594 0.167252 0.0222785 0.0652047 0.400176
0 0.431185 0.18121 0.0240642 0.0479682 0.370626
0 0.389105 0.133717 0.0254214 0.0800748 0.341317
0 0.214939 0.275025 0.0238661 0.145579 0.318442
0 0.0631108 0.204331 0.033449 0.0809313 0.313273
0 0.610383 0.509033 0.067746 0.244156 0.309365
0 0.530917 0.341046 0.0346754 0.18876 0.30929
0 0.228673 0.302456 0.0237447 0.183346 0.302476
0 0.985952 0.687576 0.0272425 0.102514 0.271863
0 0.216779 0.243341 0.0232058 0.0832268 0.268765
0 0.817324 0.911004 0.0575659 0.172636 0.263738
0 0.857049 0.898414 0.0357855 0.115787 0.251867
