0 0.306935 0.321439 0.0597754 0.176578 0.760503
0 0.585633 0.495498 0.0486034 0.226732 0.506839
0 0.903787 0.612943 0.0434089 0.228398 0.446142
0 0.234367 0.298125 0.0252428 0.172722 0.437664
0 0.401021 0.182147 0.028475 0.0540503 0.392274
0 0.260556 0.217585 0.0267577 0.0512033 0.385509
0 0.50244 0.428059 0.0644541 0.20754 0.365092
0 0.282216 0.167982 0.0239603 0.0814937 0.356564
0 0.374964 0.183668 0.0256768 0.0612186 0.30137
0 0.531785 0.364848 0.0303217 0.195636 0.299014
0 0.986063 0.674449 0.0272895 0.107677 0.296097
0 0.764421 0.34462 0.0307549 0.0872167 0.277281
0 0.431129 0.17318 0.0233544 0.0478109 0.275897
0 0.0309892 0.276098 0.0304524 0.0586976 0.261764
