0 0.412837 0.379156 0.0319776 0.127447 0.826532
0 0.377187 0.464007 0.0279012 0.104893 0.797527
0 0.535152 0.330395 0.0253213 0.106592 0.689414
0 0.359688 0.337627 0.0199471 0.136098 0.661175
0 0.443938 0.828382 0.0353903 0.113318 0.654705
0 0.479853 0.529061 0.0467701 0.155501 0.576268
0 0.369086 0.55983 0.037222 0.162646 0.549962
0 0.247433 0.536231 0.0417524 0.171798 0.432946
0 0.774422 0.655591 0.0375019 0.1272 0.378524
0 0.37671 0.319851 0.0222987 0.126525 0.377483
0 0.792414 0.736817 0.0313 0.0894301 0.359837
0 0.363636 0.333876 0.0272881 0.14385 0.333022
0 0.829733 0.737659 0.0306024 0.096602 0.285892
