0 0.729824 0.317387 0.0386599 0.104212 0.813824
0 0.439818 0.352123 0.0338909 0.16557 0.613498
0 0.700312 0.488657 0.0612764 0.185538 0.580864
0 0.844812 0.429576 0.061568 0.150475 0.57581
0 0.627666 0.495279 0.0374748 0.18408 0.560177
0 0.899512 0.320113 0.0316681 0.164465 0.555593
0 0.424883 0.606015 0.0380207 0.177303 0.539975
0 0.788292 0.428501 0.0368248 0.148424 0.48137
0 0.674676 0.30878 0.0350328 0.13937 0.39282
0 0.404091 0.849857 0.0364056 0.0577009 0.332124
0 0.8766 0.241961 0.0272354 0.0491902 0.320817
0 0.484521 0.418196 0.0373793 0.191831 0.306346
0 0.338686 0.813969 0.036705 0.101523 0.287784
0 0.264901 0.834905 0.0285102 0.080969 0.286396
0 0.835972 0.234736 0.0269961 0.0400534 0.285344
0 0.31253 0.691507 0.0472462 0.185958 0.279457
0 0.494363 0.82879 0.0443019 0.0977676 0.277732
0 0.941537 0.260679 0.0234579 0.0469999 0.270742
0 0.803684 0.22756 0.0298273 0.0463607 0.251488
