0 0.266046 0.901197 0.0455796 0.197606 0.732668
0 0.179676 0.360694 0.0403108 0.167654 0.649479
0 0.297928 0.361938 0.0272198 0.1509 0.5573
0 0.538721 0.620783 0.0441778 0.214331 0.551747
0 0.225092 0.23419 0.0253062 0.0570568 0.548071
0 0.375336 0.470709 0.0316173 0.17819 0.510873
0 0.499287 0.399547 0.0300465 0.157505 0.454159
0 0.570788 0.507295 0.0303078 0.177789 0.429785
0 0.161839 0.65092 0.0469497 0.244094 0.390006
0 0.258989 0.231365 0.0216802 0.0402944 0.372273
0 0.422905 0.238087 0.0284879 0.179529 0.361616
0 0.477303 0.330978 0.0289413 0.10164 0.356926
0 0.747085 0.799479 0.0295801 0.103855 0.314857
0 0.790605 0.551053 0.026265 0.149163 0.268066
