0 0.182378 0.524608 0.0390386 0.206481 0.672508
0 0.224789 0.224039 0.0262152 0.0605986 0.663677
0 0.410791 0.289145 0.0286156 0.138303 0.661674
0 0.576967 0.558223 0.0533955 0.187761 0.63575
0 0.302058 0.271999 0.0223594 0.153667 0.616769
0 0.280138 0.35576 0.0405733 0.168125 0.570268
0 0.487391 0.359651 0.0549259 0.170852 0.552672
0 0.345082 0.446601 0.077675 0.196429 0.475975
0 0.813169 0.791049 0.0384226 0.134628 0.457639
0 0.741264 0.791572 0.0333014 0.151838 0.446269
0 0.211897 0.319157 0.0366099 0.159638 0.40305
0 0.549458 0.421469 0.0356376 0.203087 0.34589
0 0.258581 0.216314 0.0215661 0.0404916 0.308887
0 0.207568 0.200507 0.0206677 0.108555 0.277285
0 0.122844 0.249032 0.0207449 0.0524215 0.276525
0 0.861361 0.74627 0.0319805 0.125152 0.254201
0 0.733266 0.886618 0.0360013 0.111218 0.252869
0 0.890788 0.927111 0.036805 0.0987233 0.25282
