0 0.632906 0.255662 0.0300265 0.115415 0.836334
0 0.821991 0.292472 0.0458141 0.1522 0.733046
0 0.635168 0.391035 0.0472453 0.169941 0.683519
0 0.433335 0.352277 0.0354246 0.137659 0.674134
0 0.381978 0.473547 0.0378976 0.182701 0.57332
0 0.538059 0.345841 0.0443312 0.165629 0.528057
0 0.46682 0.763509 0.0392571 0.230034 0.480808
0 0.7669 0.308515 0.0418737 0.135843 0.467029
0 0.394696 0.834322 0.0355399 0.078035 0.425528
0 0.719811 0.619434 0.0374484 0.145502 0.408272
0 0.605293 0.689326 0.0501022 0.215502 0.389973
0 0.528967 0.645718 0.0671943 0.213481 0.389241
0 0.541089 0.648465 0.0439293 0.217571 0.385299
0 0.840862 0.209293 0.0247912 0.045455 0.36966
0 0.946629 0.240887 0.0219196 0.0415639 0.364972
0 0.88235 0.219377 0.0257675 0.0543079 0.274422
0 0.434846 0.820324 0.0424952 0.115407 0.264042
0 0.165976 0.298358 0.0250306 0.074061 0.261958
