0 0.717831 0.750853 0.0642103 0.171868 0.70818
0 0.617677 0.370383 0.0389766 0.160296 0.693902
0 0.901065 0.314908 0.0352345 0.147204 0.671811
0 0.46248 0.337542 0.0368222 0.156089 0.560508
0 0.671178 0.281412 0.0253335 0.122404 0.541074
0 0.59592 0.760554 0.0417634 0.188074 0.534554
0 0.782592 0.299405 0.0308655 0.130081 0.43496
0 0.692219 0.164333 0.0234779 0.049998 0.387328
0 0.409462 0.418895 0.0371969 0.19097 0.383524
0 0.614846 0.345926 0.0230914 0.111706 0.382451
0 0.615162 0.317023 0.0149623 0.0532081 0.378766
0 0.63816 0.700249 0.0472099 0.177522 0.372918
0 0.920137 0.226453 0.022588 0.0468479 0.371637
0 0.44869 0.817077 0.0368384 0.119142 0.353081
0 0.552371 0.749066 0.0658356 0.215794 0.323006
0 0.840252 0.204594 0.0305887 0.0560984 0.315989
0 0.808637 0.196959 0.021362 0.0426608 0.310843
0 0.419517 0.833801 0.0376718 0.0775505 0.308897
0 0.981831 0.243517 0.0238273 0.0453392 0.264707
0 0.644937 0.68396 0.0382147 0.144046 0.25682
0 0.468322 0.295706 0.0231036 0.0742239 0.254921
0 0.116585 0.965622 0.039069 0.0687556 0.254416
