0 0.418524 0.409047 0.0433638 0.171385 0.631138
0 0.768852 0.421643 0.0546731 0.141866 0.580719
0 0.597056 0.471442 0.065592 0.179983 0.527551
0 0.879549 0.332726 0.0366839 0.167829 0.520609
0 0.851446 0.245976 0.0265574 0.0489067 0.48553
0 0.388525 0.849959 0.0371819 0.0559804 0.413239
0 0.654516 0.320284 0.0357412 0.1374 0.386656
0 0.405841 0.592756 0.0356971 0.181871 0.380053
0 0.813754 0.235584 0.025963 0.0465461 0.36558
0 0.976116 0.278646 0.0286621 0.0474959 0.358984
0 0.467851 0.828685 0.0402756 0.107294 0.335513
0 0.847096 0.422473 0.0293877 0.15545 0.334202
0 0.294077 0.699007 0.02921 0.212055 0.32902
0 0.473475 0.467347 0.0389536 0.203028 0.307477
0 0.946911 0.261853 0.0193341 0.0528106 0.264471
0 0.352964 0.821935 0.035437 0.111193 0.263081
