0 0.514672 0.324749 0.0469845 0.105756 0.843623
0 0.461991 0.227818 0.0205 0.111318 0.786003
0 0.962529 0.728001 0.0384948 0.113322 0.756188
0 0.338004 0.281053 0.0273485 0.118992 0.687012
0 0.584219 0.714445 0.0341856 0.130279 0.635199
0 0.58721 0.728329 0.0448944 0.155966 0.627516
0 0.908998 0.64332 0.0451652 0.163078 0.516264
0 0.378549 0.703332 0.038315 0.201591 0.481257
0 0.614491 0.436263 0.0400764 0.16053 0.462494
0 0.618989 0.635786 0.0411146 0.198063 0.398285
0 0.0819391 0.623181 0.0343205 0.158763 0.357951
0 0.504979 0.230505 0.0259451 0.133628 0.338326
0 0.583207 0.703388 0.0284693 0.106931 0.330327
0 0.443445 0.584426 0.043184 0.175567 0.322485
0 0.297669 0.187249 0.0194645 0.037312 0.31133
0 0.0377749 0.87621 0.0360038 0.15394 0.293276
0 0.199247 0.195039 0.0251575 0.0452294 0.292515
0 0.379891 0.67452 0.037384 0.158485 0.271082
0 0.577519 0.765417 0.0671334 0.0921518 0.26549
0 0.888054 0.81948 0.02201 0.0760174 0.263946
0 0.943439 0.843617 0.0354153 0.0987546 0.254115
