0 0.361743 0.450908 0.0449856 0.195043 0.782979
0 0.212136 0.332866 0.0377673 0.15723 0.755616
0 0.202062 0.579887 0.0428844 0.227973 0.647695
0 0.300207 0.353173 0.0354147 0.169848 0.611517
0 0.524675 0.387127 0.0364834 0.150793 0.592793
0 0.434939 0.240006 0.0271353 0.143343 0.581059
0 0.240013 0.220352 0.0263771 0.0610752 0.535969
0 0.584203 0.464174 0.0242241 0.117706 0.456149
0 0.619282 0.762918 0.0584607 0.217348 0.405124
0 0.0804863 0.264235 0.0214916 0.0493103 0.395598
0 0.912861 0.941627 0.0373366 0.102042 0.337495
0 0.492573 0.354435 0.0349873 0.182517 0.333237
0 0.317094 0.270874 0.0227681 0.15034 0.331485
0 0.762268 0.770212 0.0337905 0.0939354 0.262384
