0 0.652669 0.325713 0.041826 0.135083 0.718169
0 0.428839 0.506551 0.0696632 0.173462 0.656577
0 0.395367 0.282905 0.0501371 0.132565 0.645663
0 0.660372 0.653552 0.0656445 0.189645 0.631226
0 0.365895 0.817666 0.0243565 0.119362 0.554578
0 0.046634 0.630784 0.0700346 0.165899 0.520645
0 0.0544123 0.627774 0.0442318 0.165881 0.51099
0 0.757022 0.437648 0.0559744 0.182087 0.477984
0 0.095655 0.845327 0.0396103 0.0959677 0.381056
0 0.935787 0.886315 0.067563 0.208169 0.351705
0 0.801414 0.981404 0.02255 0.0363091 0.337802
0 0.551378 0.252706 0.0445393 0.104845 0.330654
0 0.947901 0.17742 0.0238838 0.101726 0.280203
0 0.488945 0.768712 0.0809116 0.188168 0.277501
0 0.320382 0.596763 0.0445884 0.187509 0.272958
0 0.741235 0.975456 0.0378487 0.0441603 0.26462
0 0.606473 0.218283 0.0346534 0.141366 0.257457
0 0.0268605 0.804406 0.042012 0.184902 0.251811
