0 0.565229 0.33186 0.0278263 0.146683 0.781255
0 0.779094 0.368581 0.0313481 0.154258 0.689488
0 0.436451 0.746408 0.0444723 0.170409 0.65558
0 0.64023 0.298378 0.0351928 0.126699 0.587459
0 0.438797 0.826267 0.0406931 0.0993579 0.546072
0 0.557619 0.435634 0.0550199 0.141977 0.532373
0 0.783847 0.244199 0.0219821 0.0414188 0.532089
0 0.706975 0.296766 0.0342133 0.136459 0.517827
0 0.440274 0.455406 0.0346601 0.180587 0.477295
0 0.489222 0.378404 0.0488095 0.12925 0.462492
0 0.889541 0.269737 0.0269299 0.0497497 0.429763
0 0.442249 0.412603 0.024395 0.0958997 0.381971
0 0.48073 0.490818 0.0403946 0.161683 0.367157
0 0.474646 0.335361 0.0227676 0.0456192 0.363131
0 0.480153 0.363538 0.0353896 0.102013 0.361996
0 0.564824 0.304468 0.0255252 0.0977704 0.361068
0 0.490012 0.358167 0.0408712 0.0883406 0.354452
0 0.815261 0.251254 0.029043 0.0519567 0.342304
0 0.670322 0.211163 0.0226151 0.0483713 0.337952
0 0.374755 0.831668 0.0334536 0.0797287 0.305699
0 0.847451 0.261878 0.0259039 0.0451154 0.270985
0 0.171488 0.294078 0.0187867 0.0680819 0.262557
0 0.881714 0.222658 0.0233166 0.0814116 0.254137
0 0.272862 0.861049 0.0315469 0.0935181 0.250917
