0 0.434639 0.353925 0.0393212 0.136941 0.755213
0 0.630544 0.252127 0.0316309 0.116835 0.613796
0 0.765943 0.312659 0.041265 0.134117 0.607416
0 0.716808 0.613017 0.0378467 0.158278 0.601211
0 0.817281 0.290983 0.053557 0.15433 0.598336
0 0.381503 0.473505 0.0382898 0.181508 0.499656
0 0.460714 0.758918 0.0443172 0.212901 0.485723
0 0.533333 0.345393 0.0474532 0.163152 0.480793
0 0.879622 0.219674 0.0260399 0.0513249 0.478679
0 0.393389 0.833749 0.0356439 0.0794376 0.467601
0 0.805831 0.201292 0.0256821 0.0500767 0.428685
0 0.52849 0.639479 0.0620917 0.212705 0.413436
0 0.94477 0.238578 0.0223812 0.0453722 0.388736
0 0.632991 0.392184 0.046054 0.180915 0.377963
0 0.598645 0.67762 0.0560047 0.209647 0.307883
0 0.773522 0.193278 0.0226011 0.0446139 0.302277
0 0.434753 0.819422 0.0427212 0.116228 0.258662
0 0.16524 0.297456 0.0243371 0.0697876 0.254007
0 0.253332 0.818377 0.0284794 0.0937965 0.250943
