0 0.642664 0.381216 0.0500635 0.208213 0.677877
0 0.691031 0.292297 0.0300094 0.116443 0.645017
0 0.934453 0.326421 0.0496685 0.155223 0.636376
0 0.676134 0.782619 0.0626183 0.173758 0.607579
0 0.991312 0.246271 0.0167403 0.0485981 0.606172
0 0.474394 0.334781 0.0346146 0.16114 0.527816
0 0.568175 0.730548 0.0572498 0.210661 0.515536
0 0.789778 0.296633 0.0242859 0.116659 0.515131
0 0.953036 0.234771 0.0183493 0.0443651 0.501729
0 0.81813 0.198078 0.0234787 0.0481984 0.393464
0 0.424224 0.405556 0.0344552 0.17528 0.384017
0 0.699882 0.166441 0.0252815 0.053146 0.322914
0 0.926355 0.232105 0.0274466 0.0379685 0.310741
0 0.869772 0.17416 0.0224504 0.0632337 0.296195
0 0.585856 0.778571 0.0647001 0.160264 0.282162
0 0.449016 0.814842 0.0463143 0.121378 0.269922
0 0.616443 0.854672 0.0126867 0.0297037 0.255554
