0 0.523445 0.681356 0.0770955 0.147687 0.747699
0 0.532942 0.788086 0.0474812 0.175553 0.617597
0 0.689232 0.358914 0.0400922 0.159012 0.616589
0 0.79669 0.382415 0.0355318 0.147254 0.503962
0 0.975663 0.354799 0.0422587 0.168756 0.499723
0 0.879222 0.229726 0.0300117 0.044465 0.455179
0 0.483279 0.304005 0.0451574 0.156174 0.441929
0 0.601363 0.155946 0.0232083 0.0434508 0.4233
0 0.74324 0.404314 0.0366532 0.155381 0.391584
0 0.731923 0.636923 0.058925 0.218254 0.370879
0 0.499659 0.357351 0.035691 0.176107 0.345227
0 0.504507 0.833475 0.0471525 0.0905142 0.306727
0 0.654432 0.564677 0.0469131 0.191027 0.300496
0 0.429983 0.851254 0.0372716 0.0593136 0.265924
