0 0.598677 0.806049 0.0753565 0.140072 0.841435
0 0.635235 0.340688 0.0480637 0.150454 0.773564
0 0.97025 0.340043 0.02583 0.161885 0.75026
0 0.726578 0.312444 0.025565 0.143196 0.667535
0 0.705954 0.411547 0.0368734 0.189158 0.580845
0 0.482473 0.321805 0.0285933 0.163544 0.571151
0 0.77879 0.301231 0.0451909 0.109415 0.513806
0 0.855421 0.213199 0.027293 0.0517936 0.459938
0 0.445043 0.385751 0.0354784 0.184914 0.424324
0 0.705644 0.170724 0.0233179 0.0540121 0.358039
0 0.932956 0.234588 0.026403 0.0439333 0.302553
0 0.875249 0.178469 0.0232178 0.0682617 0.298814
0 0.554873 0.764398 0.0885057 0.173306 0.2939
0 0.648241 0.86333 0.0164557 0.0588352 0.284817
0 0.68486 0.334995 0.0168915 0.037512 0.284487
0 0.621427 0.679107 0.0672256 0.206153 0.272395
0 0.20684 0.296876 0.0229444 0.0669272 0.262826
0 0.889819 0.22294 0.0265175 0.048706 0.260344
