0 0.816081 0.408627 0.0310764 0.166732 0.69283
0 0.432901 0.608369 0.0407051 0.139555 0.662604
0 0.738109 0.314833 0.0370802 0.108099 0.662582
0 0.330923 0.707732 0.075191 0.13754 0.643481
0 0.65902 0.531564 0.0491224 0.172563 0.64292
0 0.912978 0.328998 0.0402115 0.174333 0.619487
0 0.346405 0.819729 0.0385972 0.108695 0.54023
0 0.769848 0.434325 0.0445444 0.172562 0.537559
0 0.451143 0.332667 0.0262442 0.167418 0.450563
0 0.885817 0.243431 0.0265873 0.0482878 0.450237
0 0.672921 0.315479 0.0373744 0.139862 0.430018
0 0.729946 0.544631 0.0486965 0.197619 0.418818
0 0.501004 0.829344 0.0448201 0.0976433 0.381298
0 0.669646 0.183876 0.0214332 0.048772 0.369686
0 0.370456 0.821435 0.0359962 0.106387 0.353978
0 0.268387 0.835365 0.0319463 0.0802507 0.342912
0 0.485913 0.396861 0.0324898 0.182807 0.331373
0 0.574389 0.165788 0.0226511 0.0398245 0.270763
0 0.410954 0.852401 0.0363914 0.0604157 0.264936
0 0.709138 0.220452 0.0228141 0.124163 0.255716
