0 0.390296 0.54057 0.0359854 0.165558 0.777559
0 0.481458 0.51451 0.047254 0.150699 0.581067
0 0.0156553 0.962231 0.0311767 0.0741889 0.574242
0 0.419747 0.36727 0.0360473 0.11879 0.544848
0 0.230146 0.520977 0.0518076 0.158766 0.472625
0 0.654559 0.523537 0.0292567 0.14688 0.437646
0 0.351461 0.481597 0.044316 0.143172 0.427414
0 0.421045 0.358697 0.0278578 0.105644 0.341924
0 0.734746 0.789297 0.0180875 0.0428943 0.325425
0 0.424201 0.822816 0.0341185 0.135482 0.307988
0 0.543223 0.319646 0.0240468 0.10788 0.272839
0 0.360961 0.478631 0.0252002 0.137447 0.26975
0 0.534203 0.258235 0.0231752 0.062459 0.268203
0 0.388906 0.287557 0.0269451 0.133793 0.251357
