0 0.251741 0.254975 0.0512104 0.211996 0.770255
0 0.491124 0.3535 0.0421207 0.210105 0.614149
0 0.438922 0.802422 0.0497944 0.170401 0.577099
0 0.222182 0.165379 0.0294622 0.0651777 0.524305
0 0.436131 0.567858 0.0434778 0.213205 0.523641
0 0.892129 0.554315 0.0342507 0.184752 0.471793
0 0.803102 0.936355 0.058243 0.126033 0.434758
0 0.575392 0.412736 0.0358888 0.252522 0.341971
0 0.282548 0.0975231 0.0206122 0.0549129 0.326651
0 0.706028 0.301454 0.0298264 0.0708176 0.306156
0 0.0647004 0.134138 0.0281466 0.0794924 0.305128
0 0.105149 0.197281 0.0217218 0.0501829 0.272804
0 0.264933 0.108157 0.0188298 0.064894 0.269501
0 0.374571 0.124718 0.0231623 0.0554371 0.264195
0 0.431942 0.114137 0.0234226 0.0489987 0.250047
