0 0.678634 0.320052 0.0206177 0.133519 0.764524
0 0.276422 0.630778 0.03505 0.172448 0.726803
0 0.792835 0.445804 0.0421541 0.171095 0.64702
0 0.850027 0.352323 0.0468035 0.14874 0.643958
0 0.579925 0.615071 0.0602119 0.18907 0.643088
0 0.678884 0.454754 0.0462829 0.155269 0.5913
0 0.529688 0.351151 0.0280389 0.149955 0.574923
0 0.497648 0.522831 0.0411808 0.178616 0.553455
0 0.364656 0.457772 0.0247626 0.181567 0.538219
0 0.10758 0.774931 0.0362203 0.0978546 0.534083
0 0.393018 0.464138 0.0284534 0.179393 0.498697
0 0.794786 0.247535 0.0216862 0.0441986 0.476708
0 0.201789 0.812293 0.0386121 0.159089 0.401638
0 0.293123 0.569171 0.0307413 0.162356 0.322745
0 0.966447 0.27775 0.0192226 0.0465932 0.315638
0 0.487187 0.186627 0.0217411 0.0470403 0.314752
0 0.265512 0.861275 0.0392596 0.120178 0.31409
0 0.940358 0.273155 0.0222408 0.0478728 0.296962
