0 0.214603 0.311988 0.0292223 0.155508 0.805863
0 0.185428 0.477667 0.0336894 0.188719 0.769568
0 0.280689 0.34033 0.0382681 0.154699 0.706849
0 0.359999 0.432786 0.0460998 0.19578 0.684439
0 0.30213 0.268721 0.0214915 0.152447 0.6016
0 0.401106 0.335768 0.0355635 0.156931 0.539637
0 0.204348 0.392826 0.00926261 0.0200117 0.315259
0 0.807429 0.783821 0.0371326 0.132756 0.307357
0 0.727822 0.87717 0.0388468 0.112873 0.28394
0 0.738367 0.776193 0.0349119 0.134524 0.273594
0 0.259277 0.21391 0.0223075 0.0398736 0.268696
0 0.542056 0.383514 0.0238613 0.131307 0.267651
0 0.395695 0.395764 0.0165487 0.0365139 0.264778
