0 0.435237 0.34367 0.0331544 0.142172 0.816687
0 0.639518 0.257996 0.0296883 0.116548 0.724207
0 0.637574 0.379283 0.0483406 0.154262 0.623584
0 0.838155 0.290575 0.0284607 0.157836 0.617163
0 0.726722 0.645718 0.0407155 0.172559 0.600616
0 0.385913 0.468999 0.0358925 0.18908 0.554329
0 0.436235 0.819883 0.0420742 0.109912 0.534171
0 0.477975 0.754589 0.0411984 0.237744 0.530819
0 0.768091 0.311344 0.0467401 0.136222 0.524721
0 0.39732 0.834275 0.0339154 0.0765151 0.507865
0 0.547043 0.344558 0.0384655 0.159127 0.413599
0 0.780421 0.194027 0.0231465 0.0454745 0.324919
0 0.953115 0.238747 0.0230461 0.047197 0.292719
0 0.606821 0.716158 0.0581862 0.237008 0.285876
