0 0.834366 0.401674 0.0323319 0.154118 0.822259
0 0.874205 0.334784 0.0304871 0.153913 0.663503
0 0.414596 0.442987 0.0313071 0.154097 0.622994
0 0.618984 0.320057 0.0536993 0.142835 0.608271
0 0.375266 0.849254 0.0362822 0.0569726 0.510767
0 0.754757 0.420215 0.0597971 0.1375 0.507889
0 0.285937 0.691013 0.0370232 0.206233 0.4753
0 0.510903 0.443472 0.0323126 0.154706 0.464924
0 0.546862 0.472723 0.0623892 0.209547 0.457449
0 0.473648 0.494538 0.0464264 0.199059 0.399464
0 0.452648 0.828558 0.0487413 0.113086 0.374568
0 0.384861 0.585726 0.0435844 0.168357 0.36206
0 0.795508 0.234781 0.0267128 0.0418989 0.318543
0 0.832764 0.245529 0.0260246 0.050615 0.29196
