0 0.414007 0.254331 0.0347175 0.107804 0.827365
0 0.484329 0.356556 0.0483985 0.101181 0.823859
0 0.509108 0.598918 0.0477949 0.155024 0.74396
0 0.189023 0.876703 0.0611634 0.178875 0.682628
0 0.864598 0.69571 0.0315906 0.120744 0.622863
0 0.90395 0.561437 0.0346705 0.138844 0.608883
0 0.356846 0.296257 0.0368111 0.13005 0.598513
0 0.654908 0.631122 0.031415 0.197031 0.589519
0 0.677949 0.710537 0.0616505 0.178975 0.533126
0 0.04211 0.500038 0.0370025 0.153933 0.518197
0 0.965825 0.670504 0.0291576 0.097657 0.481818
0 0.821867 0.824753 0.0328655 0.100631 0.426193
0 0.187998 0.584125 0.0606876 0.16938 0.424109
0 0.933395 0.681236 0.0222088 0.053558 0.387202
0 0.795324 0.770752 0.0185065 0.0350179 0.368937
0 0.541763 0.243428 0.0354447 0.113167 0.361402
0 0.435396 0.651924 0.0519341 0.168345 0.349702
0 0.195111 0.582419 0.042623 0.164841 0.348519
0 0.530187 0.288787 0.011138 0.0237643 0.314967
0 0.932503 0.705651 0.0291734 0.106217 0.306614
0 0.888177 0.705072 0.0301414 0.100765 0.297867
0 0.0680462 0.256332 0.0258523 0.0512785 0.28587
0 0.790079 0.83714 0.0280442 0.0922351 0.283992
0 0.443967 0.648162 0.035972 0.178426 0.283368
0 0.8572 0.782811 0.0383507 0.0995054 0.269846
