0 0.826701 0.40851 0.029488 0.131812 0.861255
0 0.658415 0.314957 0.0499702 0.112958 0.765642
0 0.595201 0.868459 0.0326176 0.0755606 0.661786
0 0.873069 0.341607 0.0344971 0.149795 0.616198
0 0.442962 0.834874 0.0411639 0.133661 0.57797
0 0.290909 0.792851 0.030385 0.130444 0.551955
0 0.353137 0.588027 0.0374575 0.166384 0.53359
0 0.589477 0.3284 0.0346186 0.138987 0.528372
0 0.742023 0.427925 0.0619154 0.139623 0.500212
0 0.353214 0.856345 0.0360462 0.074534 0.48256
0 0.476782 0.431651 0.0303099 0.153062 0.475156
0 0.477658 0.410799 0.027223 0.110882 0.459668
0 0.918923 0.271148 0.0210815 0.043546 0.407903
0 0.268072 0.661318 0.0431088 0.202259 0.339905
0 0.442726 0.537622 0.0361366 0.206562 0.335845
0 0.318293 0.825218 0.0286222 0.117071 0.309218
0 0.799869 0.241368 0.0250774 0.0471604 0.281666
0 0.499031 0.419777 0.0240766 0.107047 0.262372
0 0.483268 0.52126 0.0560513 0.183725 0.254756
0 0.631477 0.222903 0.0202042 0.11843 0.251692
