0 0.569215 0.86532 0.0315845 0.0851423 0.754695
0 0.477323 0.428947 0.025552 0.128913 0.709332
0 0.340601 0.587582 0.0347039 0.167194 0.679938
0 0.736052 0.42918 0.0641003 0.133367 0.661817
0 0.460449 0.420746 0.0276794 0.129075 0.645865
0 0.813402 0.418417 0.0419873 0.15304 0.614896
0 0.897327 0.268727 0.0238586 0.0466728 0.581158
0 0.467885 0.576268 0.0437456 0.196809 0.565167
0 0.652646 0.309092 0.0542285 0.131061 0.545564
0 0.341043 0.863477 0.0368739 0.0956654 0.503848
0 0.583564 0.3338 0.0327642 0.150257 0.472774
0 0.870854 0.339505 0.0261658 0.157045 0.468013
0 0.49435 0.51893 0.0264269 0.197152 0.456008
0 0.277349 0.808997 0.0353307 0.160307 0.401934
0 0.304587 0.836645 0.0348125 0.141018 0.342347
0 0.462209 0.401191 0.024028 0.0886986 0.323174
0 0.651156 0.318811 0.0576233 0.0928071 0.306202
0 0.263651 0.644366 0.0372623 0.194359 0.301893
0 0.781352 0.239386 0.0223535 0.0416312 0.276911
0 0.971664 0.19438 0.0216591 0.0448168 0.262484
