0 0.257267 0.893114 0.034893 0.210295 0.820338
0 0.37166 0.46379 0.0314559 0.196107 0.710399
0 0.185861 0.353101 0.0320828 0.182136 0.6702
0 0.298784 0.35338 0.0306645 0.164508 0.545524
0 0.547378 0.615112 0.0460172 0.207832 0.515133
0 0.428127 0.253219 0.0307728 0.135948 0.490331
0 0.502715 0.394308 0.0320387 0.158201 0.431556
0 0.575115 0.500267 0.0278319 0.180688 0.431158
0 0.387735 0.187727 0.0257776 0.0446878 0.429865
0 0.752019 0.811448 0.0339464 0.146064 0.426427
0 0.229601 0.229121 0.0267261 0.0519458 0.310308
0 0.414224 0.181325 0.0203093 0.0405963 0.30531
0 0.309713 0.242198 0.0161216 0.0766298 0.279092
0 0.0937362 0.203042 0.0246454 0.0653867 0.266776
0 0.475713 0.372732 0.0268149 0.172386 0.258288
0 0.265359 0.221383 0.0238241 0.0463875 0.25821
0 0.0690968 0.273022 0.0220273 0.0516357 0.253672
0 0.602313 0.738244 0.054032 0.235706 0.253594
