0 0.512668 0.777112 0.047749 0.198018 0.726026
0 0.364601 0.625763 0.0503844 0.213007 0.675203
0 0.447777 0.515887 0.0399477 0.20689 0.633686
0 0.490905 0.363971 0.0366705 0.152958 0.592624
0 0.634083 0.563756 0.0547475 0.229041 0.55733
0 0.417309 0.444462 0.0318588 0.181173 0.430494
0 0.440507 0.303671 0.0350668 0.0844672 0.416662
0 0.545388 0.476359 0.0435118 0.180904 0.395908
0 0.25491 0.258596 0.0245569 0.0461513 0.353145
0 0.441194 0.318684 0.0372314 0.114077 0.299652
0 0.0170293 0.78219 0.0309775 0.248783 0.276739
0 0.210044 0.308666 0.0194077 0.138498 0.271668
