0 0.64706 0.347511 0.0471362 0.153792 0.770621
0 0.97836 0.345822 0.0426285 0.16626 0.770398
0 0.559574 0.803854 0.057644 0.146604 0.582961
0 0.734898 0.443324 0.0398403 0.161923 0.571632
0 0.48044 0.313326 0.0243315 0.1384 0.551262
0 0.462256 0.375668 0.033061 0.163891 0.53952
0 0.606396 0.154166 0.0236386 0.042564 0.477035
0 0.506543 0.738816 0.0487721 0.118742 0.458189
0 0.757184 0.31147 0.0247525 0.100672 0.433555
0 0.757381 0.337468 0.0275131 0.142457 0.432003
0 0.88672 0.228487 0.029143 0.0436013 0.393678
0 0.931468 0.238062 0.0267521 0.048885 0.366238
0 0.853543 0.220124 0.028947 0.0490656 0.36279
0 0.703561 0.17598 0.0257791 0.0558803 0.337345
0 0.162533 0.435542 0.0255231 0.0891392 0.268153
0 0.535842 0.135999 0.0205163 0.0406817 0.260314
0 0.43212 0.847839 0.0363476 0.0607419 0.253793
