0 0.580297 0.402816 0.0377407 0.174112 0.743131
0 0.629341 0.400261 0.0327463 0.138542 0.723284
0 0.212129 0.474162 0.0432478 0.19796 0.692679
0 0.211926 0.29844 0.0359836 0.159268 0.670094
0 0.317924 0.221368 0.024001 0.157303 0.626833
0 0.35932 0.352871 0.03585 0.14577 0.487894
0 0.48367 0.325597 0.0565778 0.177257 0.477194
0 0.241488 0.177287 0.0274796 0.0609207 0.467299
0 0.275602 0.169826 0.0220726 0.038634 0.421179
0 0.745765 0.839197 0.0332344 0.111262 0.367407
0 0.426099 0.439482 0.0735428 0.12028 0.293805
0 0.233727 0.205702 0.0247145 0.120226 0.280962
0 0.434064 0.535898 0.0428749 0.156548 0.270689
0 0.396752 0.133621 0.0243088 0.04503 0.265698
0 0.900289 0.87859 0.0343004 0.0999069 0.254933
0 0.396474 0.515158 0.0673847 0.191079 0.250564
