0 0.864169 0.481107 0.0423073 0.169498 0.734803
0 0.550109 0.776625 0.0692776 0.208465 0.610414
0 0.730009 0.230744 0.0259119 0.0479322 0.521733
0 0.388098 0.843845 0.0248229 0.0449111 0.446523
0 0.852292 0.267936 0.023756 0.0469522 0.438056
0 0.630671 0.210067 0.0229725 0.0382923 0.401382
0 0.411216 0.413212 0.022798 0.0731607 0.386358
0 0.968429 0.297201 0.0251375 0.0497461 0.375107
0 0.522613 0.410978 0.0431682 0.153145 0.369242
0 0.704516 0.175327 0.0212009 0.0610406 0.352726
0 0.558549 0.190172 0.0218463 0.04204 0.337408
0 0.903942 0.239714 0.0253254 0.0738222 0.331733
0 0.362859 0.541047 0.0463392 0.195858 0.319755
0 0.176282 0.491426 0.0279419 0.096383 0.294424
0 0.886261 0.276283 0.0295393 0.0549317 0.287256
0 0.408918 0.478484 0.0435229 0.188188 0.28053
0 0.19376 0.60347 0.0410391 0.162898 0.271216
