0 0.576579 0.616998 0.0289642 0.158963 0.737631
0 0.32289 0.457592 0.0446271 0.139627 0.676633
0 0.28267 0.367832 0.0247616 0.16177 0.650617
0 0.413075 0.32923 0.0247213 0.161687 0.629556
0 0.41612 0.577323 0.0600282 0.209476 0.625092
0 0.111954 0.467951 0.0277223 0.18375 0.498846
0 0.201534 0.314263 0.0282153 0.0594012 0.443564
0 0.598586 0.6944 0.0492626 0.213736 0.41063
0 0.457471 0.462835 0.0410854 0.153922 0.393425
0 0.445184 0.527803 0.0111239 0.0277034 0.391433
0 0.477697 0.659831 0.0487264 0.222134 0.389719
0 0.237937 0.313174 0.0240098 0.0388165 0.35465
0 0.0963543 0.346465 0.0185609 0.0512636 0.329262
0 0.391374 0.263917 0.023535 0.0436749 0.322491
0 0.0622006 0.294354 0.024562 0.0636181 0.282739
0 0.782569 0.623399 0.0293288 0.192239 0.264812
0 0.739789 0.910538 0.0367324 0.152647 0.257992
0 0.783331 0.638426 0.0233091 0.157816 0.256738
