0 0.212338 0.27161 0.0252445 0.0477843 0.551576
0 0.258969 0.336291 0.0228391 0.172816 0.510053
0 0.35242 0.408178 0.0351175 0.179003 0.442206
0 0.395567 0.434561 0.0445615 0.231763 0.421196
0 0.355037 0.298395 0.0384565 0.113921 0.406758
0 0.267632 0.196816 0.0189882 0.0697858 0.376614
0 0.422379 0.62547 0.0546041 0.222398 0.375173
0 0.0588907 0.312031 0.0213349 0.0540503 0.360717
0 0.348589 0.230734 0.0278236 0.0557535 0.357181
0 0.212897 0.210931 0.0193781 0.0721517 0.307814
0 0.373909 0.226164 0.0237141 0.0460963 0.29777
0 0.23256 0.209236 0.0231829 0.0527441 0.277174
0 0.0113848 0.526398 0.0212075 0.104914 0.260355
0 0.295226 0.246596 0.0254529 0.0558288 0.250984
