0 0.810922 0.287117 0.0507242 0.155046 0.766961
0 0.713088 0.599193 0.041942 0.153852 0.762496
0 0.439363 0.353609 0.048089 0.130766 0.670742
0 0.527526 0.329682 0.0419295 0.138888 0.616705
0 0.625883 0.24575 0.0332468 0.119784 0.608964
0 0.764664 0.310105 0.0386556 0.132154 0.59384
0 0.381346 0.473837 0.0413726 0.186222 0.478746
0 0.629704 0.394678 0.0444597 0.177435 0.473034
0 0.630669 0.237635 0.0229758 0.102446 0.446072
0 0.391795 0.83311 0.0355601 0.0804504 0.40738
0 0.432951 0.81787 0.0477661 0.117242 0.375273
0 0.942419 0.23773 0.0215065 0.0433118 0.350148
0 0.877058 0.219307 0.0268108 0.0492813 0.328751
0 0.452989 0.763227 0.056525 0.20594 0.310182
0 0.445755 0.732518 0.0403027 0.140472 0.281734
0 0.163276 0.298537 0.0248426 0.0695207 0.277916
0 0.793513 0.200769 0.0175999 0.0490824 0.273704
0 0.452229 0.73625 0.0512411 0.152246 0.265468
