0 0.75016 0.436847 0.0554317 0.179757 0.691376
0 0.6034 0.234551 0.0197927 0.108713 0.690569
0 0.427752 0.512959 0.0687145 0.179692 0.517877
0 0.392686 0.285645 0.0579226 0.135728 0.502072
0 0.648932 0.325172 0.0393995 0.138857 0.495728
0 0.0543877 0.631957 0.042874 0.164097 0.482013
0 0.323963 0.601141 0.0368542 0.18246 0.467784
0 0.359092 0.816622 0.0245814 0.121259 0.466373
0 0.562992 0.239237 0.01966 0.113602 0.444749
0 0.0454162 0.631857 0.0599333 0.161501 0.443153
0 0.656151 0.657277 0.0681184 0.192559 0.399619
0 0.173064 0.867515 0.0417157 0.117122 0.313037
0 0.401897 0.283112 0.0305887 0.1295 0.308033
0 0.0878134 0.84843 0.0388877 0.0964192 0.277092
0 0.209158 0.137586 0.0242852 0.0346114 0.263238
0 0.509093 0.773863 0.0463269 0.19235 0.260376
