0 0.239314 0.125946 0.0255362 0.0552592 0.721826
0 0.582328 0.353625 0.0326949 0.190666 0.630797
0 0.317636 0.181217 0.0253366 0.16123 0.583775
0 0.19946 0.264383 0.0426255 0.162746 0.577465
0 0.474205 0.269533 0.0288197 0.144888 0.546995
0 0.450955 0.639568 0.0464281 0.228299 0.452523
0 0.474967 0.417519 0.0474688 0.196106 0.401461
0 0.274036 0.121867 0.0231553 0.042797 0.390828
0 0.196036 0.488838 0.0412231 0.216922 0.348698
0 0.925652 0.855318 0.0369511 0.0885793 0.344455
0 0.409464 0.603182 0.0592882 0.202461 0.28169
0 0.50422 0.230359 0.0423996 0.140659 0.275269
0 0.768854 0.722008 0.0387112 0.151161 0.266569
0 0.134952 0.154368 0.0163946 0.0521888 0.257233
